-129.315
-132.712
-132.734
-136.082
-136.094
-136.002
-132.759
-132.768
-136.068
-132.728
-132.714
-132.731
-132.659
-132.735
-132.751
-132.806
-136.242
-139.657
-143.064
-149.959
-160.419
-163.965
-167.554
-181.439
-202.479
-216.418
-226.77
-240.855
-247.713
-258.139
-268.654
-275.602
-279.251
-296.651
-300.095
-300.302
-303.709
-314.056
-310.622
-310.617
-310.606
-310.523
-303.729
-300.113
-293.324
-286.479
-286.158
-279.322
-275.676
-254.903
-247.812
-237.305
-233.745
-212.992
-202.521
-188.524
-160.515
-146.687
-142.949
-129.136
-122.115
-118.69
-118.546
-115.372
-115.35
-115.322
-115.34
-118.591
-118.64
-122.055
-122.058
-122.072
-122.137
-122.087
-118.762
-122.027
-118.742
-118.753
-118.79
-132.501
-122.168
-122.168
-122.168
-122.168
-122.168
-122.168
-122.168
-122.168
-122.168
-122.168
-122.168
-122.168
-122.168
-122.168
-122.168
-122.168
-122.168
-122.168
-122.168
-122.168
-122.168
-122.168
-122.168
-122.168
-122.168
-122.168
-122.168
-122.168
-122.168
-122.168
-122.168
-122.168
-122.168
-122.168
-122.168
-122.168
-122.168
-122.168
-122.168
-122.168
-122.168
-122.168
-122.168
-122.168
-122.168
-122.168
-122.168
-122.168
-122.168
-122.168
