314.011
314.067
314.048
314.101
310.759
314.058
314.039
317.442
321.061
320.99
317.48
317.491
320.919
320.918
317.645
320.918
320.949
310.644
303.798
303.611
300.265
303.414
300.09
296.633
289.796
279.279
272.301
268.829
268.549
265.149
261.595
251.343
251.202
244.268
244.119
240.657
237.411
240.647
233.901
233.889
237.248
237.382
237.342
237.327
237.302
233.941
233.916
237.156
244.366
251.287
261.618
265.147
268.822
275.787
289.66
296.522
300.217
307.185
314.029
324.521
324.602
324.582
331.274
327.97
331.285
324.555
324.444
324.483
324.47
324.456
324.408
321.129
321.092
324.418
324.42
321.115
321.094
324.391
324.445
317.532
320.992
320.992
320.992
320.992
320.992
320.992
320.992
320.992
320.992
320.992
320.992
320.992
320.992
320.992
320.992
320.992
320.992
320.992
320.992
320.992
320.992
320.992
320.992
320.992
320.992
320.992
320.992
320.992
320.992
320.992
320.992
320.992
320.992
320.992
320.992
320.992
320.992
320.992
320.992
320.992
320.992
320.992
320.992
320.992
320.992
320.992
320.992
320.992
320.992
320.992
