-139.689
-139.722
-139.68
-139.7
-139.654
-139.641
-139.674
-139.599
-139.536
-139.553
-139.519
-139.572
-139.588
-139.632
-142.928
-150.011
-170.921
-191.94
-219.87
-247.741
-255.029
-289.647
-307.334
-317.776
-349.644
-349.509
-314.138
-307.027
-258.368
-251.29
-216.409
-174.389
-142.843
-118.494
-122.305
-136.21
-150.091
-167.449
-171.129
-188.623
-195.454
-195.603
-198.958
-195.756
-195.531
-192.101
-188.3
-167.765
-167.241
-142.952
-132.462
-125.549
-132.815
-139.632
-139.762
-139.858
-139.871
-139.839
-139.883
-142.941
-142.959
-139.667
-139.579
-139.554
-139.573
-139.628
-142.899
-142.975
-139.798
-143.092
-143.1
-143.058
-143.113
-146.63
-146.514
-146.505
-146.456
-146.489
-143.095
-146.456
-146.44
-143.084
-146.444
-146.447
-143.087
-143.083
-142.961
-142.978
-136.203
-143.136
-143.136
-143.136
-143.136
-143.136
-143.136
-143.136
-143.136
-143.136
-143.136
-143.136
-143.136
-143.136
-143.136
-143.136
-143.136
-143.136
-143.136
-143.136
-143.136
-143.136
-143.136
-143.136
-143.136
-143.136
-143.136
-143.136
-143.136
-143.136
-143.136
-143.136
-143.136
-143.136
-143.136
-143.136
-143.136
-143.136
-143.136
-143.136
-143.136
-143.136
