328.161
331.428
331.45
331.491
331.498
331.502
331.507
331.53
331.528
331.559
331.649
331.653
334.917
334.886
331.464
328.16
328.01
321.024
303.698
293.136
272.185
254.994
254.799
247.879
-433.37
-433.381
251.323
268.615
261.776
296.664
299.979
321.064
334.932
341.917
338.472
335.122
331.434
331.392
324.587
327.895
327.894
324.501
324.581
324.672
331.23
331.426
328.178
331.246
331.729
335.025
338.657
335.098
338.4
335.047
335.042
334.933
335.059
335.039
334.913
334.937
334.958
335.078
335.072
335.034
335.097
331.68
334.859
335.066
334.964
334.955
334.982
334.794
334.853
331.531
334.813
334.807
334.91
335.005
334.921
334.801
335.009
334.962
331.695
334.869
334.883
334.928
334.865
338.38
328.159
331.75
331.75
331.75
331.75
331.75
331.75
331.75
331.75
331.75
331.75
331.75
331.75
331.75
331.75
331.75
331.75
331.75
331.75
331.75
331.75
331.75
331.75
331.75
331.75
331.75
331.75
331.75
331.75
331.75
331.75
331.75
331.75
331.75
331.75
331.75
331.75
331.75
331.75
331.75
331.75
331.75
