133.616
155.711
152.364
142.552
144.374
162.777
143.654
139.028
152.566
159.521
172.986
168.561
180.199
202.493
197.594
222.242
234.808
238.811
255.292
282.542
301.157
286.281
316.584
328.479
318.893
327.98
324.939
313.332
310.936
292.259
289.226
290.761
249.4
250.807
233.226
197.898
185.09
180.539
177.101
142.13
131.786
139.378
147.713
153.615
172.515
159.156
159.132
196.517
187.402
214.912
234.853
212.145
238.355
247.634
257.86
250.554
244.563
249.505
237.365
245.86
226.988
204.914
203.038
188.54
202.09
175.064
156.14
151.808
161.14
145.363
126.935
146.739
152.226
147.815
167.78
177.005
191.659
187.678
221.446
214.227
217.348
220.809
233.181
235.093
226.081
243.017
238.558
223.956
211.14
205.582
193.155
184.078
162.362
156.909
150.726
128.739
136.517
120.461
126.468
112.512
144.822
139.962
147.042
148.044
142.556
167.65
153.056
152.221
168.269
160.212
157.144
168.076
156.938
149.643
153.585
161.537
139.746
153.676
155.25
126.04
129.792
157.694
132.32
155.646
141.188
133.696
145.078
127.83
127.83
127.83
