139.616
142.711
137.364
134.552
132.374
136.777
140.654
147.028
165.566
150.521
158.986
184.561
175.199
196.493
196.594
207.242
240.808
245.811
257.292
283.542
292.157
294.281
300.584
311.479
324.893
316.98
320.939
312.332
311.936
294.259
277.226
274.761
249.4
241.807
222.226
202.898
182.09
169.539
159.101
141.13
136.786
142.378
128.713
136.615
164.515
169.156
166.132
185.517
188.402
208.912
213.853
218.145
233.355
240.634
254.86
243.554
243.563
248.505
246.365
233.86
218.988
216.914
211.038
191.54
177.09
170.064
158.14
152.808
145.14
118.363
131.935
128.739
148.226
147.815
157.78
181.005
171.659
194.678
198.446
202.227
207.348
237.809
235.181
240.093
220.081
233.017
220.558
222.956
214.14
205.582
203.155
189.078
188.362
164.909
145.726
151.739
130.517
121.461
117.468
129.512
120.822
135.962
143.042
158.044
150.556
153.65
148.056
143.221
160.269
168.212
161.144
164.076
146.938
136.643
149.585
145.537
142.746
147.676
135.25
132.04
137.792
133.694
125.32
133.646
148.188
131.696
124.078
133.83
133.83
133.83
