-129.616
-132.711
-124.364
-127.552
-129.374
-127.777
-132.654
-137.028
-136.566
-146.521
-157.986
-156.561
-160.199
-182.493
-189.594
-211.242
-221.808
-229.811
-244.292
-263.542
-268.157
-281.281
-292.584
-299.479
-306.893
-306.98
-308.939
-296.332
-301.936
-281.259
-267.226
-257.761
-244.4
-228.807
-211.226
-186.898
-178.09
-160.539
-146.101
-137.13
-122.786
-118.378
-126.713
-133.615
-146.515
-152.156
-152.132
-176.517
-178.402
-195.912
-206.853
-206.145
-219.355
-234.634
-228.86
-232.554
-227.563
-225.505
-232.365
-228.86
-214.988
-202.914
-200.038
-177.54
-166.09
-159.064
-152.14
-139.808
-138.14
-124.363
-113.935
-121.739
-133.226
-135.815
-141.78
-159.005
-167.659
-176.678
-195.446
-198.227
-201.348
-213.809
-223.181
-221.093
-220.081
-221.017
-218.558
-206.956
-196.14
-197.582
-187.155
-173.078
-168.362
-143.909
-139.726
-134.739
-110.517
-117.461
-111.468
-110.512
-115.822
-120.962
-125.042
-138.044
-139.556
-140.65
-140.056
-144.221
-138.269
-143.212
-140.144
-144.076
-142.938
-136.643
-135.585
-139.537
-127.746
-134.676
-131.25
-126.04
-122.792
-127.694
-117.32
-122.646
-129.188
-126.696
-126.078
-126.83
-126.83
-126.83
