158.616
144.711
147.364
133.552
138.374
147.777
152.654
164.028
159.566
171.521
170.986
164.561
190.199
196.493
197.594
220.242
231.808
260.811
271.292
284.542
290.157
282.281
324.584
316.479
324.893
334.98
302.939
293.332
316.936
310.259
287.226
263.761
258.4
254.807
228.226
198.898
186.09
174.539
177.101
148.13
127.786
144.378
153.713
143.615
165.515
149.156
169.132
191.517
193.402
206.912
224.853
219.145
218.355
225.634
256.86
244.554
240.563
234.505
259.365
243.86
223.988
217.914
195.038
205.54
176.09
184.064
147.14
168.808
163.14
145.363
120.935
152.739
144.226
152.815
151.78
188.005
174.659
180.678
209.446
211.227
207.348
208.809
235.181
225.093
230.081
229.017
229.558
226.956
211.14
210.582
198.155
187.078
183.362
160.909
146.726
142.739
134.517
128.461
135.468
137.512
122.822
128.962
146.042
147.044
148.556
157.65
174.056
162.221
151.269
153.212
161.144
159.076
156.938
156.643
149.585
148.537
153.746
131.676
157.25
153.04
125.792
135.694
139.32
138.646
136.188
140.696
151.078
141.83
141.83
141.83
