134.616
140.711
141.364
148.552
141.374
137.777
141.654
140.028
144.566
144.521
165.986
166.561
184.199
191.493
190.594
215.242
231.808
249.811
247.292
282.542
274.157
280.281
306.584
302.479
314.893
318.98
322.939
310.332
296.936
285.259
271.226
273.761
250.4
237.807
222.226
205.898
187.09
157.539
150.101
139.13
126.786
126.378
138.713
143.615
145.515
162.156
164.132
185.517
189.402
202.912
215.853
212.145
228.355
244.634
239.86
235.554
236.563
248.505
240.365
229.86
220.988
223.914
212.038
183.54
185.09
168.064
153.14
145.808
138.14
136.363
120.935
127.739
149.226
149.815
153.78
171.005
181.659
177.678
208.446
218.227
214.348
211.809
232.181
225.093
224.081
222.017
224.558
204.956
213.14
208.582
191.155
178.078
170.362
159.909
148.726
143.739
115.517
121.461
129.468
136.512
124.822
125.962
133.042
144.044
138.556
154.65
143.056
146.221
152.269
155.212
165.144
152.076
153.938
150.643
143.585
142.537
150.746
140.676
135.25
128.04
140.792
133.694
122.32
138.646
146.188
128.696
136.078
127.83
127.83
127.83
