-114.616
-115.711
-109.364
-118.552
-108.374
-111.777
-122.654
-117.028
-112.566
-125.521
-143.986
-133.561
-148.199
-171.493
-173.594
-205.242
-209.808
-220.811
-237.292
-243.542
-254.157
-264.281
-284.584
-289.479
-309.893
-284.98
-301.939
-268.332
-301.936
-269.259
-276.226
-235.761
-224.4
-219.807
-200.226
-181.898
-154.09
-138.539
-147.101
-120.13
-116.786
-91.378
-105.713
-130.615
-123.515
-126.156
-139.132
-179.517
-178.402
-190.912
-192.853
-182.145
-200.355
-220.634
-213.86
-218.554
-210.563
-219.505
-207.365
-206.86
-190.988
-186.914
-184.038
-174.54
-151.09
-140.064
-137.14
-116.808
-119.14
-110.363
-100.935
-108.739
-119.226
-125.815
-131.78
-171.005
-143.659
-163.678
-168.446
-193.227
-190.348
-205.809
-228.181
-203.093
-211.081
-189.017
-200.558
-186.956
-182.14
-177.582
-183.155
-154.078
-148.362
-136.909
-129.726
-119.739
-100.517
-110.461
-88.468
-95.512
-99.822
-105.962
-116.042
-123.044
-118.556
-124.65
-134.056
-125.221
-120.269
-148.212
-118.144
-123.076
-130.938
-125.643
-127.585
-108.537
-126.746
-106.676
-97.25
-116.04
-111.792
-125.694
-106.32
-128.646
-98.188
-117.696
-111.078
-102.83
-102.83
-102.83
