142.616
134.711
142.364
145.552
141.374
146.777
139.654
154.028
158.566
153.521
171.986
174.561
173.199
192.493
194.594
218.242
241.808
235.811
247.292
290.542
284.157
282.281
319.584
315.479
312.893
319.98
329.939
308.332
325.936
286.259
280.226
266.761
252.4
242.807
227.226
208.898
186.09
169.539
158.101
165.13
125.786
122.378
139.713
151.615
160.515
149.156
166.132
185.517
192.402
205.912
214.853
212.145
232.355
235.634
251.86
232.554
241.563
240.505
247.365
234.86
228.988
204.914
213.038
195.54
172.09
169.064
155.14
144.808
149.14
128.363
131.935
143.739
154.226
151.815
157.78
165.005
176.659
180.678
198.446
208.227
219.348
218.809
229.181
238.093
232.081
219.017
233.558
209.956
208.14
197.582
197.155
177.078
193.362
160.909
140.726
144.739
112.517
140.461
130.468
131.512
128.822
119.962
142.042
151.044
154.556
154.65
147.056
145.221
150.269
152.212
154.144
160.076
151.938
153.643
144.585
163.537
137.746
139.676
148.25
135.04
139.792
133.694
128.32
140.646
133.188
125.696
145.078
129.83
129.83
129.83
