145.616
134.711
135.364
136.552
137.374
136.777
137.654
145.028
155.566
156.521
165.986
170.561
179.199
193.493
189.594
224.242
232.808
247.811
258.292
272.542
277.157
278.281
311.584
310.479
322.893
322.98
304.939
298.332
310.936
294.259
273.226
264.761
250.4
242.807
221.226
194.898
188.09
162.539
164.101
147.13
126.786
138.378
141.713
138.615
153.515
147.156
163.132
181.517
192.402
196.912
214.853
212.145
221.355
226.634
246.86
238.554
232.563
223.505
247.365
237.86
213.988
212.914
199.038
196.54
169.09
180.064
152.14
162.808
147.14
133.363
119.935
135.739
136.226
149.815
149.78
187.005
174.659
170.678
197.446
201.227
201.348
209.809
229.181
215.093
226.081
219.017
221.558
214.956
205.14
206.582
198.155
175.078
170.362
150.909
140.726
135.739
127.517
123.461
124.468
129.512
119.822
122.962
140.042
137.044
146.556
149.65
166.056
152.221
150.269
147.212
152.144
148.076
158.938
148.643
148.585
145.537
148.746
129.676
146.25
143.04
129.792
131.694
129.32
136.646
135.188
130.696
140.078
123.83
123.83
123.83
