-110.616
-108.711
-133.364
-116.552
-113.374
-133.777
-131.654
-107.028
-129.566
-123.521
-150.986
-149.561
-150.199
-168.493
-183.594
-195.242
-200.808
-220.811
-237.292
-245.542
-261.157
-272.281
-290.584
-282.479
-284.893
-288.98
-286.939
-273.332
-299.936
-274.259
-263.226
-251.761
-231.4
-207.807
-216.226
-184.898
-162.09
-142.539
-147.101
-120.13
-109.786
-109.378
-117.713
-119.615
-131.515
-133.156
-150.132
-172.517
-170.402
-192.912
-199.853
-207.145
-197.355
-228.634
-224.86
-227.554
-216.563
-227.505
-220.365
-213.86
-201.988
-178.914
-177.038
-181.54
-158.09
-151.064
-136.14
-131.808
-121.14
-111.363
-102.935
-101.739
-122.226
-145.815
-137.78
-137.005
-145.659
-157.678
-179.446
-183.227
-182.348
-203.809
-209.181
-213.093
-205.081
-218.017
-208.558
-182.956
-181.14
-184.582
-172.155
-158.078
-146.362
-136.909
-124.726
-121.739
-101.517
-110.461
-104.468
-107.512
-95.822
-106.962
-122.042
-123.044
-118.556
-127.65
-126.056
-137.221
-127.269
-125.212
-148.144
-134.076
-132.938
-131.643
-128.585
-130.537
-120.746
-115.676
-130.25
-124.04
-114.792
-120.694
-104.32
-103.646
-117.188
-113.696
-106.078
-110.83
-110.83
-110.83
