140.616
140.711
132.364
140.552
137.374
139.777
139.654
135.028
147.566
152.521
157.986
172.561
166.199
188.493
189.594
213.242
222.808
245.811
248.292
275.542
276.157
287.281
302.584
305.479
314.893
314.98
303.939
296.332
306.936
286.259
280.226
257.761
250.4
226.807
217.226
193.898
191.09
167.539
150.101
143.13
130.786
132.378
135.713
135.615
141.515
155.156
163.132
189.517
179.402
205.912
219.853
214.145
228.355
235.634
232.86
231.554
226.563
227.505
232.365
232.86
219.988
206.914
200.038
193.54
182.09
167.064
152.14
138.808
136.14
119.363
119.935
131.739
140.226
137.815
147.78
170.005
180.659
180.678
207.446
208.227
201.348
220.809
226.181
227.093
225.081
224.017
221.558
212.956
206.14
195.582
195.155
180.078
164.362
151.909
139.726
140.739
117.517
128.461
125.468
129.512
125.822
131.962
129.042
134.044
146.556
147.65
150.056
149.221
146.269
151.212
139.144
147.076
151.938
139.643
152.585
147.537
130.746
134.676
136.25
137.04
121.792
137.694
126.32
126.646
135.188
119.696
131.078
132.83
132.83
132.83
