142.616
135.711
130.364
137.552
133.374
130.777
128.654
139.028
147.566
150.521
160.986
167.561
172.199
190.493
185.594
206.242
227.808
231.811
248.292
278.542
270.157
277.281
304.584
306.479
309.893
307.98
314.939
299.332
307.936
283.259
270.226
260.761
246.4
233.807
223.226
193.898
181.09
165.539
153.101
143.13
124.786
119.378
129.713
139.615
149.515
149.156
165.132
182.517
187.402
203.912
206.853
203.145
227.355
236.634
241.86
232.554
234.563
233.505
240.365
230.86
210.988
208.914
203.038
185.54
174.09
162.064
148.14
139.808
141.14
125.363
128.935
133.739
143.226
138.815
148.78
163.005
170.659
172.678
195.446
200.227
203.348
215.809
225.181
229.093
227.081
217.017
224.558
204.956
200.14
197.582
194.155
174.078
172.362
149.909
142.726
136.739
114.517
124.461
125.468
116.512
117.822
120.962
138.042
141.044
148.556
143.65
143.056
139.221
147.269
144.212
145.144
143.076
144.938
141.643
141.585
144.537
134.746
138.676
138.25
126.04
134.792
134.694
127.32
126.646
129.188
123.696
138.078
123.83
123.83
123.83
