-124.616
-130.711
-125.364
-129.552
-121.374
-132.777
-117.654
-137.028
-140.566
-128.521
-146.986
-144.561
-156.199
-171.493
-179.594
-212.242
-225.808
-218.811
-241.292
-257.542
-261.157
-274.281
-298.584
-293.479
-294.893
-299.98
-295.939
-293.332
-282.936
-259.259
-264.226
-249.761
-241.4
-217.807
-210.226
-182.898
-165.09
-152.539
-141.101
-127.13
-124.786
-111.378
-116.713
-127.615
-147.515
-142.156
-153.132
-165.517
-175.402
-188.912
-207.853
-193.145
-208.355
-223.634
-223.86
-214.554
-223.563
-232.505
-219.365
-208.86
-217.988
-193.914
-186.038
-173.54
-167.09
-156.064
-131.14
-133.808
-133.14
-112.363
-120.935
-113.739
-139.226
-142.815
-136.78
-153.005
-162.659
-169.678
-188.446
-206.227
-189.348
-212.809
-208.181
-205.093
-208.081
-208.017
-210.558
-186.956
-199.14
-187.582
-181.155
-167.078
-158.362
-129.909
-132.726
-129.739
-100.517
-119.461
-103.468
-113.512
-111.822
-116.962
-118.042
-143.044
-124.556
-131.65
-139.056
-147.221
-131.269
-134.212
-132.144
-140.076
-127.938
-131.643
-140.585
-135.537
-131.746
-128.676
-118.25
-127.04
-108.792
-125.694
-120.32
-124.646
-118.188
-115.696
-119.078
-122.83
-122.83
-122.83
