131.616
143.711
145.364
143.552
131.374
133.777
139.654
147.028
148.566
152.521
158.986
165.561
166.199
186.493
196.594
206.242
228.808
235.811
259.292
274.542
272.157
285.281
305.584
304.479
305.893
319.98
307.939
312.332
302.936
276.259
278.226
270.761
248.4
232.807
233.226
198.898
187.09
166.539
160.101
150.13
127.786
130.378
124.713
147.615
144.515
146.156
168.132
178.517
186.402
212.912
203.853
217.145
229.355
235.634
228.86
236.554
239.563
245.505
232.365
231.86
215.988
217.914
200.038
185.54
172.09
174.064
154.14
146.808
147.14
135.363
121.935
126.739
146.226
144.815
156.78
172.005
174.659
181.678
201.446
206.227
208.348
214.809
230.181
220.093
232.081
227.017
221.558
214.956
207.14
195.582
191.155
178.078
166.362
150.909
151.726
137.739
122.517
123.461
122.468
127.512
129.822
117.962
125.042
138.044
143.556
148.65
144.056
152.221
158.269
151.212
158.144
152.076
147.938
140.643
138.585
133.537
140.746
143.676
135.25
133.04
126.792
137.694
121.32
131.646
140.188
133.696
142.078
125.83
125.83
125.83
