-129.616
-125.711
-129.364
-135.552
-116.374
-131.777
-128.654
-129.028
-131.566
-135.521
-147.986
-161.561
-156.199
-185.493
-181.594
-199.242
-209.808
-232.811
-236.292
-261.542
-267.157
-275.281
-293.584
-303.479
-303.893
-305.98
-301.939
-303.332
-299.936
-272.259
-273.226
-258.761
-237.4
-225.807
-214.226
-196.898
-175.09
-153.539
-140.101
-123.13
-127.786
-115.378
-118.713
-126.615
-133.515
-146.156
-157.132
-168.517
-173.402
-200.912
-204.853
-200.145
-223.355
-230.634
-232.86
-233.554
-232.563
-216.505
-217.365
-219.86
-209.988
-199.914
-190.038
-179.54
-169.09
-156.064
-149.14
-137.808
-133.14
-115.363
-110.935
-119.739
-134.226
-132.815
-150.78
-161.005
-163.659
-170.678
-185.446
-187.227
-196.348
-200.809
-217.181
-214.093
-215.081
-224.017
-216.558
-195.956
-197.14
-193.582
-176.155
-167.078
-168.362
-151.909
-138.726
-122.739
-105.517
-113.461
-107.468
-111.512
-113.822
-112.962
-133.042
-137.044
-131.556
-128.65
-141.056
-135.221
-131.269
-138.212
-141.144
-138.076
-136.938
-127.643
-130.585
-128.537
-131.746
-130.676
-133.25
-127.04
-126.792
-119.694
-122.32
-116.646
-122.188
-121.696
-119.078
-129.83
-129.83
-129.83
