-128.616
-126.711
-123.364
-133.552
-116.374
-118.777
-133.654
-137.028
-141.566
-148.521
-145.986
-140.561
-157.199
-174.493
-178.594
-193.242
-211.808
-223.811
-241.292
-267.542
-265.157
-267.281
-293.584
-287.479
-301.893
-305.98
-293.939
-289.332
-288.936
-273.259
-264.226
-256.761
-231.4
-211.807
-207.226
-182.898
-169.09
-146.539
-143.101
-124.13
-124.786
-109.378
-114.713
-120.615
-145.515
-139.156
-154.132
-153.517
-174.402
-186.912
-196.853
-187.145
-207.355
-234.634
-229.86
-222.554
-215.563
-224.505
-222.365
-222.86
-209.988
-194.914
-196.038
-158.54
-160.09
-150.064
-137.14
-138.808
-130.14
-113.363
-105.935
-104.739
-130.226
-125.815
-136.78
-155.005
-159.659
-165.678
-190.446
-194.227
-198.348
-201.809
-217.181
-209.093
-203.081
-209.017
-213.558
-196.956
-189.14
-189.582
-178.155
-171.078
-160.362
-146.909
-128.726
-119.739
-104.517
-118.461
-113.468
-106.512
-119.822
-108.962
-119.042
-132.044
-134.556
-141.65
-138.056
-134.221
-136.269
-134.212
-138.144
-134.076
-139.938
-136.643
-128.585
-139.537
-127.746
-127.676
-123.25
-122.04
-116.792
-112.694
-113.32
-119.646
-126.188
-114.696
-119.078
-119.83
-119.83
-119.83
