145.616
140.711
139.364
141.552
134.374
137.777
142.654
147.028
174.566
162.521
166.986
191.561
176.199
204.493
201.594
211.242
254.808
242.811
263.292
294.542
290.157
300.281
307.584
323.479
321.893
312.98
315.939
320.332
314.936
295.259
280.226
276.761
246.4
248.807
223.226
203.898
189.09
171.539
161.101
147.13
141.786
155.378
135.713
143.615
162.515
168.156
174.132
180.517
187.402
211.912
217.853
223.145
231.355
245.634
260.86
248.554
243.563
248.505
247.365
242.86
217.988
220.914
212.038
199.54
177.09
182.064
164.14
159.808
152.14
123.363
133.935
130.739
158.226
142.815
159.78
191.005
177.659
201.678
205.446
206.227
211.348
231.809
241.181
254.093
233.081
240.017
222.558
223.956
210.14
208.582
204.155
187.078
191.362
167.909
150.726
161.739
135.517
116.461
130.468
135.512
125.822
134.962
146.042
160.044
162.556
153.65
158.056
140.221
163.269
173.212
163.144
176.076
149.938
143.643
158.585
150.537
144.746
143.676
143.25
145.04
144.792
134.694
137.32
141.646
157.188
132.696
120.078
144.83
144.83
144.83
