-119.616
-130.711
-114.364
-116.552
-110.374
-121.777
-110.654
-138.028
-145.566
-129.521
-139.986
-144.561
-145.199
-155.493
-177.594
-197.242
-222.808
-223.811
-229.292
-254.542
-249.157
-267.281
-296.584
-288.479
-290.893
-302.98
-292.939
-286.332
-272.936
-242.259
-258.226
-234.761
-235.4
-212.807
-204.226
-173.898
-161.09
-157.539
-139.101
-125.13
-107.786
-95.378
-103.713
-130.615
-145.515
-135.156
-146.132
-157.517
-164.402
-190.912
-204.853
-186.145
-202.355
-218.634
-212.86
-209.554
-212.563
-227.505
-220.365
-195.86
-211.988
-177.914
-187.038
-168.54
-165.09
-156.064
-129.14
-122.808
-131.14
-112.363
-122.935
-103.739
-143.226
-140.815
-141.78
-149.005
-160.659
-174.678
-179.446
-200.227
-189.348
-211.809
-198.181
-193.093
-210.081
-198.017
-206.558
-180.956
-194.14
-182.582
-183.155
-162.078
-159.362
-127.909
-135.726
-116.739
-96.517
-107.461
-91.468
-110.512
-109.822
-112.962
-112.042
-135.044
-120.556
-129.65
-133.056
-142.221
-132.269
-127.212
-130.144
-140.076
-121.938
-132.643
-140.585
-130.537
-118.746
-119.676
-109.25
-116.04
-91.792
-121.694
-111.32
-106.646
-106.188
-117.696
-117.078
-114.83
-114.83
-114.83
