-129.616
-118.711
-124.364
-138.552
-120.374
-132.777
-126.654
-123.028
-131.566
-124.521
-139.986
-156.561
-153.199
-179.493
-179.594
-196.242
-201.808
-220.811
-234.292
-260.542
-262.157
-272.281
-288.584
-303.479
-294.893
-300.98
-294.939
-297.332
-293.936
-264.259
-263.226
-250.761
-234.4
-223.807
-214.226
-200.898
-173.09
-146.539
-130.101
-116.13
-120.786
-114.378
-109.713
-116.615
-125.515
-145.156
-143.132
-166.517
-165.402
-200.912
-209.853
-191.145
-215.355
-222.634
-234.86
-223.554
-230.563
-213.505
-210.365
-211.86
-211.988
-192.914
-181.038
-179.54
-155.09
-156.064
-153.14
-131.808
-133.14
-113.363
-104.935
-121.739
-120.226
-131.815
-152.78
-164.005
-154.659
-164.678
-181.446
-178.227
-192.348
-190.809
-209.181
-219.093
-206.081
-217.017
-208.558
-187.956
-200.14
-182.582
-170.155
-156.078
-170.362
-150.909
-134.726
-121.739
-108.517
-112.461
-105.468
-111.512
-100.822
-106.962
-131.042
-137.044
-116.556
-122.65
-136.056
-132.221
-129.269
-136.212
-138.144
-136.076
-136.938
-130.643
-122.585
-116.537
-124.746
-121.676
-126.25
-119.04
-118.792
-116.694
-121.32
-115.646
-122.188
-115.696
-112.078
-133.83
-133.83
-133.83
