140.616
132.711
131.364
135.552
134.374
134.777
136.654
139.028
149.566
156.521
159.986
159.561
168.199
179.493
191.594
216.242
216.808
236.811
245.292
270.542
275.157
275.281
298.584
305.479
304.893
305.98
310.939
296.332
295.936
282.259
270.226
268.761
241.4
231.807
221.226
195.898
180.09
160.539
155.101
133.13
133.786
126.378
128.713
131.615
147.515
151.156
160.132
175.517
190.402
197.912
209.853
211.145
230.355
236.634
235.86
232.554
227.563
228.505
228.365
224.86
221.988
208.914
201.038
184.54
180.09
172.064
149.14
143.808
139.14
124.363
120.935
122.739
138.226
142.815
151.78
166.005
170.659
182.678
201.446
209.227
198.348
215.809
226.181
223.093
226.081
224.017
224.558
214.956
201.14
198.582
192.155
176.078
171.362
143.909
139.726
140.739
112.517
122.461
113.468
113.512
122.822
117.962
132.042
135.044
142.556
144.65
153.056
152.221
141.269
146.212
151.144
145.076
144.938
144.643
144.585
138.537
139.746
140.676
126.25
127.04
129.792
126.694
123.32
124.646
126.188
127.696
127.078
127.83
127.83
127.83
