146.616
141.711
140.364
153.552
147.374
149.777
145.654
143.028
163.566
163.521
167.986
185.561
178.199
204.493
193.594
224.242
223.808
255.811
249.292
282.542
287.157
300.281
303.584
310.479
327.893
324.98
319.939
310.332
316.936
297.259
277.226
268.761
252.4
240.807
231.226
198.898
200.09
168.539
167.101
153.13
144.786
130.378
135.713
145.615
154.515
162.156
179.132
199.517
183.402
211.912
229.853
214.145
243.355
245.634
232.86
238.554
240.563
232.505
235.365
248.86
229.988
209.914
212.038
213.54
186.09
168.064
151.14
146.808
142.14
127.363
129.935
141.739
153.226
131.815
150.78
171.005
191.659
182.678
204.446
219.227
208.348
230.809
229.181
229.093
228.081
225.017
224.558
219.956
214.14
211.582
204.155
194.078
168.362
159.909
149.726
144.739
123.517
145.461
119.468
132.512
122.822
132.962
131.042
147.044
157.556
156.65
153.056
167.221
152.269
159.212
142.144
148.076
164.938
149.643
158.585
170.537
134.746
137.676
145.25
144.04
123.792
154.694
138.32
126.646
146.188
126.696
135.078
138.83
138.83
138.83
