-123.616
-129.711
-126.364
-126.552
-107.374
-122.777
-125.654
-138.028
-138.566
-141.521
-140.986
-135.561
-150.199
-177.493
-176.594
-184.242
-212.808
-220.811
-233.292
-263.542
-263.157
-270.281
-291.584
-282.479
-298.893
-299.98
-294.939
-292.332
-286.936
-276.259
-256.226
-260.761
-233.4
-208.807
-203.226
-184.898
-164.09
-137.539
-143.101
-114.13
-120.786
-106.378
-111.713
-116.615
-142.515
-140.156
-145.132
-146.517
-176.402
-183.912
-197.853
-190.145
-203.355
-231.634
-233.86
-214.554
-214.563
-219.505
-218.365
-219.86
-213.988
-189.914
-195.038
-156.54
-161.09
-154.064
-138.14
-134.808
-127.14
-109.363
-108.935
-100.739
-122.226
-117.815
-133.78
-147.005
-157.659
-166.678
-186.446
-189.227
-189.348
-192.809
-209.181
-212.093
-200.081
-206.017
-215.558
-188.956
-191.14
-188.582
-176.155
-168.078
-151.362
-144.909
-125.726
-115.739
-101.517
-116.461
-108.468
-107.512
-114.822
-111.962
-123.042
-134.044
-130.556
-138.65
-135.056
-126.221
-127.269
-128.212
-136.144
-126.076
-138.938
-133.643
-129.585
-138.537
-120.746
-124.676
-125.25
-120.04
-118.792
-110.694
-115.32
-115.646
-129.188
-105.696
-109.078
-117.83
-117.83
-117.83
