135.616
140.711
132.364
140.552
134.374
134.777
139.654
135.028
142.566
149.521
159.986
169.561
161.199
183.493
185.594
213.242
223.808
240.811
244.292
272.542
277.157
283.281
304.584
307.479
309.893
314.98
304.939
298.332
308.936
281.259
275.226
259.761
252.4
223.807
218.226
193.898
188.09
168.539
147.101
144.13
127.786
132.378
135.713
135.615
143.515
156.156
165.132
184.517
179.402
200.912
214.853
209.145
225.355
230.634
234.86
226.554
228.563
228.505
228.365
232.86
219.988
208.914
202.038
188.54
177.09
168.064
154.14
135.808
136.14
121.363
115.935
132.739
137.226
137.815
142.78
166.005
175.659
176.678
203.446
210.227
203.348
217.809
227.181
229.093
226.081
219.017
218.558
207.956
201.14
191.582
195.155
175.078
164.362
148.909
141.726
135.739
114.517
123.461
120.468
124.512
121.822
127.962
125.042
134.044
141.556
142.65
146.056
146.221
147.269
148.212
141.144
147.076
146.938
140.643
148.585
144.537
132.746
129.676
131.25
132.04
121.792
134.694
121.32
127.646
132.188
121.696
133.078
129.83
129.83
129.83
