-137.616
-130.711
-123.364
-131.552
-124.374
-125.777
-130.654
-135.028
-131.566
-141.521
-160.986
-153.561
-157.199
-177.493
-185.594
-206.242
-207.808
-221.811
-247.292
-264.542
-266.157
-274.281
-289.584
-292.479
-304.893
-300.98
-299.939
-294.332
-291.936
-276.259
-258.226
-260.761
-242.4
-226.807
-209.226
-185.898
-176.09
-151.539
-147.101
-122.13
-118.786
-115.378
-121.713
-124.615
-144.515
-142.156
-151.132
-170.517
-174.402
-194.912
-197.853
-203.145
-215.355
-228.634
-223.86
-225.554
-218.563
-216.505
-225.365
-223.86
-204.988
-195.914
-194.038
-178.54
-163.09
-156.064
-142.14
-137.808
-137.14
-114.363
-110.935
-123.739
-123.226
-134.815
-151.78
-163.005
-170.659
-168.678
-186.446
-192.227
-202.348
-211.809
-211.181
-217.093
-222.081
-214.017
-210.558
-206.956
-193.14
-192.582
-185.155
-173.078
-154.362
-144.909
-136.726
-124.739
-107.517
-110.461
-114.468
-109.512
-115.822
-111.962
-123.042
-134.044
-136.556
-129.65
-142.056
-146.221
-141.269
-143.212
-144.144
-139.076
-139.938
-124.643
-126.585
-138.537
-130.746
-129.676
-122.25
-124.04
-120.792
-115.694
-122.32
-117.646
-122.188
-125.696
-127.078
-119.83
-119.83
-119.83
