144.616
143.711
145.364
152.552
147.374
155.777
136.654
168.028
160.566
161.521
171.986
173.561
169.199
191.493
205.594
225.242
249.808
239.811
246.292
293.542
285.157
280.281
331.584
316.479
313.893
326.98
331.939
309.332
337.936
293.259
277.226
276.761
256.4
245.807
234.226
219.898
188.09
171.539
160.101
168.13
128.786
128.378
146.713
156.615
156.515
156.156
171.132
189.517
203.402
203.912
220.853
212.145
240.355
239.634
253.86
232.554
248.563
249.505
246.365
230.86
243.988
213.914
219.038
200.54
175.09
176.064
161.14
150.808
151.14
133.363
133.935
142.739
152.226
146.815
161.78
161.005
177.659
180.678
197.446
218.227
228.348
217.809
237.181
245.093
232.081
224.017
239.558
221.956
219.14
194.582
194.155
180.078
196.362
168.909
142.726
157.739
119.517
147.461
133.468
139.512
134.822
125.962
148.042
160.044
167.556
156.65
154.056
154.221
156.269
159.212
158.144
171.076
155.938
161.643
147.585
165.537
138.746
139.676
144.25
146.04
139.792
139.694
135.32
147.646
142.188
126.696
151.078
135.83
135.83
135.83
