128.616
157.711
143.364
146.552
141.374
147.777
146.654
149.028
158.566
172.521
178.986
168.561
175.199
183.493
194.594
223.242
229.808
248.811
254.292
286.542
276.157
288.281
306.584
310.479
317.893
322.98
311.939
310.332
312.936
278.259
290.226
263.761
259.4
232.807
241.226
205.898
190.09
178.539
150.101
153.13
130.786
122.378
147.713
150.615
160.515
172.156
172.132
182.517
187.402
210.912
218.853
226.145
249.355
244.634
248.86
249.554
238.563
241.505
242.365
224.86
216.988
214.914
220.038
187.54
179.09
175.064
172.14
144.808
151.14
134.363
123.935
134.739
154.226
158.815
160.78
174.005
179.659
183.678
213.446
209.227
216.348
202.809
233.181
236.093
229.081
235.017
234.558
226.956
222.14
214.582
192.155
188.078
191.362
160.909
146.726
147.739
126.517
122.461
118.468
134.512
124.822
128.962
141.042
142.044
160.556
168.65
156.056
167.221
138.269
157.212
144.144
164.076
147.938
142.643
158.585
155.537
132.746
141.676
150.25
147.04
134.792
141.694
135.32
153.646
140.188
150.696
145.078
141.83
141.83
141.83
