151.616
132.711
136.364
137.552
136.374
158.777
143.654
141.028
150.566
156.521
159.986
174.561
181.199
191.493
195.594
219.242
224.808
249.811
256.292
273.542
288.157
290.281
297.584
296.479
311.893
314.98
313.939
313.332
305.936
293.259
282.226
265.761
254.4
224.807
226.226
196.898
193.09
178.539
161.101
138.13
141.786
128.378
139.713
138.615
160.515
157.156
152.132
178.517
175.402
208.912
207.853
217.145
235.355
237.634
259.86
249.554
232.563
224.505
236.365
229.86
223.988
211.914
209.038
193.54
175.09
171.064
149.14
147.808
144.14
136.363
137.935
133.739
137.226
160.815
151.78
172.005
167.659
188.678
197.446
206.227
196.348
222.809
240.181
239.093
224.081
233.017
219.558
216.956
210.14
205.582
204.155
174.078
172.362
162.909
155.726
149.739
120.517
121.461
135.468
120.512
136.822
133.962
148.042
146.044
150.556
143.65
147.056
146.221
143.269
159.212
141.144
151.076
147.938
136.643
144.585
155.537
132.746
132.676
135.25
141.04
132.792
145.694
116.32
144.646
127.188
144.696
140.078
137.83
137.83
137.83
