141.616
139.711
145.364
149.552
145.374
146.777
139.654
159.028
157.566
158.521
171.986
172.561
171.199
190.493
197.594
222.242
245.808
234.811
247.292
290.542
282.157
282.281
322.584
313.479
311.893
318.98
334.939
307.332
330.936
289.259
278.226
266.761
252.4
247.807
232.226
211.898
184.09
168.539
157.101
164.13
129.786
126.378
143.713
154.615
158.515
153.156
166.132
188.517
195.402
203.912
217.853
212.145
237.355
240.634
249.86
231.554
245.563
244.505
247.365
232.86
233.988
203.914
216.038
193.54
176.09
173.064
158.14
149.808
147.14
132.363
136.935
143.739
152.226
149.815
156.78
163.005
175.659
180.678
198.446
211.227
224.348
216.809
233.181
243.093
230.081
219.017
238.558
213.956
213.14
195.582
197.155
176.078
192.362
165.909
140.726
149.739
112.517
144.461
134.468
129.512
132.822
122.962
141.042
156.044
159.556
152.65
147.056
150.221
148.269
155.212
154.144
165.076
156.938
158.643
148.585
161.537
140.746
137.676
146.25
138.04
137.792
132.694
128.32
143.646
137.188
123.696
148.078
129.83
129.83
129.83
