139.616
143.711
158.364
146.552
127.374
140.777
143.654
148.028
158.566
160.521
171.986
169.561
168.199
195.493
194.594
216.242
246.808
248.811
266.292
292.542
274.157
309.281
311.584
320.479
324.893
336.98
322.939
318.332
326.936
288.259
271.226
283.761
255.4
240.807
223.226
208.898
193.09
167.539
170.101
159.13
146.786
131.378
137.713
150.615
144.515
155.156
167.132
188.517
198.402
226.912
210.853
221.145
234.355
246.634
238.86
239.554
242.563
254.505
240.365
242.86
218.988
217.914
211.038
195.54
176.09
172.064
171.14
156.808
153.14
136.363
131.935
130.739
159.226
165.815
165.78
178.005
189.659
198.678
221.446
223.227
225.348
231.809
240.181
231.093
243.081
228.017
229.558
218.956
218.14
214.582
193.155
190.078
179.362
162.909
156.726
149.739
129.517
121.461
120.468
154.512
140.822
127.962
133.042
140.044
147.556
160.65
146.056
153.221
164.269
151.212
165.144
159.076
141.938
145.643
151.585
143.537
142.746
156.676
149.25
139.04
143.792
141.694
127.32
135.646
140.188
157.696
162.078
137.83
137.83
137.83
