-109.616
-128.711
-109.364
-127.552
-133.374
-130.777
-114.654
-119.028
-122.566
-134.521
-150.986
-158.561
-150.199
-175.493
-178.594
-189.242
-201.808
-223.811
-229.292
-265.542
-262.157
-260.281
-277.584
-296.479
-295.893
-300.98
-300.939
-281.332
-294.936
-262.259
-266.226
-253.761
-227.4
-209.807
-206.226
-177.898
-154.09
-154.539
-152.101
-129.13
-110.786
-110.378
-102.713
-106.615
-127.515
-139.156
-150.132
-164.517
-184.402
-173.912
-200.853
-201.145
-210.355
-219.634
-218.86
-214.554
-216.563
-226.505
-224.365
-229.86
-203.988
-193.914
-194.038
-169.54
-168.09
-156.064
-148.14
-125.808
-136.14
-107.363
-117.935
-120.739
-119.226
-130.815
-132.78
-140.005
-149.659
-164.678
-192.446
-192.227
-187.348
-202.809
-210.181
-197.093
-212.081
-214.017
-193.558
-190.956
-194.14
-175.582
-169.155
-161.078
-153.362
-135.909
-124.726
-125.739
-114.517
-100.461
-105.468
-89.512
-104.822
-110.962
-119.042
-127.044
-130.556
-130.65
-133.056
-138.221
-128.269
-134.212
-141.144
-137.076
-133.938
-123.643
-130.585
-138.537
-115.746
-115.676
-122.25
-129.04
-115.792
-119.694
-126.32
-115.646
-125.188
-117.696
-123.078
-112.83
-112.83
-112.83
