139.616
143.711
138.364
130.552
129.374
133.777
141.654
147.028
160.566
151.521
160.986
179.561
172.199
196.493
192.594
208.242
240.808
242.811
254.292
283.542
288.157
294.281
300.584
308.479
320.893
316.98
316.939
308.332
308.936
291.259
272.226
275.761
251.4
243.807
222.226
199.898
184.09
166.539
161.101
141.13
137.786
138.378
125.713
133.615
160.515
165.156
161.132
182.517
188.402
209.912
214.853
214.145
229.355
241.634
250.86
239.554
245.563
244.505
246.365
233.86
215.988
217.914
211.038
192.54
178.09
167.064
158.14
148.808
140.14
119.363
128.935
130.739
149.226
142.815
159.78
181.005
167.659
196.678
195.446
197.227
209.348
234.809
230.181
241.093
221.081
230.017
221.558
222.956
210.14
207.582
199.155
184.078
188.362
159.909
145.726
152.739
126.517
122.461
117.468
124.512
122.822
137.962
138.042
154.044
151.556
148.65
143.056
140.221
157.269
163.212
156.144
160.076
147.938
136.643
145.585
146.537
143.746
143.676
137.25
133.04
132.792
128.694
122.32
128.646
144.188
131.696
126.078
129.83
129.83
129.83
