132.616
129.711
132.364
128.552
130.374
134.777
135.654
138.028
148.566
151.521
153.986
161.561
165.199
183.493
196.594
206.242
227.808
238.811
247.292
271.542
274.157
287.281
299.584
304.479
313.893
309.98
316.939
304.332
308.936
277.259
270.226
264.761
242.4
232.807
216.226
199.898
177.09
156.539
159.101
133.13
128.786
130.378
125.713
136.615
147.515
153.156
155.132
172.517
184.402
202.912
208.853
209.145
228.355
231.634
236.86
230.554
233.563
233.505
233.365
228.86
217.988
212.914
207.038
183.54
179.09
164.064
148.14
144.808
139.14
120.363
121.935
127.739
143.226
142.815
150.78
165.005
165.659
182.678
191.446
203.227
202.348
221.809
224.181
227.093
221.081
218.017
218.558
212.956
198.14
199.582
188.155
173.078
169.362
154.909
141.726
141.739
124.517
119.461
117.468
117.512
119.822
121.962
132.042
146.044
147.556
142.65
144.056
147.221
151.269
153.212
146.144
151.076
143.938
138.643
141.585
147.537
141.746
137.676
136.25
126.04
128.792
123.694
124.32
123.646
132.188
125.696
127.078
128.83
128.83
128.83
