-118.616
-104.711
-119.364
-111.552
-108.374
-122.777
-123.654
-143.028
-126.566
-141.521
-151.986
-157.561
-148.199
-167.493
-194.594
-188.242
-196.808
-220.811
-233.292
-258.542
-258.157
-271.281
-299.584
-272.479
-293.893
-293.98
-290.939
-302.332
-278.936
-252.259
-247.226
-245.761
-229.4
-212.807
-196.226
-175.898
-170.09
-134.539
-131.101
-135.13
-101.786
-105.378
-112.713
-115.615
-130.515
-139.156
-142.132
-171.517
-170.402
-193.912
-175.853
-198.145
-211.355
-222.634
-216.86
-226.554
-204.563
-209.505
-218.365
-193.86
-209.988
-193.914
-186.038
-167.54
-148.09
-146.064
-138.14
-128.808
-122.14
-109.363
-104.935
-99.739
-126.226
-127.815
-135.78
-157.005
-148.659
-163.678
-183.446
-200.227
-181.348
-207.809
-200.181
-218.093
-197.081
-207.017
-202.558
-196.956
-184.14
-171.582
-165.155
-167.078
-150.362
-117.909
-108.726
-117.739
-95.517
-94.461
-101.468
-109.512
-110.822
-95.962
-117.042
-118.044
-122.556
-107.65
-130.056
-135.221
-132.269
-134.212
-156.144
-137.076
-113.938
-142.643
-110.585
-144.537
-121.746
-111.676
-109.25
-104.04
-113.792
-98.694
-95.32
-116.646
-131.188
-115.696
-120.078
-129.83
-129.83
-129.83
