-134.616
-128.711
-125.364
-132.552
-124.374
-127.777
-134.654
-138.028
-136.566
-143.521
-158.986
-156.561
-160.199
-181.493
-183.594
-209.242
-215.808
-228.811
-245.292
-265.542
-268.157
-274.281
-297.584
-300.479
-307.893
-307.98
-302.939
-297.332
-294.936
-281.259
-268.226
-258.761
-244.4
-228.807
-211.226
-193.898
-179.09
-156.539
-150.101
-131.13
-127.786
-118.378
-126.713
-128.615
-143.515
-146.156
-154.132
-174.517
-182.402
-198.912
-206.853
-206.145
-223.355
-235.634
-229.86
-232.554
-226.563
-226.505
-230.365
-226.86
-209.988
-200.914
-199.038
-181.54
-171.09
-159.064
-146.14
-135.808
-138.14
-118.363
-113.935
-121.739
-132.226
-139.815
-147.78
-166.005
-168.659
-169.678
-191.446
-199.227
-199.348
-214.809
-219.181
-220.093
-221.081
-217.017
-211.558
-202.956
-196.14
-190.582
-182.155
-172.078
-164.362
-143.909
-140.726
-127.739
-110.517
-115.461
-116.468
-111.512
-118.822
-114.962
-129.042
-136.044
-139.556
-136.65
-144.056
-144.221
-144.269
-145.212
-143.144
-138.076
-143.938
-134.643
-136.585
-139.537
-133.746
-132.676
-124.25
-131.04
-126.792
-121.694
-124.32
-121.646
-125.188
-127.696
-125.078
-121.83
-121.83
-121.83
