137.616
141.711
151.364
144.552
129.374
137.777
146.654
152.028
161.566
158.521
166.986
165.561
167.199
187.493
191.594
218.242
237.808
246.811
262.292
284.542
272.157
305.281
304.584
318.479
321.893
327.98
319.939
319.332
318.936
278.259
274.226
280.761
252.4
231.807
226.226
207.898
189.09
168.539
167.101
151.13
138.786
128.378
135.713
151.615
143.515
157.156
169.132
186.517
202.402
217.912
206.853
218.145
230.355
247.634
235.86
231.554
244.563
251.505
242.365
236.86
215.988
218.914
212.038
196.54
169.09
174.064
164.14
157.808
149.14
133.363
128.935
125.739
150.226
158.815
162.78
172.005
186.659
191.678
211.446
215.227
228.348
222.809
237.181
229.093
244.081
230.017
221.558
217.956
210.14
207.582
190.155
188.078
173.362
153.909
155.726
145.739
128.517
119.461
122.468
147.512
135.822
123.962
125.042
137.044
149.556
153.65
144.056
148.221
162.269
149.212
157.144
157.076
145.938
146.643
143.585
136.537
140.746
148.676
143.25
138.04
136.792
138.694
124.32
137.646
141.188
148.696
157.078
133.83
133.83
133.83
