146.616
141.711
144.364
143.552
136.374
167.777
153.654
154.028
157.566
156.521
163.986
176.561
186.199
187.493
193.594
234.242
229.808
260.811
267.292
280.542
298.157
298.281
306.584
294.479
313.893
323.98
313.939
316.332
306.936
297.259
283.226
275.761
261.4
229.807
228.226
206.898
210.09
174.539
177.101
132.13
154.786
138.378
149.713
146.615
160.515
164.156
163.132
184.517
176.402
206.912
223.853
216.145
237.355
238.634
265.86
255.554
234.563
226.505
248.365
238.86
234.988
215.914
221.038
201.54
194.09
179.064
159.14
153.808
153.14
148.363
148.935
136.739
136.226
170.815
160.78
172.005
168.659
194.678
205.446
214.227
205.348
221.809
242.181
250.093
225.081
243.017
223.558
217.956
210.14
214.582
205.155
174.078
185.362
160.909
155.726
149.739
122.517
136.461
137.468
120.512
141.822
139.962
154.042
147.044
151.556
151.65
159.056
154.221
150.269
155.212
152.144
155.076
166.938
151.643
141.585
160.537
132.746
141.676
142.25
150.04
129.792
150.694
120.32
150.646
133.188
156.696
138.078
150.83
150.83
150.83
