-134.616
-134.711
-131.364
-133.552
-129.374
-134.777
-127.654
-133.028
-135.566
-143.521
-158.986
-162.561
-166.199
-182.493
-185.594
-210.242
-214.808
-233.811
-244.292
-268.542
-269.157
-280.281
-297.584
-298.479
-306.893
-302.98
-307.939
-297.332
-301.936
-279.259
-274.226
-257.761
-245.4
-221.807
-218.226
-186.898
-179.09
-157.539
-152.101
-133.13
-121.786
-124.378
-125.713
-128.615
-146.515
-152.156
-157.132
-176.517
-176.402
-199.912
-201.853
-208.145
-223.355
-229.634
-229.86
-232.554
-226.563
-232.505
-225.365
-222.86
-213.988
-200.914
-194.038
-178.54
-173.09
-160.064
-145.14
-140.808
-137.14
-117.363
-113.935
-120.739
-133.226
-139.815
-147.78
-159.005
-162.659
-169.678
-190.446
-198.227
-195.348
-207.809
-223.181
-221.093
-221.081
-222.017
-211.558
-200.956
-201.14
-191.582
-180.155
-166.078
-162.362
-148.909
-136.726
-134.739
-117.517
-110.461
-110.468
-117.512
-114.822
-119.962
-131.042
-137.044
-134.556
-136.65
-138.056
-139.221
-144.269
-145.212
-144.144
-145.076
-142.938
-140.643
-134.585
-134.537
-129.746
-128.676
-131.25
-131.04
-126.792
-121.694
-117.32
-121.646
-126.188
-127.696
-124.078
-121.83
-121.83
-121.83
