147.616
141.711
135.364
149.552
142.374
145.777
145.654
140.028
158.566
158.521
163.986
180.561
180.199
199.493
190.594
226.242
219.808
250.811
251.292
278.542
284.157
297.281
304.584
306.479
324.893
320.98
320.939
307.332
316.936
299.259
278.226
265.761
253.4
237.807
233.226
199.898
201.09
170.539
163.101
153.13
139.786
130.378
137.713
146.615
150.515
159.156
174.132
201.517
184.402
213.912
226.853
210.145
240.355
241.634
233.86
234.554
235.563
232.505
231.365
244.86
231.988
210.914
214.038
208.54
188.09
169.064
151.14
148.808
143.14
124.363
129.935
137.739
148.226
131.815
150.78
171.005
193.659
184.678
205.446
215.227
210.348
231.809
230.181
229.093
228.081
226.017
225.558
215.956
211.14
212.582
205.155
190.078
169.362
155.909
146.726
145.739
118.517
141.461
120.468
128.512
119.822
133.962
132.042
144.044
158.556
157.65
149.056
163.221
154.269
156.212
144.144
150.076
164.938
146.643
158.585
165.537
134.746
134.676
141.25
145.04
120.792
150.694
138.32
128.646
148.188
126.696
137.078
135.83
135.83
135.83
