-118.616
-124.711
-123.364
-124.552
-115.374
-118.777
-126.654
-125.028
-123.566
-135.521
-150.986
-145.561
-161.199
-182.493
-170.594
-206.242
-214.808
-235.811
-239.292
-256.542
-260.157
-267.281
-285.584
-299.479
-304.893
-300.98
-299.939
-281.332
-297.936
-268.259
-271.226
-238.761
-233.4
-224.807
-200.226
-188.898
-165.09
-152.539
-148.101
-126.13
-121.786
-99.378
-105.713
-128.615
-133.515
-139.156
-142.132
-176.517
-177.402
-193.912
-196.853
-193.145
-211.355
-233.634
-222.86
-235.554
-215.563
-217.505
-214.365
-217.86
-187.988
-196.914
-188.038
-176.54
-157.09
-143.064
-150.14
-131.808
-129.14
-113.363
-105.935
-118.739
-126.226
-133.815
-131.78
-164.005
-152.659
-167.678
-177.446
-190.227
-200.348
-202.809
-223.181
-204.093
-213.081
-204.017
-199.558
-182.956
-192.14
-187.582
-179.155
-161.078
-160.362
-141.909
-136.726
-120.739
-108.517
-120.461
-100.468
-105.512
-109.822
-104.962
-113.042
-123.044
-130.556
-134.65
-138.056
-132.221
-133.269
-142.212
-127.144
-132.076
-142.938
-127.643
-137.585
-122.537
-128.746
-118.676
-104.25
-117.04
-123.792
-121.694
-110.32
-124.646
-113.188
-116.696
-123.078
-115.83
-115.83
-115.83
