-121.616
-133.711
-116.364
-124.552
-118.374
-124.777
-119.654
-136.028
-144.566
-125.521
-142.986
-142.561
-153.199
-164.493
-175.594
-204.242
-226.808
-220.811
-232.292
-252.542
-252.157
-272.281
-295.584
-289.479
-291.893
-301.98
-291.939
-286.332
-279.936
-251.259
-262.226
-243.761
-238.4
-221.807
-201.226
-177.898
-168.09
-154.539
-143.101
-128.13
-115.786
-101.378
-112.713
-130.615
-144.515
-137.156
-149.132
-162.517
-169.402
-191.912
-202.853
-186.145
-206.355
-220.634
-220.86
-212.554
-214.563
-225.505
-217.365
-200.86
-212.988
-187.914
-184.038
-171.54
-169.09
-159.064
-130.14
-126.808
-136.14
-116.363
-121.935
-106.739
-141.226
-138.815
-139.78
-146.005
-158.659
-172.678
-185.446
-207.227
-191.348
-208.809
-206.181
-197.093
-209.081
-206.017
-209.558
-183.956
-195.14
-184.582
-183.155
-158.078
-155.362
-127.909
-136.726
-124.739
-104.517
-115.461
-99.468
-115.512
-113.822
-115.962
-114.042
-139.044
-122.556
-134.65
-131.056
-145.221
-128.269
-131.212
-128.144
-138.076
-124.938
-133.643
-136.585
-128.537
-128.746
-125.676
-119.25
-123.04
-99.792
-122.694
-116.32
-115.646
-115.188
-114.696
-120.078
-121.83
-121.83
-121.83
