130.616
149.711
143.364
141.552
136.374
145.777
142.654
136.028
148.566
155.521
159.986
166.561
169.199
191.493
193.594
213.242
228.808
235.811
253.292
271.542
286.157
284.281
300.584
313.479
303.893
321.98
315.939
307.332
297.936
286.259
275.226
281.761
244.4
243.807
225.226
194.898
183.09
170.539
164.101
140.13
131.786
127.378
138.713
139.615
167.515
153.156
156.132
186.517
192.402
214.912
223.853
211.145
227.355
234.634
245.86
243.554
240.563
245.505
234.365
229.86
223.988
204.914
199.038
181.54
189.09
167.064
148.14
142.808
154.14
139.363
122.935
135.739
145.226
146.815
164.78
174.005
187.659
169.678
205.446
208.227
212.348
216.809
232.181
229.093
229.081
233.017
230.558
212.956
207.14
200.582
200.155
184.078
165.362
150.909
148.726
125.739
129.517
113.461
120.468
118.512
130.822
130.962
143.042
142.044
140.556
155.65
150.056
147.221
150.269
160.212
153.144
160.076
146.938
148.643
151.585
148.537
132.746
140.676
142.25
122.04
129.792
139.694
130.32
147.646
136.188
133.696
144.078
129.83
129.83
129.83
