-106.616
-124.711
-104.364
-126.552
-129.374
-134.777
-108.654
-111.028
-109.566
-128.521
-149.986
-159.561
-148.199
-172.493
-172.594
-189.242
-196.808
-222.811
-222.292
-261.542
-257.157
-263.281
-273.584
-293.479
-290.893
-298.98
-298.939
-280.332
-292.936
-257.259
-264.226
-256.761
-216.4
-202.807
-205.226
-173.898
-148.09
-156.539
-150.101
-118.13
-100.786
-112.378
-100.713
-105.615
-114.515
-129.156
-145.132
-154.517
-184.402
-172.912
-194.853
-195.145
-202.355
-222.634
-216.86
-207.554
-209.563
-217.505
-217.365
-226.86
-195.988
-191.914
-199.038
-165.54
-172.09
-152.064
-136.14
-122.808
-132.14
-100.363
-109.935
-117.739
-118.226
-117.815
-137.78
-144.005
-149.659
-163.678
-184.446
-192.227
-182.348
-195.809
-203.181
-195.093
-200.081
-207.017
-185.558
-186.956
-186.14
-168.582
-170.155
-154.078
-143.362
-138.909
-118.726
-116.739
-111.517
-92.461
-104.468
-94.512
-101.822
-108.962
-123.042
-116.044
-123.556
-125.65
-122.056
-140.221
-120.269
-137.212
-130.144
-131.076
-125.938
-121.643
-127.585
-136.537
-109.746
-103.676
-118.25
-135.04
-108.792
-121.694
-118.32
-102.646
-117.188
-115.696
-116.078
-110.83
-110.83
-110.83
