-132.616
-122.711
-128.364
-137.552
-118.374
-132.777
-130.654
-121.028
-129.566
-129.521
-144.986
-159.561
-152.199
-178.493
-177.594
-200.242
-200.808
-225.811
-233.292
-258.542
-265.157
-272.281
-291.584
-302.479
-294.893
-299.98
-299.939
-300.332
-291.936
-268.259
-268.226
-253.761
-232.4
-227.807
-217.226
-198.898
-171.09
-149.539
-135.101
-121.13
-125.786
-118.378
-109.713
-116.615
-130.515
-144.156
-148.132
-164.517
-165.402
-198.912
-207.853
-196.145
-218.355
-226.634
-234.86
-227.554
-233.563
-211.505
-210.365
-211.86
-209.988
-195.914
-186.038
-177.54
-160.09
-160.064
-151.14
-134.808
-136.14
-117.363
-107.935
-121.739
-124.226
-129.815
-152.78
-162.005
-159.659
-167.678
-181.446
-178.227
-192.348
-190.809
-214.181
-217.093
-211.081
-220.017
-208.558
-187.956
-199.14
-185.582
-170.155
-159.078
-170.362
-155.909
-138.726
-125.739
-106.517
-111.461
-105.468
-114.512
-104.822
-109.962
-130.042
-141.044
-121.556
-125.65
-135.056
-130.221
-128.269
-141.212
-137.144
-134.076
-136.938
-129.643
-127.585
-119.537
-127.746
-121.676
-125.25
-124.04
-116.792
-115.694
-124.32
-113.646
-120.188
-118.696
-116.078
-133.83
-133.83
-133.83
