-125.616
-120.711
-135.364
-125.552
-118.374
-132.777
-126.654
-125.028
-132.566
-130.521
-156.986
-156.561
-163.199
-168.493
-178.594
-204.242
-210.808
-224.811
-248.292
-260.542
-271.157
-277.281
-299.584
-288.479
-296.893
-300.98
-299.939
-286.332
-304.936
-274.259
-271.226
-262.761
-239.4
-219.807
-217.226
-182.898
-166.09
-155.539
-146.101
-124.13
-120.786
-121.378
-122.713
-119.615
-138.515
-149.156
-156.132
-173.517
-170.402
-198.912
-205.853
-213.145
-216.355
-234.634
-229.86
-231.554
-221.563
-233.505
-230.365
-216.86
-208.988
-187.914
-189.038
-182.54
-163.09
-158.064
-145.14
-139.808
-135.14
-120.363
-105.935
-106.739
-136.226
-145.815
-149.78
-146.005
-160.659
-166.678
-190.446
-197.227
-193.348
-208.809
-216.181
-215.093
-213.081
-221.017
-209.558
-187.956
-197.14
-187.582
-177.155
-165.078
-156.362
-140.909
-134.726
-122.739
-114.517
-113.461
-105.468
-111.512
-103.822
-117.962
-126.042
-137.044
-127.556
-135.65
-130.056
-138.221
-137.269
-137.212
-148.144
-143.076
-144.938
-138.643
-132.585
-131.537
-124.746
-120.676
-132.25
-120.04
-120.792
-121.694
-110.32
-114.646
-121.188
-122.696
-119.078
-113.83
-113.83
-113.83
