133.616
156.711
147.364
142.552
140.374
158.777
144.654
134.028
149.566
161.521
168.986
165.561
177.199
202.493
199.594
217.242
235.808
235.811
255.292
279.542
297.157
288.281
311.584
325.479
313.893
322.98
320.939
314.332
310.936
292.259
285.226
291.761
251.4
250.807
228.226
199.898
186.09
176.539
177.101
142.13
133.786
134.378
147.713
153.615
168.515
159.156
159.132
192.517
189.402
215.912
231.853
213.145
234.355
244.634
254.86
250.554
244.563
244.505
237.365
241.86
226.988
206.914
199.038
189.54
198.09
171.064
156.14
146.808
162.14
146.363
128.935
141.739
149.226
149.815
168.78
178.005
193.659
182.678
217.446
214.227
213.348
217.809
230.181
230.093
228.081
239.017
238.558
220.956
213.14
202.582
195.155
181.078
163.362
153.909
150.726
124.739
136.517
121.461
127.468
114.512
141.822
140.962
149.042
145.044
142.556
168.65
153.056
152.221
163.269
161.212
158.144
170.076
153.938
145.643
153.585
158.537
134.746
148.676
150.25
128.04
131.792
152.694
128.32
155.646
141.188
135.696
145.078
127.83
127.83
127.83
