-122.616
-111.711
-114.364
-123.552
-116.374
-126.777
-115.654
-130.028
-133.566
-136.521
-153.986
-148.561
-149.199
-165.493
-177.594
-190.242
-213.808
-222.811
-237.292
-255.542
-259.157
-253.281
-289.584
-287.479
-298.893
-301.98
-309.939
-296.332
-294.936
-273.259
-266.226
-253.761
-241.4
-209.807
-200.226
-195.898
-172.09
-152.539
-140.101
-121.13
-111.786
-121.378
-108.713
-115.615
-140.515
-142.156
-149.132
-160.517
-174.402
-188.912
-199.853
-204.145
-214.355
-226.634
-230.86
-222.554
-209.563
-226.505
-218.365
-212.86
-208.988
-189.914
-195.038
-167.54
-159.09
-148.064
-138.14
-122.808
-126.14
-116.363
-118.935
-115.739
-133.226
-124.815
-136.78
-163.005
-157.659
-169.678
-193.446
-203.227
-187.348
-205.809
-212.181
-210.093
-201.081
-218.017
-212.558
-197.956
-183.14
-183.582
-186.155
-160.078
-162.362
-145.909
-136.726
-130.739
-111.517
-105.461
-107.468
-107.512
-103.822
-113.962
-112.042
-109.044
-128.556
-124.65
-130.056
-136.221
-133.269
-140.212
-124.144
-138.076
-121.938
-128.643
-135.585
-130.537
-121.746
-131.676
-114.25
-117.04
-106.792
-113.694
-107.32
-126.646
-122.188
-126.696
-125.078
-107.83
-107.83
-107.83
