131.616
153.711
157.364
146.552
148.374
166.777
146.654
143.028
151.566
157.521
175.986
171.561
185.199
206.493
196.594
225.242
238.808
238.811
260.292
286.542
304.157
284.281
314.584
333.479
318.893
326.98
323.939
316.332
313.936
292.259
287.226
294.761
253.4
255.807
236.226
196.898
185.09
180.539
180.101
146.13
129.786
142.378
152.713
152.615
177.515
159.156
159.132
196.517
190.402
219.912
237.853
215.145
236.355
245.634
256.86
255.554
242.563
252.505
236.365
245.86
226.988
207.914
208.038
188.54
207.09
175.064
156.14
155.808
161.14
149.363
131.935
150.739
155.226
146.815
167.78
181.005
196.659
190.678
224.446
213.227
217.348
223.809
238.181
233.093
225.081
242.017
243.558
223.956
214.14
208.582
197.155
183.078
161.362
155.909
153.726
131.739
134.517
120.461
126.468
117.512
142.822
137.962
146.042
147.044
146.556
171.65
156.056
150.221
167.269
159.212
162.144
168.076
155.938
154.643
153.585
159.537
143.746
153.676
155.25
129.04
134.792
157.694
131.32
154.646
140.188
133.696
150.078
132.83
132.83
132.83
