-138.616
-127.711
-125.364
-133.552
-124.374
-127.777
-127.654
-137.028
-132.566
-141.521
-162.986
-155.561
-154.199
-172.493
-181.594
-201.242
-209.808
-216.811
-242.292
-264.542
-263.157
-271.281
-284.584
-292.479
-299.893
-302.98
-301.939
-289.332
-286.936
-272.259
-260.226
-256.761
-238.4
-228.807
-206.226
-187.898
-177.09
-146.539
-143.101
-118.13
-118.786
-117.378
-123.713
-125.615
-141.515
-139.156
-147.132
-167.517
-169.402
-189.912
-199.853
-204.145
-211.355
-230.634
-219.86
-222.554
-218.563
-218.505
-222.365
-218.86
-204.988
-191.914
-190.038
-175.54
-160.09
-156.064
-139.14
-139.808
-133.14
-109.363
-112.935
-118.739
-119.226
-135.815
-146.78
-165.005
-166.659
-164.678
-182.446
-192.227
-198.348
-208.809
-206.181
-213.093
-217.081
-210.017
-207.558
-208.956
-195.14
-194.582
-185.155
-174.078
-150.362
-146.909
-133.726
-124.739
-103.517
-107.461
-109.468
-105.512
-112.822
-106.962
-119.042
-130.044
-136.556
-124.65
-138.056
-147.221
-142.269
-140.212
-141.144
-141.076
-140.938
-125.643
-127.585
-139.537
-132.746
-129.676
-124.25
-120.04
-115.792
-115.694
-124.32
-114.646
-124.188
-127.696
-122.078
-119.83
-119.83
-119.83
