148.616
137.711
137.364
141.552
132.374
164.777
146.654
145.028
154.566
158.521
161.986
171.561
184.199
190.493
191.594
227.242
227.808
257.811
260.292
275.542
297.157
295.281
300.584
294.479
308.893
319.98
316.939
316.332
303.936
294.259
280.226
266.761
259.4
222.807
226.226
198.898
203.09
175.539
169.101
135.13
145.786
131.378
147.713
142.615
163.515
159.156
160.132
176.517
178.402
210.912
215.853
214.145
239.355
240.634
262.86
251.554
230.563
222.505
241.365
232.86
231.988
214.914
217.038
195.54
184.09
177.064
151.14
149.808
149.14
145.363
142.935
135.739
133.226
168.815
155.78
174.005
165.659
186.678
207.446
215.227
204.348
219.809
244.181
242.093
224.081
239.017
221.558
212.956
213.14
210.582
207.155
172.078
180.362
161.909
158.726
152.739
123.517
131.461
133.468
122.512
138.822
136.962
150.042
149.044
149.556
146.65
156.056
153.221
147.269
159.212
147.144
156.076
157.938
144.643
143.585
152.537
134.746
135.676
139.25
150.04
130.792
147.694
119.32
147.646
128.188
153.696
141.078
146.83
146.83
146.83
