-125.616
-105.711
-111.364
-113.552
-114.374
-119.777
-108.654
-122.028
-126.566
-129.521
-152.986
-142.561
-135.199
-163.493
-171.594
-184.242
-215.808
-220.811
-231.292
-257.542
-254.157
-247.281
-284.584
-274.479
-288.893
-298.98
-310.939
-290.332
-294.936
-272.259
-256.226
-245.761
-236.4
-208.807
-198.226
-187.898
-165.09
-156.539
-138.101
-115.13
-115.786
-116.378
-100.713
-107.615
-134.515
-137.156
-136.132
-153.517
-166.402
-186.912
-193.853
-198.145
-205.355
-211.634
-225.86
-218.554
-209.563
-227.505
-212.365
-206.86
-206.988
-185.914
-198.038
-170.54
-158.09
-143.064
-137.14
-116.808
-126.14
-113.363
-115.935
-114.739
-126.226
-116.815
-138.78
-157.005
-157.659
-169.678
-186.446
-197.227
-189.348
-197.809
-206.181
-198.093
-194.081
-216.017
-215.558
-195.956
-171.14
-179.582
-176.155
-153.078
-160.362
-148.909
-123.726
-129.739
-109.517
-92.461
-101.468
-105.512
-97.822
-98.962
-116.042
-107.044
-118.556
-127.65
-129.056
-135.221
-133.269
-140.212
-124.144
-137.076
-125.938
-120.643
-134.585
-122.537
-119.746
-133.676
-118.25
-109.04
-97.792
-111.694
-100.32
-128.646
-125.188
-119.696
-120.078
-99.83
-99.83
-99.83
