-114.616
-111.711
-121.364
-120.552
-112.374
-133.777
-124.654
-139.028
-130.566
-141.521
-152.986
-159.561
-156.199
-175.493
-188.594
-194.242
-209.808
-228.811
-230.292
-257.542
-272.157
-273.281
-295.584
-279.479
-300.893
-299.98
-298.939
-298.332
-285.936
-266.259
-250.226
-253.761
-229.4
-218.807
-203.226
-186.898
-171.09
-136.539
-139.101
-135.13
-108.786
-106.378
-121.713
-127.615
-135.515
-149.156
-153.132
-168.517
-171.402
-202.912
-183.853
-195.145
-219.355
-228.634
-223.86
-231.554
-212.563
-220.505
-219.365
-208.86
-205.988
-196.914
-183.038
-170.54
-153.09
-150.064
-141.14
-134.808
-124.14
-116.363
-111.935
-104.739
-134.226
-131.815
-137.78
-159.005
-155.659
-163.678
-185.446
-199.227
-183.348
-208.809
-202.181
-222.093
-205.081
-216.017
-208.558
-200.956
-192.14
-177.582
-175.155
-168.078
-150.362
-124.909
-116.726
-121.739
-102.517
-99.461
-102.468
-112.512
-115.822
-106.962
-123.042
-125.044
-127.556
-110.65
-136.056
-138.221
-134.269
-140.212
-153.144
-145.076
-123.938
-141.643
-116.585
-144.537
-128.746
-117.676
-119.25
-113.04
-117.792
-103.694
-109.32
-119.646
-131.188
-116.696
-123.078
-123.83
-123.83
-123.83
