-131.616
-127.711
-126.364
-128.552
-125.374
-127.777
-127.654
-138.028
-136.566
-148.521
-158.986
-152.561
-162.199
-183.493
-184.594
-206.242
-217.808
-230.811
-240.292
-265.542
-265.157
-283.281
-294.584
-300.479
-306.893
-302.98
-304.939
-292.332
-298.936
-283.259
-263.226
-257.761
-239.4
-225.807
-213.226
-187.898
-175.09
-160.539
-143.101
-137.13
-123.786
-113.378
-123.713
-130.615
-143.515
-147.156
-147.132
-176.517
-179.402
-197.912
-206.853
-203.145
-219.355
-235.634
-228.86
-234.554
-227.563
-225.505
-227.365
-225.86
-215.988
-204.914
-200.038
-174.54
-168.09
-154.064
-147.14
-140.808
-133.14
-120.363
-109.935
-122.739
-130.226
-136.815
-141.78
-155.005
-164.659
-177.678
-197.446
-193.227
-196.348
-209.809
-219.181
-223.093
-215.081
-217.017
-213.558
-202.956
-192.14
-194.582
-182.155
-170.078
-168.362
-140.909
-136.726
-131.739
-110.517
-119.461
-112.468
-110.512
-117.822
-121.962
-127.042
-139.044
-135.556
-140.65
-142.056
-145.221
-138.269
-140.212
-142.144
-145.076
-144.938
-131.643
-136.585
-135.537
-127.746
-129.676
-133.25
-121.04
-124.792
-127.694
-117.32
-122.646
-126.188
-127.696
-126.078
-128.83
-128.83
-128.83
