135.616
131.711
133.364
135.552
130.374
130.777
131.654
137.028
142.566
143.521
158.986
168.561
168.199
191.493
188.594
212.242
221.808
240.811
248.292
272.542
270.157
283.281
300.584
305.479
311.893
312.98
308.939
296.332
303.936
280.259
276.226
258.761
253.4
235.807
218.226
194.898
176.09
160.539
158.101
145.13
124.786
132.378
128.713
131.615
145.515
152.156
159.132
176.517
178.402
196.912
203.853
210.145
226.355
229.634
238.86
227.554
232.563
227.505
233.365
236.86
210.988
202.914
197.038
185.54
171.09
173.064
151.14
149.808
138.14
132.363
118.935
129.739
134.226
144.815
148.78
173.005
164.659
171.678
195.446
205.227
201.348
214.809
230.181
218.093
223.081
218.017
216.558
206.956
198.14
204.582
193.155
179.078
168.362
149.909
142.726
134.739
124.517
119.461
119.468
123.512
118.822
121.962
133.042
134.044
137.556
146.65
151.056
146.221
141.269
145.212
151.144
145.076
149.938
146.643
142.585
148.537
141.746
134.676
139.25
136.04
122.792
124.694
126.32
124.646
128.188
128.696
132.078
127.83
127.83
127.83
