-129.616
-129.711
-126.364
-132.552
-124.374
-134.777
-129.654
-136.028
-135.566
-146.521
-151.986
-162.561
-164.199
-181.493
-189.594
-209.242
-214.808
-233.811
-246.292
-265.542
-273.157
-280.281
-296.584
-298.479
-306.893
-303.98
-308.939
-296.332
-295.936
-275.259
-268.226
-261.761
-245.4
-222.807
-213.226
-188.898
-178.09
-156.539
-145.101
-136.13
-121.786
-118.378
-125.713
-128.615
-146.515
-152.156
-157.132
-176.517
-178.402
-200.912
-200.853
-203.145
-224.355
-234.634
-230.86
-231.554
-225.563
-226.505
-226.365
-222.86
-213.988
-207.914
-195.038
-178.54
-171.09
-165.064
-150.14
-140.808
-138.14
-117.363
-113.935
-125.739
-132.226
-135.815
-147.78
-165.005
-162.659
-176.678
-197.446
-204.227
-195.348
-212.809
-219.181
-222.093
-221.081
-222.017
-216.558
-200.956
-201.14
-192.582
-187.155
-166.078
-162.362
-141.909
-134.726
-132.739
-117.517
-111.461
-111.468
-111.512
-119.822
-118.962
-126.042
-136.044
-139.556
-134.65
-145.056
-143.221
-140.269
-139.212
-145.144
-145.076
-138.938
-139.643
-136.585
-141.537
-134.746
-132.676
-125.25
-131.04
-120.792
-120.694
-119.32
-126.646
-126.188
-125.696
-130.078
-126.83
-126.83
-126.83
