140.616
132.711
135.364
134.552
133.374
139.777
139.654
137.028
149.566
154.521
157.986
157.561
173.199
183.493
191.594
220.242
214.808
236.811
245.292
273.542
280.157
280.281
302.584
304.479
309.893
303.98
309.939
301.332
300.936
281.259
275.226
267.761
244.4
230.807
219.226
195.898
185.09
158.539
154.101
131.13
131.786
124.378
132.713
134.615
150.515
151.156
160.132
175.517
189.402
197.912
214.853
209.145
229.355
240.634
238.86
235.554
226.563
228.505
226.365
224.86
220.988
211.914
205.038
183.54
179.09
175.064
149.14
141.808
137.14
123.363
123.935
120.739
141.226
147.815
149.78
171.005
174.659
186.678
199.446
213.227
201.348
213.809
225.181
221.093
230.081
222.017
229.558
214.956
205.14
196.582
196.155
179.078
170.362
143.909
137.726
143.739
112.517
120.461
113.468
112.512
125.822
121.962
130.042
140.044
142.556
148.65
153.056
152.221
141.269
145.212
156.144
149.076
149.938
142.643
148.585
141.537
144.746
140.676
130.25
132.04
134.792
129.694
123.32
122.646
131.188
125.696
130.078
131.83
131.83
131.83
