132.616
137.711
128.364
137.552
132.374
137.777
137.654
139.028
144.566
150.521
161.986
160.561
169.199
180.493
186.594
213.242
218.808
237.811
248.292
271.542
270.157
277.281
296.584
306.479
309.893
310.98
304.939
304.332
302.936
279.259
276.226
264.761
244.4
225.807
220.226
196.898
177.09
163.539
148.101
135.13
123.786
121.378
130.713
136.615
149.515
153.156
156.132
178.517
179.402
197.912
209.853
211.145
221.355
231.634
238.86
234.554
229.563
230.505
229.365
230.86
215.988
209.914
197.038
186.54
176.09
167.064
148.14
138.808
134.14
120.363
123.935
128.739
141.226
144.815
149.78
164.005
172.659
177.678
195.446
201.227
202.348
211.809
228.181
225.093
223.081
225.017
221.558
209.956
203.14
200.582
190.155
169.078
170.362
146.909
143.726
130.739
120.517
118.461
115.468
115.512
118.822
118.962
134.042
134.044
143.556
142.65
146.056
147.221
141.269
143.212
142.144
148.076
142.938
139.643
144.585
138.537
130.746
136.676
133.25
129.04
130.792
129.694
125.32
129.646
132.188
129.696
134.078
130.83
130.83
130.83
