-131.616
-122.711
-127.364
-135.552
-119.374
-135.777
-131.654
-139.028
-137.566
-139.521
-144.986
-159.561
-160.199
-180.493
-185.594
-210.242
-215.808
-235.811
-237.292
-261.542
-275.157
-278.281
-298.584
-296.479
-305.893
-306.98
-302.939
-300.332
-297.936
-277.259
-258.226
-259.761
-235.4
-223.807
-209.226
-184.898
-177.09
-153.539
-141.101
-130.13
-114.786
-112.378
-126.713
-124.615
-144.515
-154.156
-151.132
-172.517
-175.402
-202.912
-195.853
-200.145
-220.355
-233.634
-231.86
-227.554
-217.563
-223.505
-222.365
-219.86
-215.988
-199.914
-196.038
-174.54
-161.09
-163.064
-153.14
-141.808
-132.14
-120.363
-110.935
-122.739
-128.226
-130.815
-145.78
-161.005
-166.659
-166.678
-199.446
-206.227
-189.348
-215.809
-213.181
-224.093
-217.081
-220.017
-213.558
-198.956
-200.14
-188.582
-179.155
-166.078
-162.362
-133.909
-127.726
-130.739
-116.517
-112.461
-112.468
-109.512
-121.822
-112.962
-120.042
-128.044
-137.556
-126.65
-141.056
-135.221
-137.269
-137.212
-148.144
-144.076
-130.938
-142.643
-128.585
-144.537
-127.746
-123.676
-124.25
-124.04
-121.792
-111.694
-116.32
-121.646
-128.188
-118.696
-128.078
-127.83
-127.83
-127.83
