144.616
144.711
145.364
149.552
144.374
151.777
138.654
163.028
155.566
162.521
171.986
175.561
170.199
188.493
202.594
225.242
245.808
234.811
247.292
294.542
287.157
281.281
326.584
312.479
309.893
322.98
333.939
311.332
334.936
293.259
277.226
271.761
251.4
246.807
230.226
216.898
183.09
172.539
162.101
168.13
128.786
130.378
141.713
152.615
156.515
158.156
171.132
186.517
198.402
203.912
220.853
212.145
236.355
239.634
253.86
234.554
249.563
249.505
246.365
231.86
238.988
208.914
214.038
196.54
176.09
172.064
156.14
152.808
146.14
130.363
134.935
143.739
152.226
148.815
156.78
162.005
179.659
180.678
198.446
215.227
229.348
219.809
232.181
247.093
234.081
224.017
236.558
217.956
216.14
195.582
196.155
176.078
191.362
169.909
139.726
152.739
116.517
143.461
133.468
134.512
131.822
122.962
144.042
161.044
162.556
151.65
151.056
150.221
153.269
159.212
159.144
168.076
155.938
163.643
148.585
165.537
139.746
136.676
146.25
143.04
136.792
136.694
131.32
142.646
142.188
122.696
147.078
132.83
132.83
132.83
