-127.616
-132.711
-124.364
-133.552
-130.374
-134.777
-127.654
-133.028
-134.566
-142.521
-152.986
-162.561
-160.199
-182.493
-184.594
-209.242
-215.808
-230.811
-246.292
-265.542
-274.157
-274.281
-292.584
-298.479
-308.893
-307.98
-303.939
-296.332
-300.936
-275.259
-274.226
-257.761
-245.4
-226.807
-211.226
-191.898
-175.09
-161.539
-150.101
-132.13
-120.786
-123.378
-122.713
-128.615
-141.515
-147.156
-159.132
-170.517
-182.402
-193.912
-206.853
-208.145
-220.355
-233.634
-230.86
-226.554
-232.563
-230.505
-231.365
-228.86
-213.988
-201.914
-195.038
-181.54
-171.09
-165.064
-145.14
-139.808
-133.14
-118.363
-119.935
-125.739
-133.226
-135.815
-147.78
-161.005
-167.659
-169.678
-195.446
-197.227
-194.348
-212.809
-223.181
-216.093
-221.081
-220.017
-212.558
-207.956
-201.14
-190.582
-180.155
-173.078
-162.362
-142.909
-136.726
-127.739
-117.517
-112.461
-115.468
-110.512
-119.822
-115.962
-130.042
-136.044
-136.556
-141.65
-145.056
-145.221
-140.269
-138.212
-140.144
-139.076
-139.938
-134.643
-140.585
-141.537
-129.746
-128.676
-124.25
-126.04
-121.792
-125.694
-119.32
-126.646
-130.188
-121.696
-129.078
-121.83
-121.83
-121.83
