136.616
136.711
133.364
137.552
129.374
136.777
135.654
134.028
143.566
145.521
154.986
160.561
163.199
184.493
192.594
213.242
224.808
233.811
248.292
272.542
272.157
277.281
300.584
303.479
304.893
311.98
311.939
300.332
298.936
279.259
270.226
266.761
244.4
229.807
220.226
196.898
177.09
163.539
154.101
136.13
130.786
120.378
128.713
136.615
150.515
153.156
156.132
179.517
184.402
201.912
209.853
209.145
222.355
231.634
237.86
233.554
234.563
234.505
229.365
224.86
211.988
203.914
199.038
181.54
176.09
168.064
148.14
144.808
140.14
127.363
121.935
124.739
139.226
143.815
150.78
164.005
172.659
173.678
198.446
205.227
198.348
216.809
226.181
219.093
223.081
225.017
219.558
209.956
202.14
193.582
189.155
176.078
171.362
145.909
139.726
130.739
115.517
115.461
120.468
113.512
118.822
116.962
134.042
139.044
139.556
142.65
148.056
146.221
146.269
148.212
146.144
147.076
141.938
142.643
137.585
143.537
136.746
131.676
132.25
127.04
128.792
128.694
122.32
130.646
132.188
123.696
134.078
123.83
123.83
123.83
