-121.616
-125.711
-121.364
-123.552
-99.374
-121.777
-118.654
-134.028
-136.566
-143.521
-141.986
-135.561
-151.199
-180.493
-171.594
-186.242
-208.808
-216.811
-230.292
-266.542
-265.157
-267.281
-289.584
-279.479
-295.893
-296.98
-294.939
-286.332
-286.936
-272.259
-258.226
-259.761
-231.4
-207.807
-201.226
-180.898
-155.09
-135.539
-138.101
-112.13
-122.786
-104.378
-113.713
-112.615
-144.515
-136.156
-148.132
-137.517
-171.402
-180.912
-195.853
-182.145
-203.355
-221.634
-226.86
-215.554
-206.563
-216.505
-208.365
-211.86
-206.988
-180.914
-192.038
-152.54
-159.09
-156.064
-141.14
-131.808
-120.14
-111.363
-104.935
-98.739
-118.226
-119.815
-124.78
-145.005
-160.659
-157.678
-179.446
-188.227
-187.348
-191.809
-206.181
-209.093
-196.081
-208.017
-217.558
-187.956
-184.14
-184.582
-178.155
-164.078
-150.362
-140.909
-116.726
-105.739
-95.517
-117.461
-110.468
-104.512
-112.822
-106.962
-121.042
-137.044
-121.556
-132.65
-128.056
-124.221
-124.269
-131.212
-138.144
-124.076
-135.938
-135.643
-124.585
-138.537
-117.746
-116.676
-123.25
-110.04
-117.792
-104.694
-112.32
-112.646
-126.188
-108.696
-108.078
-113.83
-113.83
-113.83
