-105.616
-103.711
-134.364
-118.552
-113.374
-128.777
-131.654
-102.028
-124.566
-120.521
-146.986
-145.561
-152.199
-168.493
-179.594
-197.242
-195.808
-221.811
-234.292
-241.542
-263.157
-272.281
-290.584
-283.479
-279.893
-289.98
-282.939
-275.332
-301.936
-269.259
-258.226
-253.761
-228.4
-208.807
-217.226
-186.898
-159.09
-139.539
-148.101
-121.13
-105.786
-106.378
-117.713
-115.615
-132.515
-133.156
-146.132
-169.517
-171.402
-189.912
-194.853
-207.145
-192.355
-224.634
-221.86
-227.554
-211.563
-222.505
-216.365
-214.86
-202.988
-179.914
-179.038
-183.54
-160.09
-151.064
-132.14
-128.808
-118.14
-111.363
-102.935
-101.739
-124.226
-145.815
-138.78
-133.005
-142.659
-153.678
-174.446
-184.227
-182.348
-203.809
-206.181
-208.093
-205.081
-220.017
-203.558
-182.956
-176.14
-180.582
-174.155
-153.078
-142.362
-132.909
-119.726
-117.739
-102.517
-105.461
-101.468
-108.512
-96.822
-107.962
-122.042
-119.044
-115.556
-122.65
-127.056
-137.221
-123.269
-127.212
-145.144
-135.076
-127.938
-127.643
-123.585
-127.537
-115.746
-110.676
-127.25
-119.04
-110.792
-120.694
-99.32
-103.646
-117.188
-108.696
-106.078
-106.83
-106.83
-106.83
