132.616
144.711
139.364
142.552
133.374
142.777
143.654
138.028
148.566
151.521
159.986
161.561
169.199
186.493
189.594
215.242
229.808
235.811
250.292
272.542
282.157
279.281
301.584
309.479
304.893
318.98
315.939
308.332
299.936
281.259
275.226
276.761
246.4
239.807
227.226
194.898
180.09
170.539
159.101
137.13
131.786
127.378
135.713
135.615
163.515
154.156
156.132
183.517
188.402
209.912
218.853
213.145
228.355
235.634
246.86
240.554
242.563
240.505
229.365
229.86
220.988
200.914
200.038
183.54
184.09
169.064
145.14
144.808
151.14
141.363
123.935
131.739
141.226
143.815
164.78
174.005
182.659
171.678
206.446
208.227
212.348
218.809
228.181
231.093
225.081
228.017
227.558
212.956
208.14
201.582
200.155
180.078
166.362
152.909
148.726
127.739
125.517
113.461
122.468
113.512
126.822
127.962
139.042
138.044
142.556
150.65
151.056
148.221
150.269
156.212
155.144
157.076
148.938
148.643
146.585
150.537
133.746
137.676
138.25
122.04
126.792
139.694
130.32
143.646
133.188
129.696
145.078
126.83
126.83
126.83
