-113.616
-120.711
-123.364
-121.552
-114.374
-117.777
-122.654
-143.028
-128.566
-144.521
-158.986
-136.561
-152.199
-181.493
-190.594
-194.242
-200.808
-225.811
-225.292
-266.542
-262.157
-275.281
-300.584
-287.479
-286.893
-296.98
-303.939
-291.332
-293.936
-274.259
-252.226
-251.761
-227.4
-209.807
-210.226
-179.898
-158.09
-156.539
-140.101
-136.13
-121.786
-108.378
-111.713
-126.615
-127.515
-145.156
-138.132
-175.517
-168.402
-188.912
-204.853
-198.145
-219.355
-230.634
-229.86
-223.554
-219.563
-227.505
-219.365
-220.86
-212.988
-197.914
-189.038
-167.54
-158.09
-152.064
-149.14
-135.808
-132.14
-110.363
-98.935
-118.739
-123.226
-132.815
-134.78
-142.005
-156.659
-175.678
-194.446
-183.227
-188.348
-209.809
-217.181
-218.093
-215.081
-214.017
-204.558
-191.956
-182.14
-178.582
-180.155
-167.078
-150.362
-127.909
-131.726
-126.739
-103.517
-117.461
-105.468
-105.512
-106.822
-115.962
-116.042
-128.044
-131.556
-126.65
-138.056
-140.221
-134.269
-133.212
-139.144
-135.076
-140.938
-125.643
-132.585
-124.537
-120.746
-130.676
-132.25
-117.04
-117.792
-124.694
-117.32
-118.646
-116.188
-114.696
-125.078
-118.83
-118.83
-118.83
