150.616
134.711
139.364
135.552
138.374
139.777
145.654
154.028
152.566
161.521
169.986
166.561
183.199
192.493
195.594
222.242
232.808
253.811
267.292
276.542
285.157
279.281
317.584
314.479
321.893
326.98
305.939
295.332
313.936
303.259
283.226
261.761
249.4
250.807
223.226
196.898
184.09
171.539
173.101
150.13
127.786
137.378
150.713
144.615
156.515
152.156
167.132
184.517
195.402
206.912
219.853
215.145
218.355
227.634
248.86
237.554
237.563
225.505
255.365
241.86
220.988
219.914
196.038
198.54
176.09
178.064
149.14
165.808
155.14
141.363
123.935
143.739
144.226
151.815
152.78
187.005
177.659
175.678
201.446
208.227
206.348
209.809
230.181
221.093
227.081
221.017
220.558
222.956
213.14
206.582
194.155
184.078
174.362
156.909
138.726
137.739
131.517
125.461
127.468
136.512
115.822
125.962
142.042
144.044
150.556
153.65
171.056
154.221
149.269
154.212
157.144
157.076
154.938
153.643
150.585
147.537
149.746
133.676
153.25
150.04
126.792
135.694
130.32
135.646
138.188
131.696
142.078
132.83
132.83
132.83
