135.616
138.711
139.364
125.552
129.374
130.777
138.654
147.028
155.566
152.521
162.986
176.561
169.199
191.493
192.594
204.242
235.808
243.811
249.292
285.542
288.157
289.281
302.584
309.479
316.893
313.98
317.939
309.332
305.936
286.259
269.226
271.761
251.4
240.807
222.226
195.898
179.09
161.539
158.101
141.13
139.786
135.378
127.713
135.615
160.515
160.156
158.132
178.517
190.402
209.912
216.853
211.145
224.355
238.634
245.86
236.554
246.563
246.505
242.365
235.86
215.988
213.914
213.038
187.54
180.09
164.064
159.14
143.808
141.14
120.363
128.935
131.739
144.226
143.815
159.78
176.005
163.659
191.678
196.446
199.227
209.348
230.809
226.181
236.093
223.081
226.017
221.558
222.956
210.14
204.582
196.155
179.078
183.362
161.909
140.726
147.739
127.517
122.461
119.468
125.512
123.822
132.962
133.042
154.044
148.556
148.65
145.056
142.221
159.269
160.212
152.144
161.076
143.938
138.643
145.585
148.537
143.746
138.676
138.25
135.04
134.792
123.694
124.32
130.646
140.188
132.696
127.078
131.83
131.83
131.83
