138.616
137.711
132.364
145.552
133.374
133.777
139.654
132.028
140.566
147.521
162.986
162.561
176.199
188.493
193.594
214.242
224.808
245.811
250.292
276.542
272.157
277.281
304.584
305.479
309.893
316.98
319.939
307.332
294.936
284.259
275.226
263.761
243.4
228.807
220.226
198.898
190.09
155.539
147.101
143.13
124.786
127.378
131.713
139.615
147.515
158.156
160.132
179.517
189.402
200.912
206.853
213.145
224.355
241.634
239.86
231.554
233.563
244.505
233.365
227.86
218.988
215.914
205.038
178.54
183.09
172.064
155.14
143.808
135.14
129.363
116.935
128.739
145.226
151.815
149.78
170.005
175.659
179.678
207.446
211.227
209.348
208.809
233.181
216.093
223.081
220.017
224.558
208.956
205.14
202.582
189.155
175.078
172.362
157.909
145.726
140.739
118.517
117.461
125.468
129.512
116.822
127.962
132.042
136.044
140.556
145.65
142.056
149.221
149.269
151.212
156.144
150.076
151.938
145.643
138.585
139.537
145.746
139.676
136.25
131.04
131.792
127.694
124.32
139.646
142.188
128.696
134.078
126.83
126.83
126.83
