132.616
130.711
129.364
130.552
132.374
136.777
135.654
135.028
143.566
146.521
155.986
158.561
167.199
185.493
191.594
207.242
222.808
238.811
242.292
272.542
270.157
283.281
296.584
301.479
310.893
306.98
311.939
299.332
303.936
278.259
270.226
264.761
242.4
229.807
216.226
196.898
178.09
158.539
155.101
135.13
128.786
127.378
125.713
131.615
149.515
149.156
156.132
173.517
184.402
202.912
203.853
210.145
228.355
232.634
233.86
230.554
230.563
230.505
228.365
229.86
217.988
208.914
204.038
185.54
174.09
164.064
150.14
139.808
135.14
120.363
118.935
124.739
139.226
139.815
146.78
162.005
165.659
179.678
193.446
205.227
204.348
216.809
221.181
224.093
218.081
220.017
215.558
209.956
199.14
194.582
185.155
169.078
171.362
150.909
142.726
137.739
120.517
114.461
119.468
113.512
121.822
122.962
134.042
141.044
142.556
137.65
141.056
148.221
148.269
148.212
148.144
147.076
140.938
138.643
143.585
142.537
136.746
137.676
132.25
128.04
128.792
125.694
120.32
123.646
133.188
125.696
129.078
123.83
123.83
123.83
