-139.616
-122.711
-126.364
-133.552
-119.374
-123.777
-127.654
-133.028
-129.566
-142.521
-159.986
-156.561
-154.199
-168.493
-176.594
-201.242
-211.808
-218.811
-242.292
-266.542
-263.157
-268.281
-279.584
-289.479
-301.893
-299.98
-298.939
-291.332
-286.936
-269.259
-257.226
-252.761
-240.4
-229.807
-206.226
-187.898
-177.09
-146.539
-144.101
-113.13
-120.786
-117.378
-120.713
-127.615
-137.515
-140.156
-144.132
-162.517
-170.402
-186.912
-196.853
-199.145
-207.355
-225.634
-220.86
-224.554
-220.563
-214.505
-219.365
-215.86
-205.988
-191.914
-191.038
-172.54
-161.09
-158.064
-139.14
-140.808
-130.14
-105.363
-109.935
-118.739
-114.226
-135.815
-142.78
-162.005
-161.659
-165.678
-177.446
-193.227
-194.348
-203.809
-208.181
-213.093
-217.081
-210.017
-207.558
-209.956
-191.14
-196.582
-186.155
-175.078
-146.362
-143.909
-135.726
-125.739
-98.517
-103.461
-106.468
-100.512
-113.822
-102.962
-120.042
-132.044
-132.556
-124.65
-134.056
-143.221
-142.269
-141.212
-137.144
-142.076
-137.938
-121.643
-124.585
-140.537
-132.746
-131.676
-120.25
-115.04
-117.792
-115.694
-124.32
-114.646
-119.188
-124.696
-124.078
-116.83
-116.83
-116.83
