-121.616
-115.711
-114.364
-122.552
-114.374
-131.777
-114.654
-129.028
-136.566
-135.521
-151.986
-152.561
-153.199
-170.493
-180.594
-195.242
-212.808
-222.811
-236.292
-254.542
-259.157
-256.281
-293.584
-287.479
-298.893
-300.98
-307.939
-299.332
-293.936
-271.259
-271.226
-256.761
-244.4
-212.807
-205.226
-195.898
-175.09
-156.539
-139.101
-125.13
-114.786
-125.378
-113.713
-120.615
-144.515
-145.156
-154.132
-160.517
-172.402
-186.912
-199.853
-202.145
-217.355
-224.634
-229.86
-225.554
-212.563
-226.505
-217.365
-216.86
-213.988
-192.914
-195.038
-166.54
-164.09
-148.064
-141.14
-127.808
-130.14
-119.363
-116.935
-114.739
-136.226
-123.815
-139.78
-162.005
-160.659
-167.678
-193.446
-202.227
-190.348
-209.809
-217.181
-213.093
-205.081
-217.017
-210.558
-196.956
-187.14
-181.582
-186.155
-160.078
-162.362
-144.909
-139.726
-133.739
-111.517
-104.461
-110.468
-106.512
-107.822
-117.962
-111.042
-113.044
-132.556
-124.65
-134.056
-135.221
-137.269
-140.212
-129.144
-137.076
-125.938
-133.643
-134.585
-130.537
-121.746
-130.676
-112.25
-122.04
-110.792
-113.694
-112.32
-130.646
-120.188
-124.696
-128.078
-112.83
-112.83
-112.83
