143.616
136.711
133.364
139.552
129.374
145.777
139.654
135.028
143.566
155.521
162.986
161.561
172.199
188.493
188.594
211.242
222.808
242.811
250.292
270.542
284.157
283.281
292.584
299.479
307.893
309.98
302.939
306.332
303.936
286.259
269.226
264.761
251.4
223.807
222.226
194.898
179.09
166.539
158.101
138.13
128.786
128.378
132.713
135.615
152.515
157.156
157.132
173.517
176.402
206.912
206.853
214.145
231.355
236.634
245.86
237.554
232.563
226.505
239.365
227.86
215.988
210.914
205.038
183.54
173.09
171.064
150.14
151.808
144.14
130.363
125.935
126.739
136.226
153.815
148.78
169.005
166.659
180.678
192.446
205.227
195.348
214.809
226.181
233.093
217.081
227.017
215.558
209.956
201.14
202.582
193.155
171.078
169.362
153.909
149.726
140.739
118.517
115.461
123.468
115.512
131.822
126.962
135.042
143.044
144.556
145.65
146.056
144.221
140.269
151.212
140.144
152.076
145.938
139.643
140.585
152.537
128.746
134.676
128.25
132.04
130.792
131.694
119.32
139.646
124.188
132.696
139.078
129.83
129.83
129.83
