-117.616
-120.711
-118.364
-120.552
-96.374
-116.777
-118.654
-136.028
-131.566
-145.521
-143.986
-137.561
-147.199
-177.493
-171.594
-187.242
-203.808
-212.811
-227.292
-263.542
-261.157
-267.281
-289.584
-275.479
-296.893
-298.98
-290.939
-286.332
-288.936
-273.259
-260.226
-254.761
-233.4
-209.807
-198.226
-175.898
-150.09
-136.539
-140.101
-109.13
-122.786
-104.378
-109.713
-112.615
-139.515
-138.156
-144.132
-133.517
-173.402
-181.912
-195.853
-184.145
-200.355
-223.634
-226.86
-217.554
-203.563
-212.505
-203.365
-212.86
-202.988
-181.914
-187.038
-152.54
-160.09
-156.064
-137.14
-126.808
-117.14
-111.363
-101.935
-98.739
-120.226
-115.815
-119.78
-141.005
-160.659
-157.678
-174.446
-189.227
-183.348
-188.809
-201.181
-211.093
-191.081
-209.017
-214.558
-189.956
-185.14
-180.582
-178.155
-166.078
-152.362
-135.909
-118.726
-107.739
-91.517
-117.461
-106.468
-104.512
-114.822
-102.962
-122.042
-132.044
-122.556
-134.65
-125.056
-121.221
-126.269
-133.212
-134.144
-124.076
-132.938
-136.643
-119.585
-139.537
-117.746
-117.676
-118.25
-112.04
-114.792
-100.694
-112.32
-107.646
-128.188
-110.696
-103.078
-113.83
-113.83
-113.83
