138.616
136.711
139.364
142.552
141.374
142.777
134.654
149.028
153.566
154.521
173.986
170.561
173.199
193.493
195.594
214.242
243.808
231.811
243.292
286.542
279.157
284.281
315.584
312.479
312.893
314.98
331.939
304.332
322.936
282.259
277.226
266.761
254.4
237.807
224.226
203.898
186.09
170.539
158.101
160.13
127.786
122.378
136.713
151.615
156.515
145.156
168.132
187.517
189.402
202.912
209.853
207.145
228.355
237.634
246.86
232.554
238.563
241.505
244.365
231.86
224.988
206.914
208.038
196.54
174.09
164.064
151.14
139.808
145.14
130.363
131.935
143.739
154.226
146.815
152.78
166.005
171.659
176.678
195.446
204.227
214.348
219.809
226.181
239.093
227.081
216.017
235.558
209.956
205.14
199.582
197.155
174.078
188.362
160.909
142.726
139.739
113.517
136.461
132.468
128.512
128.822
121.962
142.042
148.044
149.556
149.65
142.056
142.221
145.269
152.212
151.144
155.076
153.938
154.643
145.585
160.537
139.746
140.676
144.25
132.04
135.792
134.694
129.32
142.646
133.188
122.696
142.078
125.83
125.83
125.83
