139.616
145.711
148.364
148.552
146.374
138.777
142.654
156.028
156.566
150.521
173.986
176.561
196.199
189.493
204.594
229.242
241.808
256.811
256.292
294.542
282.157
290.281
305.584
309.479
331.893
330.98
326.939
317.332
300.936
290.259
283.226
272.761
248.4
241.807
227.226
210.898
193.09
162.539
165.101
150.13
124.786
131.378
143.713
153.615
145.515
176.156
182.132
196.517
185.402
213.912
226.853
223.145
244.355
260.634
256.86
246.554
249.563
253.505
251.365
230.86
225.988
228.914
230.038
196.54
186.09
168.064
157.14
153.808
155.14
135.363
125.935
123.739
149.226
156.815
165.78
182.005
177.659
180.678
216.446
216.227
226.348
225.809
241.181
224.093
223.081
226.017
238.558
217.956
221.14
225.582
205.155
188.078
183.362
167.909
159.726
152.739
115.517
122.461
135.468
139.512
124.822
127.962
138.042
148.044
153.556
159.65
158.056
154.221
161.269
170.212
167.144
165.076
165.938
149.643
154.585
150.537
162.746
150.676
147.25
133.04
152.792
144.694
130.32
140.646
151.188
127.696
140.078
144.83
144.83
144.83
