150.616
132.711
134.364
137.552
134.374
161.777
146.654
140.028
155.566
155.521
162.986
172.561
185.199
191.493
193.594
224.242
224.808
252.811
261.292
271.542
292.157
290.281
296.584
296.479
310.893
314.98
312.939
313.332
303.936
291.259
280.226
268.761
259.4
222.807
226.226
200.898
198.09
177.539
166.101
137.13
146.786
126.378
144.713
142.615
165.515
155.156
156.132
176.517
180.402
207.912
210.853
216.145
240.355
237.634
259.86
252.554
232.563
223.505
236.365
227.86
227.988
216.914
214.038
197.54
179.09
174.064
153.14
146.808
144.14
140.363
142.935
137.739
135.226
165.815
156.78
176.005
167.659
186.678
202.446
211.227
201.348
220.809
245.181
237.093
224.081
236.017
217.558
214.956
215.14
205.582
204.155
174.078
175.362
161.909
160.726
152.739
119.517
126.461
135.468
124.512
139.822
136.962
152.042
145.044
149.556
146.65
151.056
149.221
142.269
159.212
144.144
156.076
152.938
139.643
143.585
153.537
130.746
137.676
134.25
145.04
132.792
149.694
115.32
143.646
125.188
148.696
143.078
141.83
141.83
141.83
