-121.616
-132.711
-110.364
-117.552
-112.374
-116.777
-107.654
-140.028
-145.566
-124.521
-139.986
-139.561
-146.199
-152.493
-179.594
-194.242
-222.808
-225.811
-225.292
-255.542
-251.157
-263.281
-293.584
-285.479
-285.893
-297.98
-294.939
-281.332
-272.936
-239.259
-260.226
-234.761
-235.4
-209.807
-205.226
-169.898
-157.09
-154.539
-136.101
-127.13
-107.786
-95.378
-99.713
-131.615
-141.515
-136.156
-147.132
-158.517
-165.402
-185.912
-205.853
-187.145
-202.355
-213.634
-207.86
-210.554
-212.563
-227.505
-217.365
-192.86
-212.988
-177.914
-183.038
-169.54
-161.09
-158.064
-125.14
-123.808
-128.14
-112.363
-117.935
-104.739
-140.226
-140.815
-141.78
-146.005
-155.659
-170.678
-176.446
-197.227
-190.348
-211.809
-194.181
-194.093
-205.081
-199.017
-206.558
-177.956
-189.14
-178.582
-179.155
-163.078
-161.362
-123.909
-131.726
-118.739
-92.517
-108.461
-86.468
-105.512
-110.822
-112.962
-108.042
-136.044
-116.556
-125.65
-134.056
-144.221
-127.269
-128.212
-130.144
-137.076
-122.938
-132.643
-141.585
-126.537
-115.746
-120.676
-111.25
-118.04
-92.792
-117.694
-108.32
-103.646
-102.188
-112.696
-114.078
-115.83
-115.83
-115.83
