162.616
142.711
133.364
142.552
134.374
160.777
143.654
138.028
162.566
151.521
181.986
162.561
176.199
190.493
206.594
232.242
229.808
240.811
247.292
293.542
288.157
284.281
314.584
312.479
325.893
302.98
312.939
308.332
308.936
294.259
286.226
277.761
256.4
232.807
224.226
199.898
189.09
166.539
170.101
151.13
139.786
133.378
131.713
127.615
159.515
164.156
169.132
174.517
197.402
205.912
223.853
215.145
238.355
250.634
247.86
255.554
226.563
236.505
237.365
228.86
235.988
220.914
219.038
191.54
186.09
187.064
155.14
150.808
141.14
125.363
137.935
118.739
144.226
146.815
162.78
178.005
177.659
185.678
203.446
218.227
211.348
221.809
236.181
231.093
243.081
224.017
239.558
226.956
221.14
200.582
194.155
183.078
181.362
157.909
137.726
152.739
132.517
126.461
127.468
122.512
116.822
139.962
144.042
162.044
153.556
175.65
155.056
166.221
155.269
155.212
167.144
155.076
163.938
151.643
170.585
140.537
152.746
152.676
132.25
153.04
138.792
141.694
138.32
128.646
136.188
129.696
135.078
151.83
151.83
151.83
