-129.616
-132.711
-130.364
-129.552
-130.374
-133.777
-129.654
-137.028
-141.566
-142.521
-151.986
-160.561
-161.199
-182.493
-185.594
-211.242
-220.808
-229.811
-245.292
-263.542
-267.157
-274.281
-291.584
-303.479
-303.893
-308.98
-307.939
-295.332
-295.936
-275.259
-272.226
-258.761
-245.4
-226.807
-217.226
-192.898
-179.09
-161.539
-152.101
-131.13
-125.786
-119.378
-120.713
-129.615
-142.515
-147.156
-157.132
-170.517
-178.402
-200.912
-206.853
-206.145
-218.355
-233.634
-234.86
-227.554
-230.563
-232.505
-227.365
-222.86
-214.988
-206.914
-196.038
-183.54
-172.09
-166.064
-146.14
-134.808
-137.14
-117.363
-120.935
-122.739
-138.226
-139.815
-146.78
-161.005
-164.659
-170.678
-195.446
-204.227
-195.348
-213.809
-220.181
-216.093
-215.081
-221.017
-211.558
-201.956
-199.14
-191.582
-186.155
-173.078
-163.362
-143.909
-139.726
-129.739
-115.517
-117.461
-116.468
-112.512
-113.822
-120.962
-129.042
-137.044
-135.556
-134.65
-144.056
-143.221
-138.269
-138.212
-140.144
-145.076
-138.938
-139.643
-141.585
-134.537
-133.746
-128.676
-124.25
-126.04
-121.792
-127.694
-122.32
-127.646
-130.188
-127.696
-126.078
-126.83
-126.83
-126.83
