-135.616
-124.711
-121.364
-134.552
-115.374
-124.777
-127.654
-133.028
-126.566
-139.521
-160.986
-151.561
-151.199
-168.493
-177.594
-198.242
-208.808
-219.811
-238.292
-268.542
-265.157
-263.281
-281.584
-286.479
-298.893
-294.98
-294.939
-287.332
-288.936
-269.259
-257.226
-254.761
-242.4
-226.807
-202.226
-182.898
-174.09
-143.539
-139.101
-113.13
-121.786
-113.378
-120.713
-122.615
-138.515
-135.156
-146.132
-157.517
-165.402
-182.912
-198.853
-194.145
-202.355
-221.634
-217.86
-226.554
-215.563
-214.505
-215.365
-216.86
-207.988
-192.914
-188.038
-169.54
-161.09
-154.064
-140.14
-136.808
-127.14
-107.363
-109.935
-114.739
-111.226
-132.815
-138.78
-163.005
-158.659
-161.678
-179.446
-193.227
-191.348
-205.809
-208.181
-210.093
-214.081
-210.017
-202.558
-206.956
-191.14
-197.582
-188.155
-170.078
-147.362
-143.909
-135.726
-120.739
-100.517
-99.461
-102.468
-96.512
-114.822
-104.962
-115.042
-129.044
-127.556
-121.65
-129.056
-139.221
-144.269
-143.212
-132.144
-139.076
-133.938
-121.643
-124.585
-135.537
-132.746
-127.676
-120.25
-117.04
-113.792
-112.694
-119.32
-115.646
-116.188
-119.696
-119.078
-112.83
-112.83
-112.83
