-106.616
-120.711
-111.364
-117.552
-119.374
-119.777
-111.654
-135.028
-115.566
-140.521
-163.986
-130.561
-147.199
-179.493
-177.594
-192.242
-198.808
-222.811
-222.292
-255.542
-258.157
-267.281
-285.584
-286.479
-279.893
-294.98
-304.939
-283.332
-290.936
-271.259
-253.226
-241.761
-218.4
-202.807
-210.226
-177.898
-155.09
-148.539
-133.101
-124.13
-114.786
-106.378
-99.713
-117.615
-123.515
-134.156
-132.132
-167.517
-166.402
-188.912
-194.853
-193.145
-212.355
-224.634
-232.86
-216.554
-213.563
-223.505
-208.365
-212.86
-206.988
-196.914
-180.038
-157.54
-153.09
-149.064
-142.14
-120.808
-128.14
-110.363
-88.935
-111.739
-110.226
-125.815
-121.78
-134.005
-147.659
-165.678
-188.446
-180.227
-178.348
-210.809
-218.181
-205.093
-205.081
-207.017
-188.558
-178.956
-167.14
-171.582
-182.155
-157.078
-139.362
-125.909
-118.726
-124.739
-83.517
-111.461
-92.468
-101.512
-99.822
-105.962
-99.042
-126.044
-125.556
-114.65
-127.056
-140.221
-124.269
-128.212
-133.144
-121.076
-131.938
-126.643
-126.585
-116.537
-111.746
-115.676
-119.25
-111.04
-112.792
-121.694
-107.32
-115.646
-110.188
-108.696
-114.078
-118.83
-118.83
-118.83
