-118.616
-123.711
-123.364
-122.552
-118.374
-121.777
-124.654
-130.028
-123.566
-133.521
-150.986
-149.561
-161.199
-186.493
-170.594
-206.242
-213.808
-239.811
-242.292
-259.542
-263.157
-272.281
-283.584
-298.479
-303.893
-298.98
-297.939
-284.332
-295.936
-272.259
-271.226
-243.761
-236.4
-222.807
-203.226
-193.898
-170.09
-150.539
-146.101
-131.13
-121.786
-103.378
-108.713
-127.615
-138.515
-143.156
-147.132
-174.517
-176.402
-191.912
-201.853
-192.145
-210.355
-232.634
-221.86
-234.554
-214.563
-222.505
-218.365
-220.86
-190.988
-201.914
-187.038
-175.54
-162.09
-146.064
-149.14
-131.808
-127.14
-116.363
-109.935
-118.739
-130.226
-137.815
-135.78
-162.005
-157.659
-165.678
-181.446
-195.227
-200.348
-201.809
-221.181
-204.093
-218.081
-204.017
-199.558
-186.956
-197.14
-185.582
-182.155
-166.078
-165.362
-141.909
-134.726
-123.739
-107.517
-119.461
-104.468
-109.512
-107.822
-108.962
-116.042
-127.044
-134.556
-132.65
-142.056
-132.221
-137.269
-140.212
-131.144
-131.076
-147.938
-131.643
-136.585
-127.537
-126.746
-123.676
-109.25
-120.04
-122.792
-119.694
-113.32
-124.646
-112.188
-114.696
-122.078
-119.83
-119.83
-119.83
