133.616
146.711
136.364
139.552
134.374
139.777
140.654
139.028
148.566
148.521
159.986
157.561
165.199
183.493
189.594
217.242
231.808
236.811
250.292
274.542
282.157
281.281
296.584
305.479
305.893
319.98
310.939
308.332
301.936
278.259
275.226
271.761
243.4
236.807
222.226
194.898
181.09
170.539
156.101
134.13
132.786
124.378
135.713
137.615
160.515
155.156
157.132
178.517
185.402
205.912
219.853
210.145
225.355
230.634
246.86
236.554
239.563
241.505
226.365
225.86
216.988
201.914
201.038
184.54
179.09
169.064
145.14
144.808
147.14
136.363
124.935
126.739
141.226
144.815
159.78
169.005
178.659
173.678
201.446
203.227
207.348
214.809
224.181
226.093
221.081
230.017
227.558
214.956
210.14
196.582
196.155
180.078
168.362
153.909
143.726
127.739
121.517
114.461
122.468
114.512
121.822
124.962
135.042
140.044
143.556
147.65
152.056
145.221
147.269
151.212
150.144
157.076
145.938
145.643
146.585
151.537
135.746
138.676
134.25
123.04
128.792
136.694
125.32
139.646
134.188
124.696
142.078
127.83
127.83
127.83
