137.616
131.711
127.364
132.552
133.374
132.777
130.654
139.028
143.566
146.521
161.986
163.561
168.199
186.493
186.594
207.242
224.808
233.811
249.292
273.542
271.157
278.281
300.584
303.479
311.893
304.98
311.939
300.332
303.936
284.259
272.226
260.761
248.4
229.807
220.226
195.898
178.09
165.539
149.101
139.13
125.786
120.378
129.713
135.615
149.515
150.156
161.132
177.517
184.402
198.912
208.853
204.145
227.355
237.634
236.86
233.554
229.563
228.505
235.365
230.86
212.988
205.914
199.038
181.54
170.09
163.064
150.14
139.808
141.14
122.363
123.935
130.739
140.226
138.815
150.78
163.005
170.659
172.678
195.446
202.227
198.348
217.809
226.181
225.093
224.081
218.017
219.558
205.956
197.14
198.582
189.155
176.078
172.362
146.909
142.726
137.739
114.517
120.461
120.468
118.512
117.822
117.962
134.042
136.044
144.556
143.65
143.056
141.221
147.269
141.212
147.144
143.076
145.938
143.643
142.585
144.537
131.746
135.676
133.25
128.04
129.792
130.694
122.32
123.646
129.188
124.696
133.078
123.83
123.83
123.83
