134.616
145.711
145.364
151.552
140.374
140.777
140.654
145.028
148.566
144.521
168.986
171.561
184.199
190.493
194.594
215.242
236.808
254.811
250.292
286.542
274.157
285.281
309.584
301.479
318.893
322.98
326.939
315.332
294.936
285.259
276.226
273.761
249.4
237.807
220.226
205.898
187.09
157.539
150.101
143.13
124.786
126.378
142.713
146.615
144.515
167.156
167.132
185.517
187.402
200.912
219.853
216.145
232.355
249.634
238.86
240.554
239.563
251.505
240.365
228.86
223.988
228.914
212.038
187.54
183.09
167.064
157.14
144.808
142.14
134.363
118.935
126.739
148.226
152.815
153.78
175.005
181.659
175.678
211.446
217.227
219.348
209.809
231.181
223.093
224.081
221.017
227.558
204.956
213.14
211.582
196.155
177.078
170.362
159.909
147.726
146.739
114.517
125.461
134.468
135.512
123.822
125.962
133.042
143.044
137.556
158.65
146.056
145.221
155.269
158.212
168.144
157.076
156.938
149.643
148.585
145.537
155.746
140.676
140.25
133.04
144.792
132.694
121.32
137.646
144.188
133.696
134.078
127.83
127.83
127.83
