136.616
131.711
133.364
135.552
132.374
130.777
131.654
141.028
144.566
145.521
154.986
160.561
163.199
179.493
188.594
209.242
224.808
231.811
249.292
273.542
271.157
282.281
301.584
302.479
304.893
311.98
310.939
303.332
297.936
277.259
277.226
264.761
244.4
224.807
220.226
196.898
178.09
160.539
149.101
139.13
125.786
126.378
128.713
137.615
144.515
149.156
161.132
178.517
186.402
197.912
203.853
209.145
222.355
233.634
232.86
228.554
230.563
233.505
233.365
226.86
210.988
210.914
198.038
180.54
170.09
168.064
148.14
137.808
141.14
126.363
117.935
128.739
140.226
137.815
150.78
167.005
170.659
178.678
199.446
202.227
202.348
216.809
227.181
225.093
224.081
224.017
214.558
204.956
203.14
194.582
183.155
174.078
170.362
144.909
137.726
131.739
115.517
119.461
114.468
120.512
121.822
118.962
129.042
135.044
143.556
144.65
143.056
146.221
148.269
142.212
148.144
146.076
140.938
138.643
137.585
138.537
132.746
136.676
133.25
132.04
129.792
130.694
121.32
129.646
133.188
130.696
132.078
124.83
124.83
124.83
