135.616
131.711
131.364
133.552
128.374
128.777
134.654
142.028
146.566
148.521
156.986
167.561
173.199
194.493
187.594
216.242
225.808
243.811
252.292
270.542
273.157
282.281
304.584
305.479
314.893
315.98
308.939
294.332
301.936
285.259
275.226
263.761
252.4
233.807
217.226
193.898
181.09
159.539
156.101
145.13
123.786
130.378
132.713
136.615
149.515
150.156
159.132
180.517
183.402
196.912
208.853
213.145
224.355
227.634
243.86
232.554
231.563
225.505
238.365
239.86
209.988
206.914
195.038
188.54
170.09
177.064
155.14
153.808
143.14
130.363
123.935
132.739
133.226
144.815
147.78
178.005
169.659
170.678
195.446
205.227
199.348
212.809
228.181
217.093
221.081
216.017
216.558
210.956
197.14
203.582
191.155
178.078
168.362
148.909
141.726
134.739
128.517
119.461
122.468
128.512
117.822
119.962
132.042
134.044
142.556
144.65
156.056
149.221
141.269
144.212
150.144
150.076
154.938
145.643
140.585
147.537
145.746
132.676
143.25
139.04
126.792
123.694
126.32
129.646
128.188
126.696
135.078
125.83
125.83
125.83
