-117.616
-120.711
-114.364
-121.552
-107.374
-114.777
-125.654
-115.028
-117.566
-128.521
-148.986
-138.561
-153.199
-169.493
-171.594
-205.242
-213.808
-224.811
-237.292
-248.542
-252.157
-262.281
-284.584
-292.479
-307.893
-289.98
-300.939
-273.332
-301.936
-267.259
-274.226
-239.761
-227.4
-218.807
-199.226
-185.898
-158.09
-141.539
-146.101
-118.13
-114.786
-95.378
-105.713
-128.615
-127.515
-130.156
-137.132
-177.517
-182.402
-195.912
-191.853
-186.145
-204.355
-220.634
-218.86
-223.554
-208.563
-219.505
-211.365
-211.86
-190.988
-190.914
-182.038
-179.54
-156.09
-140.064
-141.14
-121.808
-123.14
-108.363
-98.935
-111.739
-123.226
-129.815
-129.78
-169.005
-147.659
-162.678
-171.446
-192.227
-193.348
-203.809
-228.181
-203.093
-210.081
-189.017
-203.558
-185.956
-187.14
-180.582
-183.155
-159.078
-153.362
-136.909
-134.726
-123.739
-105.517
-115.461
-92.468
-98.512
-104.822
-105.962
-115.042
-121.044
-122.556
-122.65
-137.056
-123.221
-125.269
-146.212
-123.144
-122.076
-135.938
-128.643
-130.585
-113.537
-126.746
-111.676
-100.25
-115.04
-110.792
-123.694
-111.32
-127.646
-102.188
-115.696
-111.078
-107.83
-107.83
-107.83
