-123.616
-134.711
-120.364
-135.552
-132.374
-131.777
-123.654
-128.028
-129.566
-144.521
-152.986
-157.561
-162.199
-177.493
-181.594
-204.242
-215.808
-231.811
-241.292
-260.542
-271.157
-269.281
-289.584
-294.479
-305.893
-303.98
-303.939
-292.332
-297.936
-271.259
-275.226
-257.761
-247.4
-221.807
-211.226
-187.898
-170.09
-156.539
-152.101
-129.13
-120.786
-124.378
-117.713
-123.615
-142.515
-142.156
-161.132
-165.517
-183.402
-190.912
-208.853
-208.145
-220.355
-234.634
-230.86
-226.554
-228.563
-227.505
-233.365
-228.86
-215.988
-203.914
-196.038
-182.54
-173.09
-165.064
-147.14
-135.808
-133.14
-114.363
-119.935
-126.739
-130.226
-132.815
-143.78
-156.005
-167.659
-170.678
-191.446
-198.227
-191.348
-209.809
-223.181
-216.093
-216.081
-222.017
-207.558
-202.956
-198.14
-185.582
-182.155
-169.078
-163.362
-138.909
-136.726
-127.739
-118.517
-108.461
-116.468
-106.512
-114.822
-110.962
-132.042
-131.044
-132.556
-137.65
-141.056
-141.221
-135.269
-134.212
-142.144
-140.076
-140.938
-131.643
-140.585
-143.537
-125.746
-128.676
-126.25
-128.04
-122.792
-122.694
-119.32
-126.646
-132.188
-117.696
-124.078
-117.83
-117.83
-117.83
