-116.616
-120.711
-117.364
-121.552
-111.374
-114.777
-123.654
-120.028
-115.566
-131.521
-146.986
-141.561
-157.199
-174.493
-171.594
-203.242
-213.808
-227.811
-235.292
-247.542
-250.157
-265.281
-282.584
-296.479
-305.893
-292.98
-298.939
-278.332
-301.936
-265.259
-274.226
-239.761
-230.4
-216.807
-197.226
-189.898
-162.09
-144.539
-145.101
-117.13
-118.786
-98.378
-104.713
-128.615
-127.515
-135.156
-135.132
-180.517
-181.402
-194.912
-190.853
-186.145
-208.355
-224.634
-222.86
-226.554
-212.563
-219.505
-211.365
-214.86
-188.988
-194.914
-180.038
-179.54
-154.09
-143.064
-141.14
-124.808
-123.14
-111.363
-97.935
-114.739
-123.226
-127.815
-132.78
-167.005
-150.659
-166.678
-176.446
-192.227
-197.348
-203.809
-226.181
-208.093
-214.081
-194.017
-202.558
-184.956
-190.14
-184.582
-181.155
-158.078
-153.362
-134.909
-138.726
-123.739
-108.517
-119.461
-97.468
-103.512
-108.822
-103.962
-114.042
-124.044
-127.556
-126.65
-135.056
-123.221
-129.269
-144.212
-123.144
-126.076
-135.938
-126.643
-135.585
-118.537
-129.746
-115.676
-99.25
-113.04
-115.792
-123.694
-109.32
-126.646
-105.188
-113.696
-116.078
-112.83
-112.83
-112.83
