127.616
147.711
133.364
140.552
135.374
135.777
140.654
144.028
145.566
157.521
167.986
168.561
172.199
184.493
189.594
220.242
227.808
239.811
245.292
278.542
272.157
280.281
304.584
312.479
311.893
311.98
305.939
311.332
305.936
279.259
280.226
262.761
246.4
225.807
223.226
205.898
178.09
168.539
144.101
137.13
125.786
120.378
141.713
142.615
152.515
161.156
159.132
180.517
175.402
201.912
211.853
218.145
229.355
239.634
239.86
241.554
237.563
239.505
231.365
226.86
210.988
205.914
204.038
181.54
177.09
169.064
159.14
143.808
141.14
129.363
125.935
127.739
149.226
146.815
146.78
161.005
178.659
183.678
205.446
203.227
213.348
207.809
236.181
234.093
225.081
230.017
223.558
220.956
209.14
206.582
187.155
180.078
183.362
149.909
144.726
138.739
124.517
121.461
118.468
125.512
120.822
126.962
130.042
131.044
155.556
154.65
152.056
162.221
139.269
151.212
144.144
152.076
145.938
141.643
154.585
139.537
137.746
139.676
140.25
140.04
131.792
135.694
126.32
141.646
140.188
143.696
140.078
139.83
139.83
139.83
