126.616
151.711
136.364
145.552
140.374
139.777
139.654
142.028
150.566
162.521
171.986
168.561
170.199
182.493
188.594
220.242
226.808
238.811
249.292
283.542
272.157
279.281
302.584
316.479
314.893
314.98
309.939
310.332
310.936
282.259
285.226
260.761
246.4
228.807
227.226
204.898
181.09
172.539
149.101
142.13
124.786
120.378
139.713
146.615
157.515
166.156
164.132
178.517
179.402
206.912
210.853
218.145
234.355
242.634
243.86
240.554
236.563
242.505
234.365
226.86
209.988
210.914
208.038
181.54
177.09
172.064
164.14
143.808
146.14
132.363
128.935
127.739
152.226
150.815
151.78
165.005
183.659
186.678
205.446
203.227
211.348
205.809
235.181
234.093
223.081
234.017
227.558
223.956
209.14
206.582
185.155
180.078
182.362
154.909
143.726
141.739
123.517
119.461
121.468
125.512
119.822
124.962
128.042
136.044
158.556
157.65
152.056
166.221
142.269
150.212
143.144
152.076
145.938
140.643
153.585
143.537
137.746
144.676
140.25
145.04
134.792
139.694
130.32
146.646
140.188
146.696
143.078
137.83
137.83
137.83
