-135.616
-118.711
-116.364
-135.552
-108.374
-122.777
-122.654
-121.028
-114.566
-128.521
-153.986
-147.561
-146.199
-168.493
-167.594
-186.242
-213.808
-211.811
-231.292
-259.542
-259.157
-255.281
-271.584
-285.479
-290.893
-285.98
-283.939
-269.332
-270.936
-267.259
-254.226
-250.761
-237.4
-221.807
-192.226
-178.898
-161.09
-137.539
-127.101
-105.13
-118.786
-118.378
-115.713
-125.615
-131.515
-123.156
-135.132
-155.517
-161.402
-188.912
-193.853
-182.145
-202.355
-214.634
-211.86
-213.554
-208.563
-205.505
-201.365
-212.86
-199.988
-198.914
-195.038
-158.54
-152.09
-150.064
-133.14
-130.808
-126.14
-101.363
-111.935
-107.739
-106.226
-126.815
-135.78
-157.005
-156.659
-148.678
-177.446
-191.227
-194.348
-193.809
-207.181
-202.093
-213.081
-199.017
-202.558
-207.956
-183.14
-192.582
-175.155
-158.078
-136.362
-136.909
-133.726
-114.739
-99.517
-91.461
-96.468
-85.512
-104.822
-91.962
-107.042
-123.044
-126.556
-115.65
-121.056
-128.221
-141.269
-135.212
-122.144
-139.076
-136.938
-108.643
-109.585
-128.537
-126.746
-117.676
-118.25
-105.04
-107.792
-112.694
-114.32
-103.646
-116.188
-116.696
-113.078
-103.83
-103.83
-103.83
