137.616
134.711
136.364
126.552
133.374
133.777
133.654
142.028
151.566
150.521
157.986
166.561
170.199
188.493
196.594
206.242
226.808
243.811
250.292
275.542
279.157
287.281
304.584
307.479
313.893
309.98
314.939
304.332
307.936
281.259
268.226
267.761
247.4
232.807
215.226
197.898
177.09
160.539
159.101
138.13
132.786
133.378
130.713
134.615
152.515
152.156
153.132
176.517
184.402
205.912
208.853
213.145
226.355
229.634
236.86
234.554
238.563
238.505
233.365
233.86
216.988
212.914
212.038
181.54
178.09
163.064
152.14
142.808
138.14
118.363
120.935
127.739
142.226
146.815
150.78
168.005
164.659
187.678
194.446
203.227
202.348
220.809
228.181
231.093
220.081
222.017
217.558
217.956
203.14
202.582
188.155
176.078
174.362
158.909
139.726
146.739
122.517
119.461
115.468
120.512
118.822
124.962
132.042
151.044
146.556
147.65
143.056
145.221
154.269
156.212
151.144
156.076
141.938
138.643
140.585
145.537
146.746
140.676
135.25
131.04
131.792
122.694
123.32
123.646
130.188
128.696
125.078
133.83
133.83
133.83
