-107.616
-133.711
-114.364
-132.552
-136.374
-128.777
-117.654
-123.028
-120.566
-139.521
-148.986
-161.561
-153.199
-173.493
-181.594
-188.242
-206.808
-222.811
-228.292
-264.542
-267.157
-264.281
-277.584
-295.479
-299.893
-299.98
-300.939
-284.332
-297.936
-267.259
-265.226
-252.761
-232.4
-209.807
-209.226
-175.898
-158.09
-154.539
-155.101
-133.13
-114.786
-115.378
-101.713
-106.615
-131.515
-139.156
-148.132
-168.517
-182.402
-177.912
-204.853
-201.145
-214.355
-222.634
-223.86
-219.554
-220.563
-225.505
-227.365
-229.86
-202.988
-198.914
-199.038
-169.54
-166.09
-159.064
-153.14
-130.808
-136.14
-107.363
-115.935
-119.739
-124.226
-128.815
-132.78
-143.005
-153.659
-162.678
-191.446
-195.227
-190.348
-207.809
-213.181
-201.093
-211.081
-212.017
-192.558
-195.956
-192.14
-178.582
-173.155
-161.078
-157.362
-133.909
-123.726
-123.739
-113.517
-103.461
-105.468
-93.512
-107.822
-108.962
-124.042
-131.044
-128.556
-130.65
-136.056
-136.221
-126.269
-134.212
-140.144
-142.076
-131.938
-122.643
-133.585
-137.537
-115.746
-120.676
-121.25
-127.04
-113.792
-124.694
-125.32
-115.646
-129.188
-116.696
-121.078
-112.83
-112.83
-112.83
