129.616
153.711
147.364
139.552
136.374
148.777
140.654
134.028
146.566
158.521
163.986
166.561
168.199
194.493
192.594
213.242
233.808
239.811
251.292
276.542
290.157
288.281
304.584
316.479
303.893
321.98
320.939
312.332
300.936
284.259
279.226
284.761
243.4
243.807
225.226
193.898
182.09
173.539
169.101
139.13
134.786
130.378
142.713
144.615
165.515
157.156
161.132
184.517
192.402
213.912
228.853
210.145
226.355
238.634
245.86
248.554
238.563
244.505
232.365
232.86
222.988
203.914
202.038
180.54
189.09
166.064
151.14
142.808
159.14
144.363
120.935
139.739
148.226
145.815
163.78
174.005
190.659
174.678
208.446
211.227
211.348
214.809
231.181
227.093
227.081
236.017
233.558
216.956
210.14
200.582
198.155
182.078
163.362
150.909
148.726
124.739
127.517
118.461
118.468
118.512
135.822
133.962
146.042
142.044
143.556
159.65
149.056
150.221
155.269
160.212
156.144
165.076
149.938
148.643
149.585
151.537
130.746
145.676
147.25
121.04
129.792
143.694
130.32
152.646
134.188
131.696
147.078
129.83
129.83
129.83
