-128.616
-129.711
-127.364
-133.552
-120.374
-134.777
-126.654
-133.028
-136.566
-138.521
-151.986
-160.561
-160.199
-184.493
-186.594
-204.242
-212.808
-230.811
-241.292
-265.542
-266.157
-275.281
-293.584
-306.479
-308.893
-304.98
-304.939
-301.332
-297.936
-277.259
-272.226
-258.761
-240.4
-223.807
-217.226
-194.898
-174.09
-158.539
-145.101
-128.13
-127.786
-115.378
-121.713
-130.615
-138.515
-151.156
-155.132
-171.517
-178.402
-199.912
-203.853
-203.145
-223.355
-230.634
-231.86
-233.554
-231.563
-221.505
-222.365
-223.86
-209.988
-198.914
-195.038
-183.54
-174.09
-160.064
-147.14
-137.808
-131.14
-114.363
-113.935
-123.739
-132.226
-135.815
-148.78
-166.005
-168.659
-168.678
-185.446
-192.227
-194.348
-205.809
-215.181
-218.093
-218.081
-223.017
-219.558
-200.956
-195.14
-198.582
-181.155
-167.078
-168.362
-149.909
-136.726
-126.739
-109.517
-117.461
-112.468
-111.512
-117.822
-116.962
-132.042
-135.044
-135.556
-131.65
-141.056
-140.221
-134.269
-138.212
-144.144
-138.076
-139.938
-132.643
-135.585
-132.537
-131.746
-130.676
-133.25
-126.04
-124.792
-122.694
-125.32
-121.646
-126.188
-126.696
-124.078
-128.83
-128.83
-128.83
