-129.616
-132.711
-127.364
-129.552
-132.374
-133.777
-125.654
-139.028
-143.566
-139.521
-153.986
-156.561
-162.199
-178.493
-186.594
-208.242
-222.808
-226.811
-247.292
-265.542
-267.157
-275.281
-293.584
-305.479
-299.893
-303.98
-302.939
-295.332
-292.936
-271.259
-269.226
-254.761
-247.4
-226.807
-217.226
-187.898
-174.09
-157.539
-148.101
-127.13
-125.786
-114.378
-122.713
-124.615
-143.515
-143.156
-154.132
-166.517
-178.402
-195.912
-208.853
-202.145
-215.355
-230.634
-229.86
-222.554
-230.563
-234.505
-223.365
-218.86
-211.988
-206.914
-193.038
-180.54
-173.09
-163.064
-142.14
-134.808
-139.14
-119.363
-122.935
-123.739
-140.226
-139.815
-143.78
-156.005
-164.659
-166.678
-192.446
-206.227
-190.348
-213.809
-222.181
-213.093
-215.081
-217.017
-212.558
-197.956
-201.14
-191.582
-186.155
-169.078
-158.362
-140.909
-140.726
-129.739
-112.517
-119.461
-112.468
-114.512
-114.822
-117.962
-125.042
-139.044
-130.556
-135.65
-146.056
-143.221
-133.269
-134.212
-135.144
-140.076
-135.938
-141.643
-136.585
-136.537
-128.746
-130.676
-121.25
-128.04
-117.792
-128.694
-122.32
-128.646
-132.188
-123.696
-126.078
-126.83
-126.83
-126.83
