139.616
139.711
132.364
140.552
129.374
133.777
135.654
134.028
142.566
149.521
158.986
164.561
173.199
188.493
190.594
210.242
224.808
240.811
247.292
271.542
274.157
277.281
304.584
301.479
311.893
311.98
315.939
309.332
296.936
279.259
270.226
259.761
245.4
229.807
221.226
198.898
185.09
157.539
148.101
138.13
124.786
122.378
127.713
135.615
144.515
153.156
160.132
180.517
190.402
202.912
202.853
215.145
219.355
236.634
236.86
228.554
234.563
240.505
234.365
228.86
218.988
215.914
207.038
178.54
178.09
168.064
152.14
145.808
135.14
124.363
116.935
128.739
145.226
147.815
144.78
167.005
176.659
179.678
204.446
208.227
204.348
209.809
230.181
218.093
223.081
222.017
219.558
209.956
206.14
197.582
190.155
170.078
174.362
154.909
142.726
136.739
120.517
112.461
122.468
125.512
116.822
124.962
133.042
138.044
136.556
142.65
144.056
149.221
145.269
152.212
151.144
147.076
148.938
146.643
138.585
136.537
142.746
135.676
136.25
131.04
132.792
128.694
126.32
135.646
137.188
129.696
131.078
122.83
122.83
122.83
