-129.616
-133.711
-125.364
-127.552
-129.374
-134.777
-133.654
-137.028
-135.566
-143.521
-153.986
-156.561
-164.199
-181.493
-183.594
-211.242
-215.808
-234.811
-245.292
-263.542
-268.157
-279.281
-293.584
-303.479
-307.893
-306.98
-302.939
-296.332
-301.936
-276.259
-267.226
-257.761
-241.4
-223.807
-213.226
-188.898
-180.09
-155.539
-152.101
-138.13
-120.786
-118.378
-120.713
-134.615
-147.515
-147.156
-153.132
-171.517
-181.402
-194.912
-200.853
-203.145
-224.355
-228.634
-235.86
-230.554
-230.563
-227.505
-226.365
-223.86
-208.988
-200.914
-195.038
-183.54
-168.09
-159.064
-151.14
-134.808
-136.14
-122.363
-115.935
-127.739
-132.226
-136.815
-146.78
-166.005
-162.659
-171.678
-192.446
-199.227
-195.348
-214.809
-224.181
-215.093
-221.081
-216.017
-211.558
-201.956
-200.14
-191.582
-187.155
-172.078
-169.362
-146.909
-136.726
-128.739
-112.517
-117.461
-110.468
-117.512
-113.822
-119.962
-125.042
-137.044
-140.556
-135.65
-140.056
-144.221
-140.269
-139.212
-145.144
-143.076
-144.938
-136.643
-141.585
-134.537
-128.746
-134.676
-125.25
-126.04
-126.792
-125.694
-119.32
-122.646
-124.188
-121.696
-124.078
-122.83
-122.83
-122.83
