-126.616
-109.711
-122.364
-132.552
-121.374
-133.777
-128.654
-121.028
-130.566
-117.521
-138.986
-154.561
-152.199
-168.493
-174.594
-197.242
-190.808
-216.811
-233.292
-259.542
-261.157
-266.281
-292.584
-295.479
-295.893
-298.98
-297.939
-296.332
-293.936
-251.259
-262.226
-247.761
-230.4
-221.807
-209.226
-194.898
-171.09
-144.539
-128.101
-120.13
-119.786
-112.378
-105.713
-103.615
-123.515
-144.156
-136.132
-151.517
-162.402
-200.912
-202.853
-185.145
-208.355
-216.634
-237.86
-224.554
-229.563
-215.505
-204.365
-204.86
-198.988
-184.914
-180.038
-175.54
-147.09
-148.064
-149.14
-118.808
-126.14
-108.363
-93.935
-109.739
-118.226
-117.815
-146.78
-163.005
-147.659
-152.678
-179.446
-183.227
-196.348
-188.809
-202.181
-219.093
-209.081
-209.017
-206.558
-191.956
-200.14
-183.582
-162.155
-153.078
-172.362
-144.909
-128.726
-119.739
-102.517
-112.461
-98.468
-105.512
-98.822
-111.962
-123.042
-128.044
-119.556
-123.65
-133.056
-130.221
-130.269
-127.212
-134.144
-127.076
-128.938
-128.643
-116.585
-109.537
-120.746
-115.676
-117.25
-118.04
-117.792
-107.694
-117.32
-116.646
-113.188
-110.696
-111.078
-129.83
-129.83
-129.83
