139.616
136.711
133.364
134.552
126.374
141.777
140.654
137.028
139.566
151.521
159.986
158.561
168.199
190.493
190.594
213.242
217.808
237.811
247.292
271.542
279.157
280.281
294.584
300.479
308.893
306.98
304.939
302.332
298.936
288.259
270.226
259.761
246.4
223.807
218.226
191.898
181.09
162.539
155.101
139.13
123.786
125.378
129.713
135.615
149.515
153.156
153.132
170.517
177.402
202.912
206.853
209.145
226.355
231.634
241.86
238.554
234.563
227.505
235.365
224.86
215.988
207.914
205.038
179.54
175.09
166.064
152.14
148.808
145.14
130.363
121.935
122.739
138.226
148.815
150.78
169.005
166.659
177.678
193.446
205.227
196.348
215.809
221.181
229.093
217.081
227.017
216.558
206.956
197.14
198.582
188.155
173.078
170.362
149.909
144.726
136.739
119.517
116.461
125.468
112.512
126.822
121.962
132.042
140.044
140.556
147.65
141.056
145.221
141.269
151.212
141.144
147.076
147.938
136.643
137.585
148.537
129.746
134.676
130.25
127.04
130.792
127.694
121.32
134.646
125.188
129.696
134.078
124.83
124.83
124.83
