149.616
130.711
139.364
143.552
130.374
146.777
138.654
134.028
156.566
150.521
166.986
156.561
170.199
184.493
198.594
223.242
218.808
240.811
241.292
275.542
285.157
277.281
306.584
308.479
318.893
302.98
307.939
299.332
303.936
284.259
278.226
270.761
253.4
228.807
215.226
198.898
188.09
167.539
163.101
140.13
139.786
133.378
135.713
132.615
154.515
153.156
158.132
174.517
191.402
202.912
212.853
211.145
231.355
238.634
241.86
242.554
223.563
232.505
233.365
231.86
228.988
208.914
214.038
188.54
175.09
175.064
154.14
151.808
139.14
120.363
126.935
118.739
138.226
148.815
152.78
167.005
173.659
190.678
198.446
214.227
205.348
216.809
229.181
222.093
234.081
223.017
228.558
217.956
213.14
200.582
194.155
182.078
172.362
152.909
137.726
144.739
120.517
122.461
118.468
116.512
122.822
128.962
134.042
143.044
151.556
157.65
156.056
154.221
143.269
147.212
160.144
149.076
157.938
145.643
154.585
143.537
146.746
147.676
130.25
140.04
138.792
130.694
132.32
124.646
133.188
123.696
135.078
140.83
140.83
140.83
