134.616
141.711
133.364
141.552
129.374
135.777
135.654
139.028
143.566
144.521
154.986
159.561
167.199
184.493
191.594
218.242
228.808
236.811
251.292
275.542
277.157
277.281
298.584
306.479
307.893
314.98
310.939
304.332
297.936
279.259
270.226
271.761
243.4
233.807
223.226
196.898
177.09
167.539
152.101
136.13
128.786
124.378
132.713
139.615
155.515
157.156
154.132
179.517
187.402
206.912
214.853
212.145
227.355
230.634
242.86
236.554
239.563
237.505
227.365
222.86
216.988
201.914
202.038
181.54
179.09
171.064
146.14
144.808
144.14
131.363
126.935
122.739
138.226
146.815
154.78
169.005
175.659
173.678
203.446
205.227
203.348
216.809
226.181
223.093
222.081
230.017
222.558
214.956
207.14
192.582
192.155
181.078
169.362
150.909
139.726
129.739
118.517
114.461
118.468
116.512
118.822
121.962
132.042
142.044
138.556
142.65
153.056
146.221
144.269
151.212
150.144
152.076
146.938
141.643
142.585
147.537
136.746
135.676
130.25
125.04
128.792
133.694
126.32
135.646
130.188
126.696
139.078
123.83
123.83
123.83
