-127.616
-106.711
-112.364
-115.552
-114.374
-115.777
-109.654
-118.028
-126.566
-125.521
-149.986
-137.561
-137.199
-158.493
-168.594
-184.242
-217.808
-215.811
-233.292
-258.542
-256.157
-247.281
-286.584
-270.479
-290.893
-293.98
-311.939
-287.332
-294.936
-272.259
-252.226
-246.761
-231.4
-208.807
-198.226
-184.898
-167.09
-153.539
-135.101
-112.13
-117.786
-118.378
-101.713
-108.615
-131.515
-139.156
-133.132
-148.517
-167.402
-183.912
-190.853
-193.145
-205.355
-212.634
-227.86
-213.554
-206.563
-227.505
-213.365
-201.86
-207.988
-180.914
-200.038
-171.54
-155.09
-139.064
-133.14
-117.808
-123.14
-108.363
-117.935
-114.739
-122.226
-118.815
-139.78
-154.005
-158.659
-171.678
-187.446
-198.227
-189.348
-198.809
-202.181
-193.093
-194.081
-212.017
-211.558
-191.956
-167.14
-175.582
-178.155
-148.078
-161.362
-144.909
-119.726
-129.739
-106.517
-88.461
-103.468
-101.512
-92.822
-98.962
-118.042
-108.044
-115.556
-122.65
-125.056
-135.221
-128.269
-137.212
-125.144
-132.076
-126.938
-122.643
-129.585
-123.537
-119.746
-135.676
-119.25
-106.04
-97.792
-111.694
-97.32
-129.646
-125.188
-121.696
-115.078
-100.83
-100.83
-100.83
