-115.616
-107.711
-123.364
-120.552
-113.374
-130.777
-126.654
-141.028
-126.566
-143.521
-148.986
-160.561
-153.199
-176.493
-190.594
-190.242
-204.808
-229.811
-231.292
-257.542
-267.157
-269.281
-297.584
-276.479
-297.893
-296.98
-293.939
-300.332
-281.936
-261.259
-251.226
-254.761
-231.4
-220.807
-204.226
-182.898
-172.09
-136.539
-134.101
-137.13
-104.786
-107.378
-121.713
-123.615
-136.515
-149.156
-148.132
-169.517
-173.402
-197.912
-179.853
-196.145
-214.355
-223.634
-218.86
-227.554
-207.563
-217.505
-221.365
-203.86
-206.988
-192.914
-184.038
-170.54
-150.09
-150.064
-141.14
-131.808
-124.14
-116.363
-106.935
-101.739
-131.226
-131.815
-132.78
-161.005
-151.659
-160.678
-186.446
-201.227
-183.348
-209.809
-203.181
-223.093
-201.081
-211.017
-205.558
-195.956
-189.14
-179.582
-170.155
-170.078
-152.362
-120.909
-118.726
-116.739
-98.517
-96.461
-103.468
-113.512
-117.822
-102.962
-119.042
-120.044
-124.556
-112.65
-131.056
-138.221
-134.269
-142.212
-155.144
-140.076
-120.938
-141.643
-113.585
-144.537
-125.746
-113.676
-115.25
-114.04
-117.792
-100.694
-104.32
-119.646
-128.188
-116.696
-118.078
-125.83
-125.83
-125.83
