129.616
151.711
147.364
144.552
141.374
153.777
144.654
134.028
145.566
158.521
168.986
166.561
172.199
198.493
196.594
213.242
236.808
237.811
256.292
276.542
294.157
288.281
308.584
320.479
308.893
324.98
320.939
311.332
305.936
288.259
282.226
288.761
248.4
247.807
228.226
196.898
187.09
171.539
174.101
144.13
133.786
134.378
147.713
148.615
168.515
156.156
161.132
187.517
190.402
212.912
233.853
213.145
229.355
241.634
250.86
246.554
241.563
244.505
237.365
237.86
221.988
207.914
200.038
185.54
193.09
166.064
151.14
141.808
163.14
148.363
123.935
143.739
151.226
150.815
163.78
178.005
190.659
178.678
213.446
216.227
210.348
214.809
231.181
231.093
225.081
240.017
238.558
220.956
215.14
203.582
196.155
182.078
163.362
155.909
152.726
124.739
131.517
123.461
123.468
116.512
138.822
137.962
151.042
146.044
142.556
164.65
149.056
154.221
158.269
163.212
155.144
170.076
149.938
146.643
149.585
155.537
135.746
144.676
152.25
124.04
132.792
147.694
130.32
150.646
137.188
130.696
147.078
128.83
128.83
128.83
