143.616
141.711
132.364
146.552
138.374
146.777
141.654
140.028
155.566
155.521
159.986
177.561
175.199
196.493
192.594
222.242
220.808
246.811
252.292
279.542
286.157
297.281
306.584
306.479
321.893
316.98
316.939
302.332
317.936
294.259
278.226
266.761
255.4
232.807
230.226
195.898
198.09
170.539
160.101
149.13
136.786
130.378
132.713
141.615
151.515
161.156
169.132
198.517
180.402
209.912
223.853
211.145
236.355
236.634
235.86
235.554
230.563
229.505
227.365
239.86
228.988
210.914
214.038
203.54
190.09
165.064
153.14
145.808
144.14
120.363
124.935
134.739
144.226
133.815
145.78
167.005
194.659
179.678
201.446
217.227
205.348
233.809
230.181
225.093
230.081
226.017
227.558
217.956
208.14
207.582
200.155
187.078
169.362
152.909
147.726
141.739
114.517
142.461
121.468
130.512
121.822
133.962
133.042
139.044
153.556
158.65
146.056
163.221
149.269
156.212
141.144
150.076
159.938
147.643
160.585
160.537
131.746
136.676
137.25
140.04
120.792
146.694
139.32
130.646
148.188
122.696
132.078
135.83
135.83
135.83
