140.616
135.711
135.364
141.552
133.374
129.777
128.654
138.028
151.566
148.521
165.986
172.561
177.199
190.493
188.594
210.242
231.808
229.811
246.292
278.542
275.157
275.281
307.584
310.479
308.893
306.98
319.939
298.332
310.936
281.259
270.226
258.761
249.4
231.807
222.226
196.898
181.09
170.539
152.101
146.13
127.786
117.378
133.713
143.615
149.515
149.156
165.132
180.517
187.402
201.912
211.853
208.145
226.355
234.634
244.86
230.554
233.563
238.505
243.365
228.86
214.988
207.914
206.038
188.54
174.09
165.064
148.14
138.808
139.14
125.363
132.935
137.739
147.226
141.815
151.78
162.005
175.659
175.678
193.446
204.227
207.348
213.809
223.181
233.093
226.081
215.017
229.558
204.956
200.14
195.582
194.155
172.078
177.362
147.909
141.726
136.739
118.517
122.461
128.468
121.512
116.822
119.962
143.042
146.044
148.556
141.65
141.056
138.221
147.269
144.212
149.144
147.076
148.938
140.643
144.585
147.537
138.746
138.676
138.25
125.04
133.792
134.694
127.32
131.646
132.188
126.696
138.078
122.83
122.83
122.83
