-119.616
-135.711
-121.364
-135.552
-132.374
-131.777
-124.654
-129.028
-125.566
-145.521
-154.986
-159.561
-159.199
-174.493
-182.594
-201.242
-217.808
-227.811
-241.292
-261.542
-268.157
-269.281
-284.584
-296.479
-302.893
-304.98
-303.939
-289.332
-293.936
-268.259
-271.226
-253.761
-244.4
-221.807
-212.226
-184.898
-165.09
-152.539
-153.101
-129.13
-121.786
-121.378
-112.713
-120.615
-137.515
-137.156
-157.132
-166.517
-185.402
-185.912
-209.853
-210.145
-215.355
-230.634
-225.86
-227.554
-224.563
-228.505
-233.365
-228.86
-212.988
-205.914
-198.038
-177.54
-168.09
-166.064
-148.14
-136.808
-135.14
-111.363
-120.935
-126.739
-131.226
-132.815
-139.78
-151.005
-167.659
-165.678
-191.446
-198.227
-191.348
-211.809
-225.181
-213.093
-218.081
-219.017
-202.558
-203.956
-195.14
-186.582
-179.155
-164.078
-160.362
-139.909
-137.726
-122.739
-114.517
-109.461
-112.468
-101.512
-115.822
-111.962
-132.042
-133.044
-133.556
-133.65
-142.056
-138.221
-132.269
-130.212
-142.144
-136.076
-137.938
-128.643
-140.585
-145.537
-122.746
-124.676
-122.25
-130.04
-119.792
-124.694
-120.32
-128.646
-133.188
-117.696
-126.078
-114.83
-114.83
-114.83
