-127.616
-117.711
-128.364
-131.552
-121.374
-137.777
-127.654
-140.028
-132.566
-136.521
-146.986
-161.561
-156.199
-180.493
-187.594
-206.242
-216.808
-235.811
-237.292
-261.542
-277.157
-274.281
-294.584
-293.479
-305.893
-307.98
-302.939
-295.332
-293.936
-272.259
-253.226
-255.761
-236.4
-224.807
-210.226
-186.898
-179.09
-150.539
-143.101
-130.13
-116.786
-107.378
-123.713
-125.615
-145.515
-149.156
-153.132
-169.517
-175.402
-203.912
-190.853
-195.145
-220.355
-235.634
-232.86
-227.554
-214.563
-220.505
-223.365
-216.86
-210.988
-195.914
-191.038
-176.54
-157.09
-158.064
-153.14
-142.808
-132.14
-117.363
-110.935
-117.739
-129.226
-131.815
-140.78
-162.005
-166.659
-161.678
-194.446
-201.227
-190.348
-211.809
-210.181
-219.093
-212.081
-221.017
-215.558
-195.956
-201.14
-184.582
-181.155
-168.078
-157.362
-128.909
-123.726
-132.739
-117.517
-107.461
-107.468
-109.512
-116.822
-109.962
-122.042
-124.044
-132.556
-122.65
-137.056
-136.221
-134.269
-138.212
-150.144
-144.076
-130.938
-137.643
-125.585
-145.537
-129.746
-124.676
-125.25
-119.04
-117.792
-113.694
-112.32
-122.646
-128.188
-118.696
-129.078
-124.83
-124.83
-124.83
