133.616
138.711
141.364
139.552
131.374
134.777
134.654
144.028
150.566
148.521
154.986
166.561
166.199
186.493
192.594
207.242
228.808
230.811
256.292
274.542
272.157
286.281
306.584
305.479
306.893
314.98
307.939
307.332
299.936
277.259
274.226
267.761
249.4
227.807
228.226
194.898
184.09
167.539
156.101
147.13
124.786
125.378
126.713
144.615
141.515
146.156
164.132
179.517
183.402
207.912
204.853
217.145
231.355
235.634
229.86
237.554
239.563
241.505
234.365
226.86
212.988
218.914
201.038
185.54
168.09
171.064
156.14
141.808
144.14
131.363
118.935
128.739
147.226
144.815
153.78
173.005
175.659
182.678
201.446
206.227
205.348
215.809
225.181
221.093
229.081
229.017
221.558
210.956
204.14
191.582
193.155
178.078
168.362
145.909
147.726
133.739
119.517
120.461
117.468
123.512
124.822
114.962
127.042
139.044
145.556
145.65
141.056
152.221
153.269
147.212
153.144
153.076
148.938
142.643
134.585
135.537
137.746
140.676
136.25
133.04
128.792
134.694
117.32
131.646
135.188
134.696
137.078
121.83
121.83
121.83
