-111.616
-120.711
-119.364
-117.552
-115.374
-116.777
-115.654
-138.028
-124.566
-139.521
-160.986
-138.561
-150.199
-182.493
-186.594
-191.242
-198.808
-228.811
-219.292
-263.542
-264.157
-276.281
-293.584
-284.479
-283.893
-292.98
-301.939
-291.332
-289.936
-268.259
-251.226
-248.761
-223.4
-206.807
-208.226
-181.898
-160.09
-152.539
-142.101
-133.13
-123.786
-109.378
-103.713
-124.615
-129.515
-137.156
-134.132
-166.517
-170.402
-191.912
-197.853
-190.145
-215.355
-232.634
-231.86
-219.554
-216.563
-226.505
-211.365
-217.86
-211.988
-198.914
-187.038
-165.54
-160.09
-145.064
-145.14
-128.808
-129.14
-107.363
-91.935
-115.739
-119.226
-122.815
-127.78
-137.005
-153.659
-169.678
-191.446
-179.227
-180.348
-207.809
-220.181
-208.093
-205.081
-209.017
-196.558
-186.956
-176.14
-174.582
-178.155
-167.078
-142.362
-121.909
-125.726
-126.739
-93.517
-113.461
-96.468
-101.512
-102.822
-112.962
-106.042
-125.044
-128.556
-117.65
-131.056
-137.221
-132.269
-125.212
-142.144
-128.076
-141.938
-123.643
-127.585
-120.537
-115.746
-120.676
-123.25
-119.04
-115.792
-124.694
-114.32
-120.646
-108.188
-112.696
-117.078
-119.83
-119.83
-119.83
