-119.616
-125.711
-121.364
-126.552
-103.374
-124.777
-121.654
-138.028
-139.566
-142.521
-140.986
-135.561
-151.199
-179.493
-171.594
-185.242
-213.808
-220.811
-235.292
-265.542
-265.157
-271.281
-287.584
-283.479
-299.893
-299.98
-294.939
-289.332
-286.936
-277.259
-256.226
-262.761
-235.4
-205.807
-204.226
-185.898
-159.09
-139.539
-143.101
-110.13
-121.786
-103.378
-111.713
-117.615
-143.515
-135.156
-146.132
-142.517
-171.402
-183.912
-194.853
-185.145
-203.355
-226.634
-230.86
-215.554
-210.563
-214.505
-213.365
-216.86
-210.988
-185.914
-190.038
-157.54
-157.09
-156.064
-140.14
-134.808
-123.14
-111.363
-108.935
-101.739
-123.226
-118.815
-129.78
-143.005
-159.659
-161.678
-183.446
-186.227
-186.348
-189.809
-204.181
-208.093
-200.081
-206.017
-217.558
-190.956
-187.14
-189.582
-176.155
-168.078
-153.362
-140.909
-120.726
-110.739
-98.517
-116.461
-108.468
-108.512
-110.822
-111.962
-125.042
-135.044
-125.556
-135.65
-131.056
-122.221
-129.269
-129.212
-137.144
-128.076
-138.938
-135.643
-124.585
-138.537
-117.746
-120.676
-121.25
-115.04
-120.792
-107.694
-116.32
-116.646
-125.188
-107.696
-106.078
-118.83
-118.83
-118.83
