141.616
135.711
133.364
137.552
132.374
150.777
142.654
138.028
143.566
153.521
162.986
165.561
176.199
193.493
188.594
216.242
222.808
246.811
248.292
270.542
288.157
283.281
292.584
299.479
312.893
312.98
305.939
309.332
303.936
284.259
274.226
262.761
251.4
222.807
225.226
198.898
184.09
169.539
163.101
141.13
133.786
126.378
131.713
133.615
156.515
160.156
155.132
171.517
179.402
205.912
206.853
219.145
230.355
235.634
250.86
242.554
236.563
226.505
238.365
225.86
218.988
209.914
210.038
183.54
176.09
169.064
148.14
150.808
147.14
128.363
128.935
131.739
139.226
152.815
147.78
169.005
166.659
180.678
190.446
205.227
193.348
214.809
230.181
233.093
222.081
231.017
220.558
207.956
200.14
207.582
196.155
170.078
174.362
156.909
152.726
140.739
118.517
113.461
126.468
118.512
134.822
131.962
139.042
143.044
142.556
144.65
144.056
142.221
144.269
149.212
138.144
152.076
143.938
137.643
144.585
151.537
133.746
133.676
132.25
137.04
134.792
136.694
119.32
137.646
129.188
136.696
142.078
133.83
133.83
133.83
