139.616
133.711
135.364
144.552
138.374
133.777
131.654
141.028
149.566
151.521
163.986
172.561
175.199
189.493
192.594
215.242
236.808
232.811
244.292
278.542
274.157
280.281
312.584
309.479
312.893
311.98
324.939
302.332
313.936
280.259
269.226
258.761
248.4
229.807
221.226
196.898
179.09
173.539
157.101
151.13
130.786
120.378
138.713
142.615
154.515
147.156
165.132
184.517
190.402
199.912
209.853
207.145
225.355
233.634
243.86
228.554
236.563
236.505
246.365
228.86
218.988
205.914
206.038
192.54
177.09
165.064
147.14
141.808
143.14
125.363
130.935
140.739
151.226
141.815
155.78
161.005
173.659
178.678
192.446
204.227
206.348
217.809
223.181
236.093
229.081
215.017
227.558
207.956
204.14
195.582
197.155
171.078
181.362
151.909
139.726
135.739
116.517
127.461
133.468
125.512
120.822
123.962
141.042
145.044
147.556
141.65
145.056
141.221
147.269
147.212
149.144
151.076
151.938
145.643
144.585
151.537
138.746
137.676
142.25
129.04
137.792
133.694
125.32
136.646
131.188
124.696
137.078
127.83
127.83
127.83
