-128.616
-125.711
-133.364
-130.552
-122.374
-135.777
-124.654
-129.028
-132.566
-134.521
-155.986
-155.561
-167.199
-173.493
-183.594
-203.242
-215.808
-229.811
-246.292
-265.542
-271.157
-277.281
-298.584
-291.479
-301.893
-304.98
-303.939
-289.332
-304.936
-279.259
-270.226
-260.761
-244.4
-224.807
-217.226
-180.898
-170.09
-160.539
-150.101
-129.13
-119.786
-126.378
-126.713
-124.615
-142.515
-154.156
-156.132
-177.517
-169.402
-202.912
-204.853
-211.145
-219.355
-233.634
-227.86
-230.554
-224.563
-236.505
-229.365
-214.86
-212.988
-191.914
-187.038
-180.54
-166.09
-156.064
-149.14
-137.808
-138.14
-119.363
-110.935
-110.739
-135.226
-143.815
-149.78
-149.005
-160.659
-165.678
-190.446
-201.227
-197.348
-208.809
-220.181
-219.093
-218.081
-220.017
-208.558
-190.956
-197.14
-190.582
-181.155
-169.078
-160.362
-144.909
-133.726
-126.739
-119.517
-112.461
-108.468
-115.512
-106.822
-116.962
-126.042
-135.044
-127.556
-133.65
-135.056
-136.221
-140.269
-141.212
-147.144
-147.076
-144.938
-137.643
-137.585
-131.537
-127.746
-125.676
-131.25
-123.04
-119.792
-124.694
-113.32
-119.646
-124.188
-125.696
-122.078
-118.83
-118.83
-118.83
