137.616
134.711
140.364
125.552
131.374
131.777
133.654
147.028
150.566
153.521
157.986
171.561
169.199
193.493
194.594
204.242
230.808
243.811
249.292
280.542
283.157
285.281
304.584
311.479
312.893
314.98
314.939
304.332
307.936
286.259
271.226
267.761
252.4
237.807
219.226
196.898
176.09
163.539
158.101
136.13
136.786
137.378
129.713
137.615
155.515
155.156
153.132
180.517
187.402
204.912
211.853
213.145
225.355
233.634
241.86
237.554
243.563
241.505
237.365
231.86
216.988
210.914
210.038
184.54
181.09
161.064
155.14
140.808
141.14
117.363
124.935
126.739
141.226
145.815
154.78
172.005
164.659
187.678
198.446
201.227
205.348
225.809
227.181
231.093
219.081
222.017
222.558
222.956
206.14
201.582
191.155
175.078
179.362
158.909
137.726
149.739
122.517
122.461
114.468
125.512
123.822
128.962
135.042
154.044
149.556
150.65
141.056
143.221
159.269
161.212
154.144
161.076
140.938
138.643
140.585
149.537
145.746
139.676
133.25
136.04
136.792
120.694
121.32
126.646
135.188
127.696
129.078
132.83
132.83
132.83
