-111.616
-120.711
-116.364
-117.552
-117.374
-117.777
-116.654
-134.028
-120.566
-139.521
-162.986
-133.561
-152.199
-182.493
-181.594
-191.242
-198.808
-225.811
-220.292
-260.542
-261.157
-271.281
-289.584
-285.479
-279.893
-294.98
-302.939
-287.332
-289.936
-269.259
-252.226
-245.761
-218.4
-207.807
-209.226
-182.898
-160.09
-153.539
-138.101
-128.13
-119.786
-106.378
-99.713
-121.615
-126.515
-133.156
-135.132
-167.517
-166.402
-192.912
-193.853
-191.145
-217.355
-227.634
-232.86
-220.554
-211.563
-226.505
-206.365
-217.86
-206.988
-194.914
-183.038
-162.54
-156.09
-147.064
-140.14
-125.808
-126.14
-109.363
-93.935
-116.739
-114.226
-124.815
-124.78
-134.005
-150.659
-164.678
-186.446
-179.227
-182.348
-208.809
-216.181
-210.093
-205.081
-205.017
-193.558
-183.956
-172.14
-175.582
-180.155
-162.078
-144.362
-123.909
-122.726
-123.739
-88.517
-115.461
-92.468
-101.512
-98.822
-108.962
-103.042
-126.044
-125.556
-119.65
-131.056
-138.221
-128.269
-126.212
-138.144
-125.076
-136.938
-124.643
-129.585
-121.537
-115.746
-120.676
-123.25
-114.04
-117.792
-126.694
-110.32
-120.646
-110.188
-112.696
-113.078
-121.83
-121.83
-121.83
