-109.616
-120.711
-119.364
-122.552
-114.374
-119.777
-119.654
-143.028
-129.566
-139.521
-160.986
-137.561
-148.199
-182.493
-190.594
-190.242
-201.808
-226.811
-222.292
-267.542
-263.157
-276.281
-297.584
-284.479
-286.893
-296.98
-304.939
-291.332
-288.936
-271.259
-254.226
-247.761
-222.4
-211.807
-206.226
-179.898
-159.09
-157.539
-142.101
-132.13
-123.786
-108.378
-106.713
-128.615
-127.515
-142.156
-138.132
-171.517
-169.402
-189.912
-201.853
-194.145
-215.355
-230.634
-230.86
-223.554
-215.563
-229.505
-216.365
-217.86
-214.988
-198.914
-191.038
-169.54
-158.09
-149.064
-144.14
-132.808
-127.14
-111.363
-94.935
-118.739
-119.226
-127.815
-130.78
-137.005
-152.659
-172.678
-194.446
-183.227
-184.348
-205.809
-218.181
-213.093
-210.081
-214.017
-201.558
-186.956
-179.14
-174.582
-177.155
-167.078
-145.362
-124.909
-128.726
-126.739
-98.517
-112.461
-100.468
-100.512
-102.822
-110.962
-111.042
-128.044
-131.556
-121.65
-134.056
-137.221
-131.269
-129.212
-140.144
-131.076
-141.938
-121.643
-132.585
-124.537
-115.746
-125.676
-127.25
-119.04
-114.792
-124.694
-112.32
-118.646
-111.188
-115.696
-121.078
-119.83
-119.83
-119.83
