-116.616
-108.711
-124.364
-116.552
-108.374
-127.777
-126.654
-143.028
-126.566
-139.521
-150.986
-161.561
-153.199
-172.493
-192.594
-191.242
-200.808
-224.811
-231.292
-258.542
-262.157
-269.281
-299.584
-272.479
-293.893
-298.98
-289.939
-302.332
-278.936
-257.259
-252.226
-249.761
-233.4
-216.807
-199.226
-179.898
-169.09
-133.539
-130.101
-134.13
-106.786
-104.378
-116.713
-119.615
-133.515
-144.156
-145.132
-171.517
-175.402
-193.912
-175.853
-197.145
-211.355
-220.634
-219.86
-229.554
-203.563
-212.505
-218.365
-198.86
-207.988
-193.914
-184.038
-165.54
-151.09
-150.064
-141.14
-128.808
-126.14
-112.363
-102.935
-97.739
-126.226
-131.815
-134.78
-162.005
-151.659
-161.678
-187.446
-198.227
-180.348
-211.809
-204.181
-223.093
-202.081
-212.017
-206.558
-196.956
-184.14
-176.582
-165.155
-172.078
-149.362
-122.909
-113.726
-117.739
-93.517
-93.461
-104.468
-108.512
-114.822
-99.962
-116.042
-116.044
-121.556
-107.65
-133.056
-134.221
-131.269
-139.212
-155.144
-136.076
-116.938
-141.643
-113.585
-144.537
-125.746
-110.676
-112.25
-109.04
-117.792
-101.694
-100.32
-120.646
-130.188
-118.696
-120.078
-127.83
-127.83
-127.83
