-132.616
-130.711
-128.364
-131.552
-120.374
-123.777
-138.654
-135.028
-140.566
-146.521
-143.986
-143.561
-156.199
-179.493
-181.594
-197.242
-211.808
-226.811
-239.292
-270.542
-263.157
-272.281
-296.584
-292.479
-306.893
-303.98
-296.939
-292.332
-293.936
-271.259
-268.226
-261.761
-235.4
-215.807
-210.226
-182.898
-173.09
-150.539
-146.101
-124.13
-123.786
-113.378
-112.713
-124.615
-148.515
-137.156
-159.132
-158.517
-173.402
-191.912
-194.853
-192.145
-212.355
-232.634
-227.86
-226.554
-219.563
-223.505
-227.365
-226.86
-213.988
-197.914
-195.038
-162.54
-165.09
-153.064
-140.14
-136.808
-135.14
-116.363
-109.935
-108.739
-128.226
-130.815
-141.78
-155.005
-164.659
-165.678
-189.446
-199.227
-198.348
-199.809
-221.181
-209.093
-207.081
-209.017
-213.558
-201.956
-189.14
-193.582
-181.155
-176.078
-159.362
-146.909
-128.726
-122.739
-107.517
-117.461
-116.468
-109.512
-117.822
-111.962
-119.042
-135.044
-137.556
-140.65
-143.056
-134.221
-140.269
-139.212
-138.144
-134.076
-142.938
-134.643
-132.585
-139.537
-126.746
-127.676
-126.25
-122.04
-121.792
-111.694
-116.32
-122.646
-124.188
-119.696
-117.078
-118.83
-118.83
-118.83
