154.616
139.711
144.364
135.552
138.374
143.777
149.654
159.028
156.566
166.521
167.986
166.561
187.199
191.493
193.594
222.242
232.808
257.811
271.292
280.542
290.157
283.281
320.584
313.479
319.893
329.98
304.939
293.332
316.936
306.259
288.226
265.761
254.4
250.807
223.226
194.898
183.09
174.539
178.101
150.13
127.786
141.378
150.713
143.615
160.515
150.156
171.132
187.517
194.402
206.912
224.853
215.145
218.355
225.634
252.86
240.554
242.563
229.505
254.365
244.86
218.988
219.914
196.038
201.54
176.09
181.064
148.14
165.808
160.14
145.363
122.935
148.739
144.226
149.815
151.78
185.005
176.659
180.678
204.446
211.227
204.348
209.809
235.181
220.093
226.081
226.017
225.558
226.956
212.14
211.582
193.155
187.078
179.362
156.909
141.726
137.739
136.517
125.461
130.468
139.512
119.822
125.962
147.042
148.044
150.556
153.65
175.056
158.221
148.269
154.212
161.144
156.076
158.938
157.643
150.585
150.537
154.746
132.676
158.25
154.04
126.792
135.694
134.32
133.646
136.188
136.696
146.078
137.83
137.83
137.83
