140.616
142.711
136.364
138.552
131.374
134.777
143.654
149.028
169.566
158.521
167.986
193.561
172.199
200.493
197.594
213.242
249.808
243.811
265.292
290.542
290.157
295.281
309.584
319.479
323.893
314.98
316.939
316.332
314.936
297.259
280.226
271.761
247.4
243.807
225.226
203.898
189.09
172.539
156.101
143.13
138.786
150.378
137.713
138.615
162.515
170.156
174.132
182.517
187.402
206.912
218.853
219.145
231.355
246.634
262.86
249.554
239.563
245.505
249.365
239.86
217.988
221.914
213.038
201.54
179.09
179.064
161.14
155.808
148.14
120.363
134.935
132.739
153.226
144.815
155.78
188.005
179.659
202.678
205.446
207.227
213.348
233.809
243.181
249.093
228.081
241.017
218.558
219.956
212.14
208.582
200.155
189.078
192.362
168.909
152.726
161.739
136.517
118.461
125.468
136.512
122.822
134.962
141.042
160.044
157.556
154.65
155.056
141.221
159.269
170.212
165.144
171.076
146.938
139.643
153.585
145.537
140.746
145.676
138.25
141.04
145.792
130.694
132.32
136.646
157.188
129.696
122.078
141.83
141.83
141.83
