133.616
143.711
151.364
146.552
129.374
134.777
141.654
149.028
156.566
154.521
162.986
166.561
163.199
184.493
193.594
214.242
232.808
241.811
264.292
281.542
268.157
300.281
299.584
314.479
316.893
324.98
320.939
320.332
315.936
278.259
274.226
276.761
253.4
231.807
228.226
203.898
190.09
170.539
162.101
152.13
133.786
130.378
131.713
146.615
145.515
152.156
169.132
183.517
197.402
219.912
201.853
220.145
231.355
247.634
236.86
233.554
245.563
253.505
244.365
238.86
217.988
214.914
209.038
196.54
170.09
176.064
161.14
157.808
150.14
135.363
130.935
127.739
147.226
153.815
157.78
168.005
186.659
187.678
208.446
211.227
223.348
222.809
237.181
224.093
241.081
230.017
223.558
214.956
211.14
203.582
191.155
189.078
173.362
155.909
155.726
147.739
130.517
121.461
124.468
142.512
137.822
124.962
126.042
137.044
150.556
149.65
146.056
148.221
157.269
149.212
159.144
159.076
146.938
141.643
144.585
136.537
137.746
144.676
138.25
140.04
131.792
140.694
126.32
137.646
143.188
145.696
152.078
130.83
130.83
130.83
