159.616
139.711
136.364
142.552
132.374
152.777
146.654
138.028
154.566
151.521
173.986
159.561
168.199
188.493
207.594
230.242
226.808
239.811
239.292
284.542
287.157
276.281
310.584
310.479
326.893
306.98
314.939
303.332
305.936
286.259
282.226
273.761
257.4
229.807
221.226
196.898
190.09
165.539
167.101
147.13
136.786
129.378
133.713
130.615
161.515
156.156
166.132
170.517
195.402
201.912
221.853
211.145
231.355
246.634
245.86
247.554
224.563
234.505
234.365
232.86
238.988
212.914
216.038
193.54
178.09
184.064
152.14
154.808
137.14
122.363
136.935
121.739
136.226
149.815
154.78
175.005
181.659
187.678
200.446
215.227
202.348
215.809
233.181
224.093
240.081
221.017
231.558
220.956
213.14
202.582
191.155
179.078
180.362
154.909
139.726
148.739
124.517
124.461
123.468
119.512
120.822
130.962
137.042
152.044
155.556
166.65
159.056
163.221
147.269
150.212
164.144
153.076
161.938
149.643
162.585
140.537
145.746
149.676
128.25
143.04
135.792
137.694
134.32
124.646
137.188
132.696
132.078
148.83
148.83
148.83
