-124.616
-103.711
-111.364
-116.552
-117.374
-124.777
-108.654
-127.028
-125.566
-134.521
-156.986
-145.561
-140.199
-162.493
-175.594
-182.242
-214.808
-225.811
-234.292
-255.542
-257.157
-247.281
-283.584
-278.479
-288.893
-297.98
-310.939
-288.332
-293.936
-272.259
-259.226
-250.761
-234.4
-206.807
-203.226
-190.898
-169.09
-154.539
-136.101
-119.13
-114.786
-116.378
-104.713
-112.615
-134.515
-140.156
-139.132
-157.517
-171.402
-185.912
-196.853
-196.145
-204.355
-216.634
-223.86
-217.554
-207.563
-225.505
-211.365
-211.86
-206.988
-185.914
-196.038
-170.54
-156.09
-146.064
-136.14
-114.808
-125.14
-117.363
-114.935
-117.739
-126.226
-114.815
-137.78
-161.005
-155.659
-172.678
-186.446
-200.227
-189.348
-200.809
-211.181
-202.093
-194.081
-220.017
-214.558
-198.956
-174.14
-179.582
-179.155
-156.078
-158.362
-148.909
-128.726
-134.739
-107.517
-97.461
-104.468
-105.512
-95.822
-103.962
-114.042
-106.044
-123.556
-125.65
-128.056
-134.221
-132.269
-139.212
-127.144
-136.076
-125.938
-125.643
-134.585
-122.537
-123.746
-131.676
-116.25
-109.04
-101.792
-109.694
-104.32
-128.646
-125.188
-117.696
-123.078
-102.83
-102.83
-102.83
