-127.616
-131.711
-121.364
-126.552
-126.374
-126.777
-131.654
-134.028
-130.566
-141.521
-154.986
-159.561
-166.199
-185.493
-178.594
-207.242
-212.808
-237.811
-241.292
-256.542
-266.157
-271.281
-291.584
-306.479
-305.893
-302.98
-300.939
-292.332
-299.936
-278.259
-269.226
-252.761
-238.4
-224.807
-206.226
-189.898
-176.09
-152.539
-145.101
-134.13
-118.786
-111.378
-111.713
-131.615
-144.515
-141.156
-150.132
-171.517
-178.402
-193.912
-197.853
-195.145
-220.355
-229.634
-227.86
-232.554
-223.563
-225.505
-221.365
-218.86
-198.988
-199.914
-196.038
-179.54
-163.09
-154.064
-148.14
-136.808
-126.14
-114.363
-106.935
-124.739
-135.226
-134.815
-138.78
-164.005
-155.659
-167.678
-189.446
-196.227
-197.348
-204.809
-222.181
-207.093
-214.081
-208.017
-207.558
-195.956
-196.14
-192.582
-186.155
-164.078
-165.362
-142.909
-138.726
-128.739
-110.517
-121.461
-102.468
-111.512
-111.822
-114.962
-115.042
-131.044
-137.556
-130.65
-139.056
-135.221
-135.269
-138.212
-136.144
-137.076
-145.938
-129.643
-134.585
-136.537
-123.746
-127.676
-117.25
-124.04
-125.792
-123.694
-115.32
-121.646
-120.188
-117.696
-125.078
-121.83
-121.83
-121.83
