162.616
140.711
136.364
142.552
137.374
158.777
146.654
142.028
162.566
150.521
179.986
165.561
175.199
195.493
204.594
230.242
228.808
238.811
245.292
293.542
292.157
287.281
317.584
311.479
328.893
302.98
316.939
308.332
311.936
297.259
285.226
281.761
260.4
235.807
224.226
197.898
189.09
164.539
174.101
156.13
144.786
137.378
136.713
131.615
164.515
167.156
174.132
174.517
195.402
205.912
227.853
213.145
243.355
249.634
246.86
254.554
229.563
240.505
237.365
227.86
239.988
220.914
217.038
195.54
186.09
187.064
154.14
150.808
141.14
123.363
141.935
117.739
148.226
151.815
165.78
177.005
175.659
188.678
208.446
223.227
210.348
226.809
239.181
235.093
246.081
229.017
242.558
230.956
219.14
204.582
199.155
182.078
181.362
157.909
137.726
157.739
130.517
125.461
131.468
122.512
119.822
138.962
143.042
166.044
157.556
175.65
153.056
166.221
160.269
153.212
165.144
154.076
168.938
151.643
175.585
144.537
150.746
155.676
136.25
156.04
141.792
146.694
142.32
128.646
140.188
127.696
135.078
155.83
155.83
155.83
