144.616
130.711
140.364
138.552
132.374
142.777
138.654
135.028
153.566
152.521
162.986
156.561
171.199
181.493
194.594
219.242
219.808
235.811
243.292
276.542
285.157
279.281
306.584
308.479
314.893
303.98
308.939
299.332
304.936
286.259
274.226
266.761
248.4
229.807
217.226
193.898
183.09
163.539
159.101
136.13
136.786
128.378
135.713
132.615
149.515
150.156
160.132
175.517
193.402
197.912
212.853
207.145
232.355
239.634
238.86
239.554
224.563
228.505
230.365
228.86
223.988
209.914
209.038
188.54
177.09
175.064
149.14
146.808
141.14
121.363
127.935
120.739
139.226
150.815
148.78
169.005
174.659
186.678
198.446
211.227
200.348
213.809
230.181
224.093
234.081
225.017
229.558
218.956
210.14
201.582
194.155
179.078
169.362
148.909
137.726
146.739
117.517
119.461
113.468
112.512
123.822
125.962
130.042
140.044
146.556
152.65
156.056
156.221
144.269
149.212
156.144
149.076
154.938
146.643
151.585
145.537
147.746
143.676
130.25
137.04
133.792
132.694
128.32
125.646
134.188
124.696
135.078
136.83
136.83
136.83
