151.616
141.711
140.364
156.552
151.374
152.777
144.654
148.028
163.566
167.521
172.986
184.561
178.199
202.493
198.594
224.242
227.808
253.811
252.292
280.542
290.157
298.281
302.584
308.479
327.893
329.98
324.939
313.332
319.936
302.259
277.226
266.761
252.4
244.807
236.226
202.898
200.09
171.539
166.101
158.13
142.786
133.378
139.713
148.615
153.515
166.156
182.132
202.517
186.402
209.912
234.853
218.145
247.355
243.634
235.86
241.554
239.563
232.505
239.365
252.86
228.988
208.914
210.038
217.54
191.09
173.064
154.14
149.808
141.14
127.363
128.935
140.739
156.226
129.815
150.78
174.005
196.659
180.678
208.446
218.227
206.348
233.809
234.181
228.093
226.081
224.017
227.558
218.956
213.14
214.582
207.155
194.078
168.362
159.909
147.726
144.739
128.517
149.461
122.468
132.512
121.822
137.962
134.042
151.044
160.556
154.65
158.056
170.221
152.269
162.212
142.144
153.076
169.938
147.643
163.585
174.537
134.746
141.676
144.25
148.04
126.792
158.694
141.32
124.646
151.188
129.696
140.078
137.83
137.83
137.83
