142.616
142.711
137.364
138.552
131.374
134.777
143.654
150.028
165.566
155.521
163.986
189.561
173.199
201.493
199.594
210.242
245.808
243.811
260.292
287.542
292.157
297.281
304.584
316.479
324.893
315.98
318.939
316.332
315.936
294.259
281.226
272.761
248.4
244.807
227.226
205.898
185.09
167.539
158.101
145.13
140.786
145.378
132.713
140.615
163.515
172.156
170.132
184.517
188.402
206.912
218.853
216.145
231.355
243.634
258.86
246.554
241.563
247.505
245.365
236.86
217.988
221.914
210.038
196.54
175.09
175.064
158.14
151.808
148.14
121.363
136.935
133.739
153.226
145.815
155.78
184.005
175.659
199.678
201.446
207.227
210.348
235.809
239.181
245.093
224.081
238.017
218.558
220.956
213.14
209.582
202.155
189.078
187.362
164.909
149.726
156.739
133.517
120.461
121.468
132.512
123.822
134.962
141.042
161.044
154.556
151.65
151.056
142.221
160.269
167.212
165.144
168.076
146.938
141.643
154.585
145.537
141.746
146.676
134.25
137.04
140.792
131.694
129.32
133.646
153.188
131.696
122.078
138.83
138.83
138.83
