-129.616
-129.711
-125.364
-134.552
-125.374
-134.777
-127.654
-133.028
-135.566
-142.521
-156.986
-157.561
-161.199
-177.493
-189.594
-210.242
-221.808
-229.811
-240.292
-265.542
-269.157
-274.281
-298.584
-299.479
-307.893
-307.98
-308.939
-300.332
-296.936
-274.259
-272.226
-261.761
-246.4
-228.807
-216.226
-191.898
-179.09
-161.539
-145.101
-132.13
-126.786
-124.378
-120.713
-132.615
-147.515
-147.156
-158.132
-171.517
-183.402
-198.912
-206.853
-201.145
-219.355
-228.634
-233.86
-230.554
-225.563
-232.505
-227.365
-223.86
-209.988
-205.914
-201.038
-178.54
-168.09
-160.064
-146.14
-139.808
-136.14
-122.363
-118.935
-126.739
-138.226
-135.815
-143.78
-160.005
-168.659
-174.678
-196.446
-204.227
-196.348
-213.809
-223.181
-216.093
-216.081
-222.017
-212.558
-207.956
-194.14
-191.582
-187.155
-173.078
-167.362
-143.909
-141.726
-134.739
-115.517
-110.461
-111.468
-117.512
-113.822
-119.962
-129.042
-131.044
-139.556
-134.65
-144.056
-138.221
-138.269
-144.212
-138.144
-143.076
-138.938
-140.643
-139.585
-136.537
-128.746
-132.676
-126.25
-124.04
-122.792
-120.694
-117.32
-126.646
-130.188
-125.696
-124.078
-120.83
-120.83
-120.83
