-104.616
-129.711
-102.364
-129.552
-134.374
-133.777
-106.654
-109.028
-114.566
-133.521
-154.986
-158.561
-151.199
-172.493
-170.594
-187.242
-199.808
-220.811
-225.292
-266.542
-255.157
-262.281
-277.584
-293.479
-290.893
-296.98
-303.939
-279.332
-290.936
-261.259
-262.226
-254.761
-220.4
-207.807
-209.226
-172.898
-153.09
-156.539
-149.101
-122.13
-100.786
-112.378
-103.713
-103.615
-119.515
-132.156
-149.132
-157.517
-184.402
-175.912
-192.853
-200.145
-207.355
-222.634
-220.86
-207.554
-208.563
-216.505
-217.365
-230.86
-199.988
-190.914
-198.038
-164.54
-172.09
-152.064
-140.14
-122.808
-131.14
-103.363
-113.935
-117.739
-116.226
-121.815
-136.78
-144.005
-148.659
-161.678
-189.446
-190.227
-185.348
-199.809
-202.181
-195.093
-205.081
-207.017
-190.558
-186.956
-186.14
-172.582
-170.155
-159.078
-147.362
-136.909
-116.726
-121.739
-111.517
-95.461
-102.468
-92.512
-101.822
-112.962
-121.042
-121.044
-123.556
-125.65
-125.056
-139.221
-125.269
-137.212
-133.144
-130.076
-130.938
-119.643
-130.585
-136.537
-114.746
-108.676
-117.25
-133.04
-112.792
-120.694
-123.32
-106.646
-121.188
-113.696
-116.078
-108.83
-108.83
-108.83
