-116.616
-131.711
-117.364
-135.552
-134.374
-132.777
-121.654
-126.028
-127.566
-141.521
-150.986
-159.561
-156.199
-171.493
-178.594
-198.242
-214.808
-227.811
-236.292
-262.542
-268.157
-265.281
-284.584
-297.479
-297.893
-304.98
-303.939
-286.332
-295.936
-265.259
-271.226
-254.761
-241.4
-218.807
-213.226
-185.898
-160.09
-153.539
-154.101
-129.13
-118.786
-118.378
-107.713
-115.615
-134.515
-138.156
-157.132
-167.517
-181.402
-181.912
-205.853
-210.145
-217.355
-225.634
-221.86
-228.554
-221.563
-229.505
-230.365
-230.86
-209.988
-202.914
-199.038
-178.54
-164.09
-161.064
-149.14
-138.808
-137.14
-108.363
-116.935
-127.739
-132.226
-133.815
-135.78
-146.005
-162.659
-165.678
-193.446
-199.227
-188.348
-208.809
-221.181
-209.093
-218.081
-219.017
-199.558
-199.956
-196.14
-186.582
-175.155
-164.078
-162.362
-140.909
-132.726
-123.739
-116.517
-110.461
-107.468
-98.512
-110.822
-107.962
-129.042
-128.044
-134.556
-128.65
-137.056
-139.221
-129.269
-132.212
-143.144
-138.076
-133.938
-124.643
-136.585
-141.537
-123.746
-119.676
-123.25
-130.04
-116.792
-124.694
-121.32
-124.646
-129.188
-114.696
-126.078
-114.83
-114.83
-114.83
