130.616
141.711
143.364
148.552
129.374
131.777
142.654
145.028
152.566
151.521
158.986
168.561
166.199
186.493
195.594
206.242
233.808
238.811
257.292
277.542
270.157
290.281
303.584
307.479
308.893
324.98
312.939
311.332
306.936
275.259
278.226
273.761
248.4
235.807
232.226
196.898
191.09
165.539
164.101
153.13
131.786
129.378
129.713
145.615
143.515
150.156
171.132
178.517
189.402
215.912
201.853
217.145
234.355
238.634
233.86
235.554
242.563
250.505
236.365
234.86
214.988
217.914
205.038
188.54
171.09
178.064
157.14
149.808
147.14
135.363
126.935
125.739
150.226
149.815
154.78
170.005
179.659
180.678
205.446
210.227
213.348
219.809
230.181
223.093
231.081
227.017
226.558
217.956
210.14
200.582
194.155
182.078
165.362
150.909
155.726
137.739
122.517
121.461
120.468
132.512
129.822
116.962
124.042
141.044
141.556
151.65
143.056
152.221
157.269
151.212
157.144
156.076
145.938
144.643
143.585
132.537
140.746
141.676
134.25
138.04
130.792
137.694
120.32
135.646
138.188
138.696
147.078
123.83
123.83
123.83
