130.616
144.711
147.364
146.552
129.374
134.777
141.654
144.028
157.566
151.521
162.986
168.561
165.199
186.493
194.594
211.242
232.808
243.811
261.292
276.542
269.157
295.281
301.584
311.479
313.893
324.98
316.939
315.332
311.936
280.259
276.226
276.761
253.4
233.807
230.226
199.898
190.09
170.539
163.101
153.13
135.786
127.378
127.713
143.615
142.515
148.156
170.132
183.517
192.402
214.912
201.853
220.145
232.355
243.634
238.86
235.554
240.563
249.505
240.365
238.86
217.988
216.914
205.038
192.54
171.09
177.064
162.14
153.808
145.14
135.363
131.935
128.739
149.226
153.815
154.78
168.005
183.659
184.678
209.446
208.227
218.348
219.809
234.181
226.093
236.081
231.017
224.558
216.956
208.14
203.582
193.155
186.078
168.362
150.909
155.726
142.739
127.517
121.461
125.468
137.512
134.822
121.962
128.042
139.044
145.556
149.65
141.056
150.221
157.269
149.212
155.144
155.076
143.938
142.643
146.585
137.537
138.746
144.676
134.25
136.04
128.792
135.694
123.32
133.646
143.188
142.696
152.078
126.83
126.83
126.83
