-126.616
-130.711
-120.364
-129.552
-129.374
-129.777
-134.654
-133.028
-130.566
-140.521
-154.986
-158.561
-165.199
-183.493
-183.594
-206.242
-215.808
-235.811
-246.292
-260.542
-265.157
-276.281
-294.584
-304.479
-304.893
-306.98
-299.939
-291.332
-298.936
-276.259
-269.226
-257.761
-236.4
-223.807
-209.226
-188.898
-181.09
-152.539
-148.101
-139.13
-121.786
-114.378
-115.713
-134.615
-143.515
-144.156
-155.132
-171.517
-182.402
-196.912
-197.853
-199.145
-225.355
-228.634
-231.86
-232.554
-227.563
-228.505
-221.365
-218.86
-203.988
-202.914
-196.038
-179.54
-168.09
-159.064
-153.14
-134.808
-131.14
-117.363
-111.935
-123.739
-133.226
-137.815
-143.78
-167.005
-159.659
-166.678
-194.446
-199.227
-197.348
-209.809
-226.181
-211.093
-218.081
-211.017
-212.558
-198.956
-195.14
-191.582
-184.155
-167.078
-169.362
-141.909
-138.726
-128.739
-113.517
-119.461
-105.468
-114.512
-109.822
-119.962
-120.042
-134.044
-135.556
-130.65
-137.056
-140.221
-135.269
-136.212
-140.144
-140.076
-145.938
-133.643
-138.585
-134.537
-123.746
-130.676
-122.25
-128.04
-123.792
-122.694
-114.32
-119.646
-120.188
-117.696
-124.078
-119.83
-119.83
-119.83
