137.616
132.711
134.364
132.552
127.374
130.777
131.654
139.028
143.566
145.521
160.986
163.561
169.199
186.493
188.594
207.242
222.808
236.811
249.292
268.542
271.157
284.281
295.584
307.479
311.893
309.98
305.939
298.332
298.936
282.259
276.226
259.761
249.4
230.807
220.226
194.898
178.09
160.539
155.101
141.13
125.786
127.378
124.713
132.615
145.515
153.156
155.132
172.517
179.402
198.912
205.853
205.145
221.355
231.634
233.86
228.554
234.563
228.505
234.365
231.86
211.988
203.914
197.038
186.54
171.09
169.064
148.14
144.808
134.14
127.363
118.935
130.739
134.226
139.815
149.78
168.005
165.659
173.678
195.446
207.227
202.348
216.809
227.181
220.093
224.081
220.017
216.558
208.956
198.14
200.582
189.155
176.078
165.362
144.909
144.726
130.739
120.517
115.461
119.468
119.512
118.822
117.962
128.042
136.044
137.556
142.65
147.056
143.221
143.269
146.212
146.144
146.076
146.938
143.643
144.585
143.537
136.746
135.676
134.25
133.04
124.792
125.694
122.32
124.646
129.188
129.696
132.078
124.83
124.83
124.83
