154.616
146.711
145.364
161.552
155.374
152.777
142.654
148.028
163.566
171.521
170.986
182.561
177.199
206.493
198.594
228.242
231.808
256.811
255.292
283.542
294.157
298.281
300.584
306.479
327.893
334.98
324.939
312.332
323.936
307.259
282.226
269.761
252.4
248.807
240.226
207.898
200.09
175.539
164.101
158.13
141.786
136.378
142.713
147.615
152.515
166.156
180.132
202.517
189.402
209.912
234.853
217.145
246.355
242.634
240.86
240.554
242.563
230.505
237.365
257.86
232.988
213.914
209.038
222.54
196.09
177.064
158.14
149.808
144.14
125.363
132.935
143.739
155.226
127.815
154.78
174.005
200.659
183.678
211.446
217.227
206.348
233.809
237.181
227.093
224.081
222.017
227.558
218.956
211.14
217.582
212.155
194.078
166.362
159.909
146.726
142.739
133.517
149.461
120.468
131.512
124.822
136.962
134.042
149.044
158.556
158.65
162.056
170.221
151.269
160.212
142.144
152.076
174.938
152.643
168.585
174.537
132.746
146.676
143.25
146.04
130.792
162.694
145.32
122.646
151.188
132.696
140.078
141.83
141.83
141.83
