-122.616
-109.711
-123.364
-129.552
-118.374
-130.777
-123.654
-117.028
-127.566
-117.521
-133.986
-156.561
-148.199
-168.493
-171.594
-198.242
-190.808
-212.811
-229.292
-255.542
-262.157
-261.281
-293.584
-290.479
-290.893
-293.98
-297.939
-293.332
-294.936
-251.259
-258.226
-242.761
-225.4
-222.807
-204.226
-194.898
-167.09
-139.539
-125.101
-115.13
-115.786
-113.378
-100.713
-99.615
-124.515
-146.156
-136.132
-148.517
-164.402
-202.912
-203.853
-181.145
-203.355
-211.634
-238.86
-225.554
-225.563
-212.505
-200.365
-200.86
-199.988
-180.914
-177.038
-177.54
-142.09
-145.064
-150.14
-114.808
-127.14
-110.363
-95.935
-111.739
-119.226
-114.815
-147.78
-160.005
-143.659
-153.678
-180.446
-178.227
-191.348
-184.809
-199.181
-215.093
-204.081
-211.017
-201.558
-191.956
-202.14
-178.582
-157.155
-155.078
-174.362
-140.909
-130.726
-119.739
-103.517
-109.461
-98.468
-102.512
-94.822
-113.962
-124.042
-129.044
-114.556
-118.65
-129.056
-132.221
-126.269
-123.212
-136.144
-127.076
-124.938
-128.643
-118.585
-104.537
-120.746
-117.676
-112.25
-114.04
-117.792
-103.694
-114.32
-117.646
-114.188
-105.696
-106.078
-130.83
-130.83
-130.83
