130.616
141.711
132.364
137.552
131.374
137.777
142.654
143.028
142.566
154.521
159.986
165.561
174.199
180.493
186.594
216.242
223.808
236.811
246.292
274.542
269.157
282.281
300.584
305.479
309.893
308.98
303.939
307.332
300.936
278.259
281.226
263.761
244.4
228.807
220.226
200.898
175.09
166.539
148.101
140.13
123.786
119.378
134.713
134.615
147.515
157.156
156.132
176.517
177.402
197.912
213.853
215.145
221.355
236.634
236.86
239.554
233.563
234.505
228.365
228.86
214.988
207.914
201.038
184.54
174.09
170.064
151.14
137.808
137.14
124.363
122.935
128.739
141.226
143.815
148.78
162.005
177.659
182.678
200.446
205.227
206.348
210.809
228.181
229.093
221.081
228.017
225.558
213.956
206.14
199.582
189.155
172.078
175.362
150.909
141.726
135.739
123.517
117.461
114.468
118.512
123.822
123.962
133.042
133.044
146.556
146.65
149.056
152.221
141.269
147.212
141.144
148.076
140.938
143.643
144.585
143.537
135.746
140.676
136.25
132.04
134.792
129.694
124.32
133.646
136.188
134.696
137.078
134.83
134.83
134.83
