-132.616
-132.711
-126.364
-132.552
-125.374
-133.777
-129.654
-131.028
-134.566
-143.521
-151.986
-160.561
-160.199
-182.493
-184.594
-204.242
-215.808
-235.811
-244.292
-270.542
-269.157
-280.281
-297.584
-305.479
-307.893
-307.98
-303.939
-301.332
-300.936
-281.259
-272.226
-258.761
-245.4
-228.807
-217.226
-193.898
-178.09
-162.539
-150.101
-132.13
-126.786
-119.378
-120.713
-128.615
-142.515
-150.156
-159.132
-169.517
-178.402
-199.912
-207.853
-203.145
-223.355
-234.634
-235.86
-231.554
-231.563
-225.505
-227.365
-222.86
-207.988
-201.914
-200.038
-181.54
-172.09
-165.064
-150.14
-140.808
-136.14
-119.363
-118.935
-122.739
-136.226
-140.815
-148.78
-165.005
-167.659
-171.678
-190.446
-197.227
-199.348
-209.809
-218.181
-221.093
-217.081
-221.017
-218.558
-200.956
-194.14
-197.582
-186.155
-172.078
-167.362
-147.909
-139.726
-129.739
-112.517
-115.461
-115.468
-111.512
-115.822
-114.962
-130.042
-138.044
-135.556
-136.65
-145.056
-140.221
-139.269
-143.212
-144.144
-143.076
-137.938
-135.643
-139.585
-135.537
-129.746
-129.676
-131.25
-129.04
-122.792
-121.694
-123.32
-120.646
-131.188
-125.696
-129.078
-126.83
-126.83
-126.83
