128.616
144.711
130.364
141.552
135.374
136.777
140.654
141.028
141.566
154.521
162.986
170.561
174.199
179.493
190.594
221.242
227.808
241.811
245.292
274.542
268.157
282.281
299.584
309.479
307.893
312.98
307.939
307.332
300.936
276.259
280.226
262.761
247.4
226.807
218.226
200.898
173.09
165.539
146.101
138.13
127.786
117.378
138.713
138.615
147.515
156.156
154.132
180.517
176.402
202.912
212.853
218.145
226.355
235.634
235.86
237.554
237.563
239.505
227.365
227.86
212.988
205.914
206.038
182.54
177.09
169.064
155.14
140.808
136.14
124.363
127.935
127.739
145.226
142.815
148.78
161.005
180.659
185.678
205.446
204.227
209.348
208.809
231.181
234.093
225.081
231.017
223.558
217.956
206.14
202.582
188.155
177.078
180.362
150.909
139.726
139.739
126.517
117.461
119.468
121.512
122.822
126.962
131.042
133.044
151.556
150.65
154.056
157.221
141.269
151.212
146.144
148.076
140.938
142.643
149.585
141.537
133.746
139.676
141.25
137.04
133.792
132.694
123.32
138.646
141.188
138.696
137.078
134.83
134.83
134.83
