137.616
136.711
129.364
135.552
129.374
136.777
135.654
135.028
142.566
151.521
154.986
164.561
162.199
185.493
186.594
213.242
223.808
237.811
244.292
268.542
277.157
284.281
300.584
302.479
306.893
309.98
306.939
300.332
303.936
283.259
276.226
259.761
249.4
224.807
214.226
189.898
183.09
164.539
148.101
141.13
123.786
127.378
130.713
131.615
145.515
153.156
162.132
179.517
181.402
202.912
210.853
204.145
222.355
232.634
231.86
228.554
230.563
230.505
229.365
229.86
216.988
205.914
198.038
184.54
174.09
164.064
154.14
137.808
136.14
121.363
117.935
128.739
139.226
138.815
144.78
163.005
170.659
178.678
199.446
207.227
199.348
217.809
228.181
225.093
223.081
220.017
219.558
203.956
197.14
193.582
190.155
175.078
165.362
150.909
143.726
131.739
115.517
120.461
115.468
119.512
121.822
123.962
127.042
136.044
137.556
137.65
141.056
143.221
142.269
148.212
142.144
143.076
147.938
142.643
144.585
144.537
132.746
130.676
128.25
127.04
123.792
129.694
121.32
123.646
128.188
123.696
129.078
130.83
130.83
130.83
