140.616
143.711
132.364
142.552
140.374
147.777
142.654
142.028
151.566
156.521
155.986
177.561
172.199
192.493
187.594
218.242
220.808
248.811
253.292
274.542
286.157
292.281
303.584
303.479
317.893
318.98
312.939
303.332
314.936
294.259
278.226
261.761
250.4
234.807
225.226
195.898
194.09
170.539
155.101
145.13
137.786
130.378
134.713
143.615
151.515
156.156
166.132
193.517
176.402
209.912
223.853
211.145
237.355
236.634
236.86
235.554
230.563
230.505
229.365
236.86
223.988
207.914
209.038
200.54
187.09
165.064
154.14
146.808
140.14
116.363
120.935
129.739
146.226
135.815
147.78
168.005
190.659
181.678
203.446
212.227
201.348
229.809
230.181
226.093
226.081
227.017
224.558
217.956
210.14
203.582
202.155
184.078
166.362
154.909
143.726
142.739
116.517
137.461
123.468
132.512
121.822
133.962
128.042
136.044
150.556
155.65
148.056
159.221
150.269
152.212
136.144
152.076
156.938
143.643
156.585
156.537
131.746
132.676
134.25
140.04
120.792
142.694
134.32
130.646
145.188
124.696
134.078
136.83
136.83
136.83
