154.616
135.711
138.364
142.552
129.374
149.777
141.654
134.028
154.566
153.521
170.986
161.561
169.199
189.493
202.594
226.242
222.808
239.811
240.292
279.542
288.157
277.281
311.584
307.479
321.893
307.98
310.939
298.332
306.936
282.259
282.226
269.761
252.4
226.807
218.226
198.898
187.09
167.539
163.101
144.13
138.786
131.378
134.713
130.615
157.515
158.156
161.132
172.517
191.402
201.912
217.853
211.145
231.355
243.634
245.86
247.554
221.563
236.505
236.365
229.86
233.988
207.914
218.038
188.54
179.09
180.064
152.14
156.808
138.14
118.363
131.935
121.739
136.226
146.815
156.78
171.005
178.659
188.678
201.446
212.227
203.348
215.809
228.181
221.093
237.081
221.017
226.558
215.956
213.14
199.582
193.155
181.078
175.362
150.909
135.726
148.739
124.517
125.461
118.468
116.512
121.822
131.962
139.042
148.044
151.556
161.65
155.056
159.221
142.269
147.212
164.144
153.076
157.938
144.643
159.585
141.537
145.746
150.676
129.25
139.04
136.792
133.694
131.32
124.646
132.188
127.696
133.078
145.83
145.83
145.83
