140.616
131.711
130.364
138.552
132.374
133.777
138.654
147.028
150.566
151.521
160.986
170.561
176.199
193.493
186.594
220.242
228.808
242.811
255.292
273.542
277.157
280.281
308.584
310.479
317.893
318.98
306.939
294.332
306.936
289.259
274.226
266.761
250.4
238.807
217.226
196.898
184.09
159.539
161.101
144.13
126.786
135.378
136.713
139.615
154.515
149.156
158.132
178.517
187.402
196.912
211.853
212.145
223.355
227.634
242.86
235.554
234.563
224.505
242.365
239.86
209.988
209.914
195.038
192.54
170.09
175.064
153.14
158.808
147.14
134.363
121.935
130.739
136.226
149.815
150.78
182.005
169.659
170.678
198.446
203.227
203.348
211.809
231.181
215.093
221.081
214.017
221.558
209.956
202.14
202.582
194.155
176.078
172.362
146.909
140.726
137.739
128.517
118.461
120.468
131.512
116.822
122.962
135.042
139.044
142.556
149.65
161.056
153.221
146.269
142.212
148.144
149.076
158.938
149.643
143.585
146.537
148.746
131.676
146.25
143.04
130.792
127.694
130.32
132.646
131.188
130.696
135.078
125.83
125.83
125.83
