125.616
155.711
135.364
145.552
143.374
137.777
138.654
147.028
154.566
165.521
171.986
171.561
173.199
181.493
187.594
218.242
226.808
241.811
253.292
283.542
272.157
282.281
305.584
314.479
319.893
314.98
314.939
308.332
308.936
280.259
283.226
259.761
249.4
227.807
232.226
203.898
180.09
170.539
152.101
146.13
122.786
120.378
143.713
146.615
162.515
170.156
163.132
177.517
183.402
206.912
214.853
221.145
239.355
245.634
248.86
245.554
235.563
242.505
234.365
225.86
213.988
213.914
212.038
181.54
175.09
172.064
167.14
142.808
145.14
132.363
126.935
127.739
156.226
155.815
150.78
169.005
182.659
185.678
205.446
207.227
214.348
203.809
235.181
239.093
226.081
232.017
225.558
226.956
213.14
205.582
190.155
184.078
187.362
158.909
143.726
145.739
121.517
122.461
120.468
130.512
123.822
127.962
133.042
136.044
162.556
161.65
157.056
166.221
140.269
149.212
146.144
157.076
144.938
140.643
156.585
147.537
135.746
143.676
143.25
150.04
132.792
138.694
133.32
149.646
143.188
150.696
146.078
137.83
137.83
137.83
