-125.616
-129.711
-126.364
-134.552
-120.374
-131.777
-122.654
-133.028
-136.566
-143.521
-153.986
-158.561
-162.199
-172.493
-186.594
-205.242
-218.808
-229.811
-237.292
-265.542
-264.157
-269.281
-294.584
-299.479
-304.893
-308.98
-309.939
-296.332
-296.936
-276.259
-268.226
-257.761
-246.4
-225.807
-212.226
-192.898
-176.09
-156.539
-145.101
-133.13
-126.786
-126.378
-122.713
-133.615
-148.515
-148.156
-158.132
-173.517
-180.402
-193.912
-201.853
-202.145
-220.355
-223.634
-233.86
-227.554
-220.563
-228.505
-224.365
-224.86
-210.988
-201.914
-196.038
-173.54
-170.09
-157.064
-146.14
-136.808
-133.14
-122.363
-118.935
-122.739
-135.226
-130.815
-139.78
-162.005
-163.659
-174.678
-198.446
-204.227
-197.348
-214.809
-224.181
-213.093
-213.081
-222.017
-213.558
-204.956
-189.14
-193.582
-189.155
-170.078
-168.362
-145.909
-141.726
-134.739
-117.517
-106.461
-112.468
-118.512
-114.822
-121.962
-124.042
-126.044
-141.556
-130.65
-141.056
-140.221
-139.269
-146.212
-133.144
-144.076
-138.938
-136.643
-135.585
-132.537
-128.746
-134.676
-123.25
-124.04
-118.792
-116.694
-113.32
-127.646
-125.188
-125.696
-125.078
-117.83
-117.83
-117.83
