135.616
132.711
132.364
136.552
134.374
130.777
132.654
136.028
144.566
151.521
155.986
159.561
164.199
180.493
193.594
213.242
218.808
233.811
242.292
267.542
276.157
277.281
300.584
302.479
305.893
305.98
310.939
298.332
297.936
277.259
271.226
264.761
243.4
231.807
221.226
196.898
181.09
160.539
150.101
134.13
130.786
122.378
125.713
132.615
144.515
153.156
157.132
177.517
186.402
198.912
204.853
211.145
226.355
232.634
232.86
234.554
228.563
228.505
229.365
224.86
216.988
205.914
198.038
181.54
176.09
168.064
150.14
139.808
139.14
121.363
121.935
124.739
134.226
139.815
151.78
162.005
166.659
177.678
198.446
205.227
198.348
215.809
228.181
225.093
223.081
224.017
221.558
210.956
197.14
193.582
189.155
171.078
167.362
144.909
139.726
137.739
114.517
118.461
114.468
115.512
118.822
118.962
128.042
136.044
137.556
139.65
148.056
148.221
143.269
148.212
146.144
142.076
140.938
144.643
139.585
138.537
136.746
135.676
127.25
129.04
129.792
123.694
120.32
125.646
128.188
123.696
127.078
129.83
129.83
129.83
