-124.616
-118.711
-119.364
-135.552
-122.374
-132.777
-127.654
-118.028
-133.566
-119.521
-136.986
-157.561
-150.199
-175.493
-176.594
-196.242
-197.808
-217.811
-236.292
-260.542
-264.157
-269.281
-290.584
-298.479
-295.893
-301.98
-295.939
-298.332
-290.936
-260.259
-263.226
-245.761
-235.4
-218.807
-210.226
-197.898
-174.09
-146.539
-126.101
-118.13
-121.786
-115.378
-109.713
-112.615
-120.515
-146.156
-139.132
-161.517
-167.402
-202.912
-211.853
-188.145
-210.355
-218.634
-235.86
-223.554
-232.563
-213.505
-212.365
-206.86
-208.988
-188.914
-183.038
-180.54
-151.09
-152.064
-153.14
-126.808
-130.14
-110.363
-101.935
-117.739
-116.226
-126.815
-147.78
-165.005
-151.659
-160.678
-182.446
-180.227
-192.348
-191.809
-209.181
-220.093
-207.081
-212.017
-210.558
-189.956
-202.14
-184.582
-166.155
-156.078
-171.362
-145.909
-129.726
-122.739
-105.517
-112.461
-106.468
-113.512
-101.822
-108.962
-126.042
-133.044
-117.556
-123.65
-133.056
-128.221
-131.269
-131.212
-138.144
-132.076
-131.938
-127.643
-124.585
-112.537
-121.746
-117.676
-126.25
-121.04
-120.792
-111.694
-118.32
-112.646
-117.188
-116.696
-114.078
-128.83
-128.83
-128.83
