-125.616
-114.711
-121.364
-130.552
-119.374
-132.777
-128.654
-120.028
-129.566
-116.521
-137.986
-157.561
-152.199
-172.493
-177.594
-197.242
-193.808
-219.811
-232.292
-262.542
-266.157
-264.281
-290.584
-299.479
-295.893
-297.98
-296.939
-294.332
-291.936
-256.259
-265.226
-245.761
-235.4
-219.807
-212.226
-194.898
-174.09
-142.539
-127.101
-118.13
-122.786
-110.378
-109.713
-107.615
-122.515
-147.156
-134.132
-156.517
-162.402
-198.912
-207.853
-183.145
-207.355
-220.634
-235.86
-223.554
-229.563
-213.505
-208.365
-208.86
-203.988
-184.914
-180.038
-180.54
-146.09
-147.064
-148.14
-123.808
-125.14
-111.363
-98.935
-112.739
-118.226
-121.815
-149.78
-167.005
-146.659
-156.678
-182.446
-181.227
-194.348
-187.809
-206.181
-217.093
-207.081
-214.017
-206.558
-190.956
-198.14
-186.582
-167.155
-152.078
-171.362
-147.909
-131.726
-118.739
-106.517
-112.461
-103.468
-110.512
-102.822
-109.962
-122.042
-133.044
-119.556
-123.65
-133.056
-129.221
-128.269
-126.212
-138.144
-127.076
-131.938
-127.643
-120.585
-112.537
-123.746
-113.676
-122.25
-117.04
-121.792
-107.694
-120.32
-114.646
-112.188
-113.696
-116.078
-128.83
-128.83
-128.83
