-130.616
-126.711
-127.364
-134.552
-124.374
-135.777
-129.654
-137.028
-136.566
-142.521
-148.986
-162.561
-160.199
-183.493
-185.594
-210.242
-214.808
-234.811
-242.292
-266.542
-273.157
-276.281
-296.584
-295.479
-303.893
-305.98
-305.939
-298.332
-296.936
-275.259
-263.226
-258.761
-240.4
-223.807
-214.226
-183.898
-180.09
-156.539
-141.101
-133.13
-118.786
-115.378
-126.713
-129.615
-148.515
-152.156
-154.132
-172.517
-178.402
-201.912
-200.853
-199.145
-224.355
-231.634
-231.86
-232.554
-222.563
-228.505
-226.365
-223.86
-214.988
-203.914
-195.038
-178.54
-166.09
-166.064
-151.14
-141.808
-135.14
-119.363
-113.935
-125.739
-127.226
-135.815
-143.78
-160.005
-164.659
-171.678
-197.446
-205.227
-192.348
-213.809
-216.181
-222.093
-216.081
-218.017
-218.558
-197.956
-198.14
-187.582
-183.155
-166.078
-162.362
-136.909
-131.726
-129.739
-114.517
-112.461
-111.468
-108.512
-121.822
-115.962
-123.042
-132.044
-135.556
-129.65
-140.056
-139.221
-141.269
-141.212
-146.144
-147.076
-135.938
-141.643
-133.585
-143.537
-131.746
-128.676
-122.25
-127.04
-120.792
-115.694
-116.32
-121.646
-128.188
-121.696
-131.078
-127.83
-127.83
-127.83
