135.616
135.711
127.364
135.552
129.374
130.777
135.654
134.028
138.566
146.521
160.986
159.561
168.199
184.493
192.594
212.242
224.808
237.811
249.292
273.542
275.157
279.281
299.584
303.479
306.893
306.98
311.939
305.332
298.936
279.259
270.226
259.761
242.4
226.807
221.226
195.898
181.09
158.539
149.101
134.13
124.786
122.378
124.713
131.615
144.515
154.156
156.132
177.517
185.402
198.912
204.853
210.145
221.355
232.634
231.86
229.554
234.563
235.505
234.365
230.86
215.988
210.914
203.038
180.54
174.09
169.064
153.14
142.808
136.14
120.363
116.935
125.739
141.226
142.815
145.78
162.005
172.659
174.678
200.446
205.227
204.348
210.809
227.181
218.093
220.081
219.017
215.558
204.956
203.14
199.582
185.155
170.078
171.362
150.909
137.726
131.739
115.517
114.461
118.468
120.512
117.822
121.962
129.042
139.044
137.556
138.65
141.056
146.221
141.269
148.212
146.144
147.076
145.938
142.643
138.585
138.537
137.746
131.676
133.25
133.04
129.792
129.694
122.32
130.646
133.188
130.696
127.078
124.83
124.83
124.83
