338
330.803
331.729
334.754
330.727
336.733
336.632
334.615
331.709
331.688
335.565
329.591
323.624
326.131
314.775
306.248
308.585
311.218
306.993
302.533
282.448
277.176
279.233
273.809
278.754
275.857
278.042
278.209
282.647
287.555
289.717
306.846
311.208
308.731
321.625
327.86
329.395
330.516
336.612
335.564
334.029
339.066
338.959
334.996
334.717
331.453
329.546
329.497
326.143
326.917
322.474
322.539
319.027
320.071
323.977
324.912
322.619
320.075
320.959
316.58
319.042
327.454
330.88
325.857
335.389
335.472
330.441
336.786
339.948
340.003
340.003
333.957
338.862
340.097
335.58
336.477
331.534
319.205
323.566
315.738
308.703
306.375
305.388
315.641
306.373
314.645
310.762
310.348
309.783
314.045
315.477
327.455
329.343
333.121
335.049
338.948
335.012
337.975
339.997
333.993
339.909
332.86
336.69
338.925
337.988
335.829
335.158
338.161
333.219
338.224
333.188
339.198
340.109
330.792
335.049
339.075
333.006
332.998
338.046
334.03
340.049
338.074
335
339.072
332.84
336.683
335.006
333.977
333.977
333.977
