338
331.803
334.729
335.754
336.727
329.733
331.632
331.615
336.709
336.688
330.565
330.591
324.624
320.131
315.775
311.248
309.585
307.218
304.993
302.533
283.448
277.176
283.233
274.809
274.754
274.857
283.042
277.209
280.647
280.555
288.717
309.846
306.208
315.731
322.625
332.86
334.395
331.516
331.612
329.564
340.029
335.066
334.959
334.996
329.717
334.453
331.546
334.497
333.143
327.917
323.474
322.539
324.027
320.071
319.977
324.912
315.619
319.075
319.959
315.58
325.042
324.454
326.88
327.857
336.389
335.472
331.441
331.786
337.948
334.003
338.003
333.957
332.862
335.097
336.58
329.477
330.534
324.205
327.566
320.738
309.703
310.375
312.388
315.641
310.373
314.645
315.762
312.348
308.783
312.045
321.477
324.455
331.343
326.121
335.049
339.948
334.012
337.975
333.997
334.993
334.909
334.86
330.69
334.925
332.988
331.829
340.158
340.161
335.219
340.224
338.188
334.198
333.109
336.792
335.049
334.075
339.006
337.998
333.046
335.03
339.049
333.074
333
335.072
333.84
329.683
333.006
338.977
338.977
338.977
