357
338.803
346.729
334.754
340.727
342.733
348.632
354.615
348.709
351.688
342.565
337.591
347.624
331.131
315.775
320.248
323.585
331.218
333.993
315.533
297.448
283.176
303.233
285.809
288.754
298.857
277.042
272.209
299.647
309.555
305.717
310.846
317.208
334.731
324.625
330.86
336.395
345.516
359.612
345.564
337.029
354.066
359.959
345.996
345.717
331.453
345.546
344.497
341.143
335.917
343.474
326.539
316.027
313.071
339.977
330.912
329.619
320.075
344.959
335.58
327.042
338.454
324.88
347.857
336.389
348.472
329.441
357.786
358.948
358.003
339.003
357.957
342.862
345.097
336.58
352.477
340.534
327.205
333.566
326.738
315.703
304.375
319.388
310.641
313.373
316.645
319.762
328.348
323.783
330.045
325.477
340.455
343.343
338.121
337.049
339.948
356.012
344.975
349.997
358.993
335.909
341.86
349.69
346.925
345.988
345.829
367.158
350.161
340.219
346.224
353.188
348.198
351.109
349.792
346.049
346.075
357.006
334.998
364.046
360.03
336.049
345.074
347
343.072
341.84
342.683
352.006
346.977
346.977
346.977
