338
331.803
330.729
334.754
330.727
330.733
334.632
330.615
329.709
335.688
336.565
331.591
327.624
320.131
313.775
305.248
309.585
311.218
305.993
308.533
284.448
284.176
284.233
275.809
278.754
273.857
278.042
284.209
286.647
286.555
289.717
309.846
306.208
310.731
316.625
326.86
330.395
330.516
329.612
336.564
335.029
338.066
339.959
337.996
335.717
334.453
331.546
335.497
331.143
325.917
323.474
317.539
326.027
321.071
319.977
323.912
317.619
319.075
323.959
321.58
319.042
323.454
330.88
325.857
330.389
329.472
335.441
336.786
333.948
340.003
333.003
337.957
332.862
335.097
331.58
334.477
334.534
325.205
324.566
315.738
314.703
306.375
310.388
314.641
312.373
309.645
315.762
311.348
310.783
318.045
316.477
322.455
335.343
331.121
335.049
337.948
335.012
332.975
333.997
337.993
339.909
332.86
331.69
333.925
338.988
336.829
334.158
335.161
340.219
340.224
338.188
333.198
339.109
331.792
333.049
340.075
334.006
338.998
340.046
338.03
339.049
333.074
335
333.072
333.84
329.683
338.006
333.977
333.977
333.977
