350
343.803
342.729
343.754
364.727
347.733
345.632
331.615
339.709
332.688
344.565
354.591
341.624
325.131
327.775
329.248
326.585
328.218
323.993
308.533
290.448
291.176
286.233
303.809
285.754
283.857
295.042
293.209
293.647
288.555
301.717
313.846
318.208
327.731
335.625
343.86
359.395
355.516
341.612
358.564
338.029
353.066
350.959
354.996
338.717
343.453
344.546
372.497
336.143
344.917
334.474
339.539
344.027
331.071
327.977
333.912
344.619
339.075
347.959
331.58
331.042
348.454
339.88
356.857
342.389
339.472
344.441
344.786
353.948
346.003
352.003
361.957
350.862
359.097
358.58
354.477
338.534
338.205
345.566
330.738
326.703
331.375
329.388
319.641
336.373
321.645
312.762
323.348
324.783
329.045
324.477
329.455
346.343
339.121
356.049
359.948
359.012
332.975
343.997
345.993
338.909
350.86
338.69
338.925
351.988
336.829
353.158
357.161
352.219
345.224
344.188
354.198
345.109
334.792
355.049
335.075
350.006
349.998
346.046
352.03
346.049
360.074
345
353.072
335.84
346.683
361.006
346.977
346.977
346.977
