338
330.803
335.729
334.754
332.727
329.733
330.632
332.615
334.709
328.688
333.565
339.591
328.624
331.131
310.775
310.248
312.585
314.218
310.993
307.533
277.448
283.176
283.233
277.809
280.754
281.857
281.042
275.209
286.647
283.555
293.717
303.846
316.208
319.731
319.625
330.86
329.395
331.516
339.612
340.564
334.029
345.066
337.959
333.996
330.717
333.453
333.546
333.497
325.143
325.917
322.474
321.539
324.027
317.071
325.977
317.912
319.619
318.075
323.959
327.58
319.042
321.454
325.88
331.857
331.389
340.472
332.441
341.786
336.948
345.003
335.003
338.957
332.862
340.097
333.58
340.477
328.534
318.205
324.566
320.738
312.703
309.375
314.388
308.641
310.373
308.645
310.762
308.348
309.783
323.045
325.477
332.455
332.343
331.121
338.049
336.948
344.012
338.975
338.997
342.993
334.909
337.86
335.69
332.925
332.988
338.829
343.158
338.161
333.219
337.224
343.188
337.198
342.109
338.792
338.049
344.075
344.006
336.998
345.046
342.03
332.049
334.074
339
334.072
333.84
334.683
338.006
336.977
336.977
336.977
