338
330.803
333.729
332.754
330.727
327.733
333.632
337.615
338.709
333.688
331.565
338.591
333.624
334.131
309.775
314.248
316.585
317.218
314.993
305.533
280.448
282.176
287.233
277.809
283.754
284.857
281.042
273.209
284.647
288.555
292.717
308.846
315.208
317.731
318.625
329.86
334.395
330.516
337.612
340.564
333.029
343.066
341.959
338.996
334.717
331.453
333.546
337.497
330.143
325.917
327.474
324.539
322.027
315.071
330.977
322.912
318.619
316.075
328.959
330.58
318.042
325.454
323.88
334.857
330.389
344.472
336.441
345.786
341.948
343.003
340.003
341.957
331.862
340.097
332.58
345.477
333.534
317.205
324.566
320.738
310.703
307.375
312.388
307.641
308.373
306.645
310.762
312.348
308.783
322.045
323.477
331.455
332.343
330.121
337.049
336.948
348.012
338.975
341.997
347.993
333.909
335.86
334.69
332.925
337.988
336.829
348.158
341.161
333.219
336.224
342.188
342.198
347.109
337.792
336.049
343.075
348.006
334.998
349.046
345.03
336.049
333.074
339
339.072
333.84
332.683
341.006
334.977
334.977
334.977
