338
334.803
329.729
334.754
331.727
329.733
334.632
329.615
330.709
331.688
335.565
330.591
328.624
324.131
314.775
310.248
315.585
311.218
311.993
308.533
282.448
279.176
282.233
275.809
275.754
275.857
284.042
284.209
281.647
282.555
287.717
304.846
305.208
310.731
322.625
331.86
334.395
329.516
330.612
329.564
334.029
335.066
333.959
333.996
329.717
335.453
330.546
334.497
332.143
327.917
323.474
321.539
319.027
320.071
318.977
319.912
321.619
326.075
324.959
321.58
324.042
329.454
331.88
326.857
334.389
336.472
334.441
334.786
334.948
333.003
333.003
334.957
339.862
338.097
330.58
329.477
336.534
321.205
329.566
320.738
315.703
305.375
311.388
308.641
307.373
309.645
309.762
306.348
314.783
318.045
317.477
323.455
335.343
332.121
333.049
333.948
335.012
333.975
337.997
339.993
333.909
337.86
331.69
337.925
332.988
330.829
333.158
338.161
333.219
340.224
338.188
339.198
338.109
334.792
334.049
334.075
340.006
333.998
339.046
339.03
339.049
339.074
335
340.072
338.84
336.683
333.006
333.977
333.977
333.977
