342
342.803
360.729
345.754
329.727
339.733
342.632
343.615
350.709
345.688
346.565
340.591
328.624
335.131
316.775
314.248
337.585
322.218
328.993
327.533
281.448
309.176
294.233
292.809
293.754
305.857
295.042
297.209
309.647
291.555
288.717
328.846
318.208
324.731
324.625
344.86
346.395
338.516
351.612
354.564
356.029
344.066
346.959
352.996
329.717
336.453
341.546
345.497
345.143
355.917
329.474
332.539
332.027
334.071
325.977
329.912
329.619
345.075
330.959
333.58
327.042
336.454
339.88
341.857
336.389
339.472
352.441
348.786
351.948
349.003
348.003
339.957
357.862
361.097
350.58
345.477
353.534
345.205
350.566
338.738
336.703
326.375
324.388
321.641
330.373
318.645
323.762
320.348
329.783
333.045
325.477
343.455
343.343
344.121
352.049
351.948
349.012
340.975
339.997
373.993
356.909
343.86
335.69
338.925
342.988
352.829
338.158
345.161
356.219
343.224
357.188
351.198
334.109
337.792
347.049
339.075
345.006
358.998
355.046
345.03
353.049
351.074
340
345.072
345.84
363.683
368.006
346.977
346.977
346.977
