343
360.803
349.729
347.754
343.727
339.733
355.632
340.615
345.709
343.688
331.565
346.591
348.624
340.131
323.775
334.248
315.585
315.218
316.993
316.533
294.448
311.176
292.233
300.809
293.754
284.857
275.042
291.209
288.647
289.555
302.717
317.846
317.208
330.731
330.625
328.86
340.395
337.516
345.612
348.564
346.029
341.066
355.959
354.996
343.717
341.453
349.546
348.497
338.143
340.917
333.474
327.539
340.027
338.071
330.977
333.912
340.619
326.075
339.959
332.58
327.042
344.454
330.88
338.857
346.389
349.472
345.441
356.786
345.948
340.003
339.003
342.957
344.862
360.097
340.58
334.477
343.534
323.205
333.566
319.738
320.703
319.375
319.388
328.641
333.373
310.645
312.762
314.348
335.783
330.045
323.477
339.455
340.343
326.121
346.049
332.948
343.012
352.975
345.997
344.993
357.909
349.86
346.69
364.925
350.988
345.829
350.158
344.161
346.219
339.224
351.188
342.198
352.109
345.792
340.049
352.075
344.006
335.998
348.046
355.03
359.049
351.074
353
332.072
338.84
339.683
341.006
357.977
357.977
357.977
