346
340.803
334.729
345.754
340.727
345.733
340.632
335.615
347.709
340.688
334.565
348.591
335.624
336.131
314.775
320.248
311.585
320.218
314.993
314.533
293.448
297.176
289.233
278.809
290.754
285.857
289.042
281.209
300.647
297.555
295.717
311.846
318.208
316.731
331.625
331.86
351.395
341.516
341.612
344.564
346.029
343.066
341.959
343.996
336.717
342.453
343.546
355.497
327.143
338.917
342.474
322.539
334.027
324.071
322.977
325.912
317.619
320.075
317.959
330.58
337.042
329.454
342.88
349.857
350.389
332.472
334.441
337.786
342.948
333.003
341.003
343.957
342.862
329.097
330.58
334.477
358.534
326.205
330.566
332.738
316.703
328.375
314.388
315.641
317.373
316.645
321.762
319.348
319.783
326.045
332.477
340.455
333.343
334.121
343.049
343.948
334.012
361.975
340.997
349.993
337.909
349.86
335.69
337.925
348.988
350.829
338.158
355.161
341.219
348.224
333.188
342.198
352.109
339.792
356.049
356.075
334.006
338.998
343.046
346.03
330.049
356.074
352
340.072
353.84
328.683
338.006
344.977
344.977
344.977
