340
334.803
336.729
336.754
334.727
333.733
347.632
331.615
330.709
346.688
337.565
344.591
328.624
326.131
315.775
305.248
305.585
319.218
306.993
310.533
286.448
280.176
279.233
282.809
287.754
282.857
290.042
282.209
294.647
298.555
294.717
320.846
310.208
320.731
318.625
336.86
344.395
341.516
335.612
336.564
336.029
346.066
343.959
339.996
332.717
341.453
332.546
342.497
329.143
333.917
324.474
325.539
332.027
331.071
327.977
332.912
320.619
316.075
333.959
330.58
318.042
331.454
335.88
337.857
336.389
335.472
347.441
338.786
339.948
345.003
329.003
341.957
333.862
332.097
342.58
339.477
337.534
327.205
326.566
314.738
321.703
304.375
317.388
327.641
320.373
322.645
311.762
322.348
306.783
322.045
318.477
330.455
337.343
341.121
338.049
333.948
346.012
332.975
342.997
331.993
341.909
331.86
344.69
328.925
346.988
339.829
341.158
333.161
347.219
345.224
346.188
339.198
345.109
334.792
334.049
339.075
336.006
340.998
341.046
338.03
348.049
330.074
339
333.072
341.84
336.683
342.006
333.977
333.977
333.977
