345
341.803
339.729
337.754
333.727
333.733
342.632
345.615
357.709
340.688
338.565
360.591
333.624
341.131
321.775
308.248
336.585
317.218
322.993
322.533
299.448
297.176
287.233
288.809
293.754
284.857
291.042
295.209
298.647
297.555
298.717
317.846
311.208
328.731
328.625
341.86
338.395
338.516
339.612
340.564
350.029
358.066
341.959
342.996
348.717
353.453
344.546
341.497
335.143
335.917
337.474
327.539
329.027
331.071
345.977
336.912
328.619
338.075
335.959
327.58
326.042
340.454
338.88
342.857
335.389
342.472
339.441
343.786
346.948
334.003
353.003
342.957
351.862
341.097
340.58
351.477
339.534
346.205
330.566
322.738
321.703
330.375
323.388
335.641
311.373
328.645
312.762
322.348
324.783
328.045
334.477
342.455
351.343
346.121
345.049
358.948
353.012
339.975
340.997
351.993
339.909
350.86
343.69
359.925
349.988
343.829
343.158
334.161
352.219
359.224
357.188
360.198
339.109
333.792
350.049
341.075
344.006
348.998
340.046
343.03
350.049
341.074
342
343.072
358.84
337.683
328.006
347.977
347.977
347.977
