362
360.803
326.729
345.754
347.727
335.733
332.632
365.615
346.709
357.688
341.565
346.591
336.624
334.131
319.775
319.248
334.585
319.218
316.993
330.533
288.448
286.176
285.233
295.809
302.754
292.857
303.042
304.209
280.647
292.555
303.717
314.846
323.208
328.731
316.625
332.86
350.395
352.516
333.612
346.564
355.029
351.066
342.959
351.996
345.717
348.453
342.546
336.497
338.143
336.917
335.474
316.539
352.027
330.071
332.977
323.912
336.619
329.075
334.959
329.58
331.042
350.454
347.88
325.857
342.389
344.472
349.441
342.786
352.948
346.003
351.003
358.957
346.862
329.097
339.58
362.477
356.534
342.205
345.566
335.738
327.703
316.375
324.388
322.641
322.373
310.645
323.762
330.348
333.783
329.045
328.477
342.455
356.343
342.121
355.049
349.948
348.012
344.975
348.997
341.993
356.909
345.86
338.69
351.925
358.988
348.829
351.158
341.161
355.219
351.224
333.188
343.198
350.109
343.792
351.049
347.075
352.006
356.998
337.046
345.03
350.049
340.074
358
357.072
346.84
348.683
358.006
353.977
353.977
353.977
