338
334.803
334.729
331.754
336.727
329.733
334.632
331.615
335.709
331.688
336.565
329.591
324.624
321.131
309.775
307.248
315.585
307.218
304.993
306.533
278.448
278.176
279.233
280.809
275.754
278.857
277.042
283.209
286.647
286.555
293.717
306.846
306.208
314.731
320.625
330.86
331.395
335.516
336.612
331.564
339.029
339.066
334.959
338.996
331.717
329.453
331.546
329.497
331.143
325.917
329.474
320.539
320.027
320.071
323.977
319.912
322.619
325.075
324.959
321.58
320.042
322.454
331.88
330.857
331.389
330.472
331.441
330.786
332.948
340.003
340.003
334.957
338.862
339.097
330.58
330.477
336.534
319.205
322.566
315.738
314.703
307.375
311.388
308.641
306.373
308.645
310.762
312.348
308.783
317.045
315.477
329.455
336.343
333.121
340.049
334.948
333.012
338.975
338.997
338.993
333.909
334.86
334.69
334.925
334.988
336.829
333.158
335.161
338.219
339.224
333.188
333.198
339.109
331.792
338.049
333.075
333.006
334.998
339.046
333.03
340.049
340.074
338
334.072
337.84
331.683
334.006
333.977
333.977
333.977
