331
337.803
338.729
332.754
350.727
339.733
336.632
337.615
349.709
343.688
330.565
344.591
341.624
333.131
319.775
323.248
320.585
325.218
312.993
306.533
289.448
298.176
292.233
290.809
283.754
287.857
296.042
297.209
297.647
291.555
309.717
318.846
309.208
310.731
336.625
336.86
340.395
346.516
340.612
359.564
339.029
342.066
344.959
343.996
343.717
350.453
345.546
348.497
347.143
342.917
329.474
328.539
347.027
332.071
341.977
324.912
335.619
340.075
340.959
330.58
329.042
335.454
336.88
342.857
341.389
340.472
340.441
332.786
342.948
354.003
343.003
350.957
362.862
346.097
339.58
335.477
338.534
337.205
343.566
325.738
317.703
317.375
321.388
320.641
316.373
325.645
324.762
306.348
321.783
315.045
317.477
328.455
355.343
336.121
344.049
351.948
348.012
354.975
352.997
353.993
342.909
352.86
344.69
345.925
346.988
349.829
353.158
342.161
333.219
335.224
350.188
339.198
342.109
349.792
354.049
338.075
339.006
343.998
343.046
352.03
346.049
346.074
337
349.072
351.84
336.683
345.006
347.977
347.977
347.977
