333
340.803
345.729
347.754
331.727
330.733
341.632
340.615
344.709
336.688
333.565
339.591
326.624
326.131
317.775
304.248
324.585
312.218
319.993
312.533
277.448
290.176
286.233
279.809
277.754
293.857
285.042
290.209
289.647
278.555
295.717
318.846
311.208
319.731
333.625
332.86
344.395
336.516
345.612
348.564
341.029
342.066
338.959
347.996
328.717
331.453
345.546
335.497
336.143
344.917
320.474
328.539
332.027
326.071
320.977
325.912
329.619
341.075
326.959
325.58
323.042
336.454
333.88
334.857
331.389
345.472
338.441
341.786
345.948
348.003
343.003
334.957
348.862
345.097
339.58
337.477
343.534
327.205
334.566
325.738
324.703
314.375
314.388
313.641
318.373
317.645
320.762
319.348
321.783
319.045
326.477
335.455
329.343
332.121
351.049
339.948
342.012
340.975
339.997
351.993
345.909
332.86
326.69
339.925
336.988
343.829
335.158
344.161
349.219
343.224
349.188
348.198
338.109
336.792
339.049
328.075
343.006
343.998
340.046
344.03
340.049
347.074
333
345.072
343.84
344.683
353.006
332.977
332.977
332.977
