353
339.803
340.729
344.754
349.727
344.733
342.632
342.615
352.709
347.688
342.565
350.591
326.624
324.131
328.775
309.248
313.585
309.218
311.993
319.533
296.448
294.176
294.233
283.809
277.754
284.857
289.042
303.209
282.647
293.555
289.717
329.846
318.208
317.731
337.625
330.86
347.395
344.516
336.612
346.564
337.029
361.066
357.959
338.996
347.717
341.453
350.546
327.497
330.143
332.917
336.474
334.539
336.027
326.071
331.977
320.912
332.619
332.075
334.959
324.58
346.042
336.454
342.88
331.857
348.389
352.472
336.441
343.786
344.948
347.003
353.003
340.957
349.862
344.097
346.58
330.477
350.534
326.205
340.566
329.738
309.703
316.375
306.388
324.641
314.373
331.645
325.762
329.348
315.783
320.045
322.477
339.455
342.343
337.121
336.049
344.948
342.012
327.975
354.997
348.993
346.909
351.86
347.69
347.925
346.988
339.829
339.158
350.161
349.219
336.224
355.188
349.198
338.109
346.792
341.049
351.075
339.006
346.998
360.046
346.03
340.049
338.074
350
334.072
354.84
338.683
344.006
349.977
349.977
349.977
