332
350.803
349.729
343.754
343.727
352.733
343.632
329.615
337.709
343.688
343.565
337.591
332.624
338.131
318.775
311.248
327.585
311.218
318.993
311.533
301.448
288.176
291.233
292.809
277.754
293.857
293.042
290.209
288.647
291.555
299.717
333.846
311.208
331.731
329.625
332.86
340.395
342.516
355.612
339.564
343.029
347.066
356.959
350.996
353.717
337.453
335.546
344.497
337.143
341.917
352.474
324.539
327.027
329.071
337.977
336.912
328.619
335.075
327.959
328.58
330.042
326.454
328.88
331.857
353.389
333.472
332.441
333.786
361.948
361.003
340.003
352.957
349.862
346.097
348.58
345.477
354.534
325.205
342.566
331.738
321.703
309.375
315.388
321.641
312.373
330.645
332.762
322.348
326.783
322.045
328.477
335.455
327.343
337.121
348.049
326.948
351.012
342.975
342.997
335.993
354.909
353.86
353.69
344.925
337.988
356.829
341.158
346.161
350.219
355.224
347.188
362.198
342.109
338.792
345.049
351.075
338.006
346.998
358.046
330.03
342.049
357.074
343
360.072
342.84
336.683
353.006
337.977
337.977
337.977
