336
333.803
327.729
329.754
334.727
329.733
341.632
334.615
333.709
339.688
327.565
332.591
321.624
324.131
317.775
309.248
314.585
306.218
305.993
307.533
282.448
278.176
277.233
284.809
280.754
279.857
277.042
285.209
278.647
282.555
287.717
309.846
304.208
313.731
318.625
335.86
335.395
332.516
328.612
334.564
343.029
332.066
334.959
337.996
335.717
329.453
329.546
328.497
336.143
325.917
327.474
314.539
325.027
323.071
328.977
322.912
325.619
317.075
323.959
326.58
318.042
334.454
335.88
328.857
332.389
340.472
334.441
330.786
332.948
340.003
339.003
344.957
335.862
333.097
328.58
341.477
340.534
326.205
329.566
319.738
312.703
311.375
312.388
308.641
309.373
312.645
320.762
317.348
307.783
316.045
321.477
328.455
334.343
331.121
341.049
336.948
332.012
339.975
343.997
331.993
342.909
337.86
329.69
331.925
342.988
338.829
343.158
343.161
333.219
333.224
333.188
332.198
333.109
330.792
339.049
344.075
336.006
336.998
333.046
338.03
337.049
337.074
339
338.072
335.84
327.683
338.006
338.977
338.977
338.977
