348
332.803
340.729
334.754
337.727
335.733
344.632
328.615
328.709
352.688
340.565
350.591
336.624
334.131
324.775
308.248
304.585
320.218
313.993
314.533
295.448
288.176
282.233
284.809
291.754
282.857
290.042
289.209
304.647
307.555
300.717
321.846
309.208
317.731
328.625
336.86
343.395
338.516
338.612
340.564
340.029
351.066
348.959
338.996
329.717
344.453
334.546
339.497
337.143
335.917
327.474
333.539
340.027
334.071
330.977
339.912
329.619
322.075
329.959
339.58
316.042
339.454
344.88
339.857
335.389
338.472
348.441
340.786
336.948
343.003
333.003
349.957
329.862
337.097
339.58
346.477
336.534
324.205
329.566
313.738
320.703
311.375
320.388
328.641
319.373
320.645
319.762
329.348
310.783
325.045
320.477
332.455
338.343
343.121
340.049
337.948
348.012
334.975
346.997
336.993
340.909
339.86
346.69
331.925
353.988
337.829
344.158
335.161
345.219
343.224
346.188
336.198
353.109
337.792
339.049
342.075
335.006
343.998
345.046
336.03
357.049
335.074
336
340.072
343.84
339.683
345.006
335.977
335.977
335.977
