340
333.803
342.729
324.754
333.727
330.733
332.632
342.615
342.709
338.688
332.565
342.591
329.624
333.131
316.775
302.248
321.585
317.218
311.993
315.533
290.448
285.176
287.233
283.809
281.754
283.857
287.042
283.209
290.647
289.555
288.717
312.846
315.208
321.731
320.625
332.86
329.395
334.516
339.612
331.564
346.029
350.066
338.959
339.996
340.717
336.453
327.546
337.497
334.143
333.917
330.474
324.539
323.027
321.071
328.977
327.912
330.619
332.075
327.959
322.58
325.042
329.454
338.88
330.857
341.389
328.472
336.441
332.786
339.948
330.003
341.003
335.957
339.862
341.097
339.58
339.477
328.534
334.205
327.566
316.738
316.703
320.375
311.388
321.641
306.373
312.645
316.762
324.348
317.783
320.045
323.477
328.455
343.343
340.121
333.049
351.948
342.012
341.975
333.997
344.993
339.909
344.86
337.69
352.925
344.988
342.829
333.158
335.161
351.219
353.224
346.188
353.198
333.109
330.792
336.049
345.075
348.006
341.998
339.046
342.03
346.049
330.074
334
336.072
340.84
333.683
335.006
341.977
341.977
341.977
