329
347.803
339.729
330.754
347.727
342.733
337.632
343.615
357.709
351.688
334.565
346.591
342.624
336.131
328.775
325.248
318.585
329.218
315.993
313.533
292.448
300.176
300.233
288.809
288.754
291.857
298.042
305.209
306.647
294.555
309.717
317.846
315.208
316.731
341.625
341.86
343.395
350.516
349.612
363.564
342.029
341.066
346.959
341.996
346.717
353.453
349.546
352.497
345.143
339.917
337.474
336.539
344.027
335.071
344.977
332.912
339.619
343.075
350.959
331.58
330.042
333.454
333.88
351.857
346.389
342.472
343.441
335.786
339.948
353.003
344.003
347.957
360.862
343.097
337.58
339.477
342.534
342.205
342.566
328.738
316.703
326.375
319.388
323.641
315.373
328.645
325.762
306.348
322.783
319.045
324.477
332.455
358.343
340.121
343.049
354.948
346.012
353.975
353.997
361.993
349.909
356.86
348.69
343.925
342.988
352.829
352.158
350.161
339.219
338.224
358.188
339.198
341.109
358.792
361.049
346.075
337.006
346.998
346.046
360.03
349.049
349.074
340
358.072
348.84
337.683
348.006
356.977
356.977
356.977
