335
341.803
332.729
326.754
342.727
331.733
333.632
346.615
341.709
348.688
343.565
332.591
336.624
324.131
321.775
316.248
329.585
315.218
317.993
313.533
286.448
286.176
284.233
276.809
287.754
282.857
286.042
279.209
290.647
293.555
293.717
314.846
319.208
309.731
316.625
320.86
338.395
342.516
346.612
346.564
335.029
339.066
350.959
350.996
347.717
337.453
340.546
341.497
344.143
327.917
322.474
327.539
326.027
328.071
319.977
323.912
314.619
340.075
340.959
332.58
324.042
334.454
340.88
331.857
342.389
335.472
330.441
336.786
334.948
340.003
346.003
338.957
346.862
345.097
325.58
333.477
339.534
328.205
338.566
341.738
317.703
329.375
316.388
313.641
316.373
310.645
318.762
325.348
310.783
324.045
332.477
336.455
328.343
319.121
336.049
341.948
344.012
338.975
344.997
335.993
348.909
343.86
330.69
329.925
352.988
345.829
343.158
348.161
350.219
337.224
341.188
344.198
341.109
341.792
347.049
355.075
340.006
345.998
339.046
340.03
344.049
345.074
333
347.072
343.84
338.683
348.006
326.977
326.977
326.977
