331
356.803
345.729
345.754
343.727
346.733
345.632
344.615
350.709
357.688
353.565
339.591
335.624
323.131
316.775
321.248
320.585
322.218
316.993
321.533
283.448
288.176
289.233
282.809
286.754
291.857
284.042
289.209
295.647
281.555
307.717
308.846
322.208
316.731
342.625
341.86
343.395
349.516
331.612
348.564
340.029
335.066
356.959
352.996
345.717
353.453
346.546
339.497
334.143
339.917
337.474
337.539
347.027
332.071
335.977
339.912
325.619
332.075
332.959
315.58
325.042
333.454
348.88
333.857
339.389
342.472
353.441
336.786
349.948
347.003
340.003
343.957
352.862
354.097
345.58
341.477
343.534
330.205
342.566
324.738
327.703
297.375
317.388
326.641
316.373
325.645
328.762
328.348
333.783
333.045
324.477
341.455
355.343
342.121
342.049
349.948
346.012
341.975
337.997
353.993
340.909
344.86
343.69
340.925
355.988
360.829
348.158
359.161
330.219
349.224
336.188
356.198
340.109
334.792
354.049
351.075
335.006
343.998
356.046
353.03
344.049
351.074
348
363.072
345.84
356.683
351.006
350.977
350.977
350.977
