336
336.803
329.729
328.754
342.727
331.733
333.632
342.615
343.709
345.688
339.565
328.591
337.624
321.131
321.775
317.248
325.585
312.218
314.993
314.533
283.448
283.176
286.233
278.809
283.754
279.857
287.042
280.209
287.647
294.555
293.717
309.846
319.208
309.731
317.625
322.86
334.395
338.516
346.612
342.564
331.029
341.066
346.959
345.996
347.717
338.453
335.546
342.497
339.143
329.917
324.474
327.539
326.027
329.071
320.977
320.912
315.619
335.075
337.959
328.58
324.042
330.454
340.88
332.857
337.389
337.472
332.441
331.786
335.948
342.003
343.003
338.957
341.862
341.097
327.58
334.477
340.534
324.205
339.566
337.738
317.703
324.375
318.388
314.641
317.373
310.645
315.762
321.348
312.783
319.045
329.477
332.455
329.343
321.121
336.049
343.948
344.012
335.975
346.997
336.993
343.909
344.86
325.69
331.925
347.988
347.829
340.158
343.161
352.219
338.224
342.188
344.198
341.109
342.792
344.049
350.075
336.006
341.998
336.046
337.03
339.049
340.074
334
343.072
340.84
340.683
343.006
328.977
328.977
328.977
