334
342.803
347.729
342.754
333.727
332.733
338.632
342.615
340.709
337.688
333.565
336.591
326.624
326.131
318.775
304.248
319.585
309.218
321.993
309.533
279.448
285.176
288.233
276.809
274.754
288.857
280.042
291.209
285.647
279.555
295.717
315.846
311.208
316.731
334.625
334.86
340.395
337.516
341.612
345.564
337.029
343.066
333.959
349.996
329.717
327.453
342.546
335.497
333.143
341.917
322.474
328.539
327.027
323.071
315.977
326.912
326.619
336.075
322.959
322.58
324.042
336.454
328.88
331.857
332.389
341.472
335.441
338.786
345.948
348.003
338.003
335.957
344.862
340.097
341.58
339.477
338.534
328.205
330.566
321.738
319.703
309.375
314.388
310.641
319.373
317.645
315.762
316.348
318.783
314.045
323.477
331.455
330.343
332.121
347.049
339.948
342.012
342.975
341.997
346.993
345.909
333.86
327.69
336.925
338.988
340.829
336.158
344.161
350.219
343.224
350.188
344.198
340.109
332.792
334.049
329.075
343.006
345.998
341.046
339.03
336.049
347.074
334
341.072
345.84
339.683
348.006
334.977
334.977
334.977
