353
348.803
351.729
345.754
352.727
352.733
341.632
350.615
358.709
352.688
344.565
358.591
340.624
331.131
325.775
311.248
320.585
320.218
313.993
328.533
297.448
294.176
291.233
289.809
272.754
297.857
284.042
311.209
280.647
292.555
285.717
332.846
327.208
317.731
333.625
337.86
355.395
353.516
334.612
347.564
344.029
366.066
354.959
336.996
354.717
355.453
349.546
326.497
331.143
335.917
337.474
341.539
344.027
334.071
340.977
332.912
337.619
332.075
343.959
337.58
343.042
343.454
342.88
334.857
351.389
355.472
344.441
354.786
351.948
347.003
353.003
351.957
351.862
349.097
346.58
324.477
355.534
332.205
351.566
326.738
319.703
314.375
302.388
327.641
316.373
341.645
326.762
326.348
327.783
332.045
319.477
341.455
350.343
338.121
345.049
347.948
350.012
339.975
361.997
354.993
353.909
347.86
344.69
347.925
355.988
346.829
344.158
353.161
358.219
330.224
360.188
355.198
347.109
345.792
347.049
366.075
341.006
360.998
367.046
348.03
349.049
335.074
351
332.072
365.84
339.683
353.006
357.977
357.977
357.977
