351
343.803
343.729
342.754
349.727
349.733
340.632
347.615
355.709
346.688
341.565
350.591
331.624
328.131
327.775
313.248
316.585
313.218
315.993
324.533
301.448
293.176
293.233
282.809
276.754
289.857
287.042
301.209
280.647
296.555
287.717
328.846
321.208
320.731
336.625
329.86
347.395
347.516
336.612
350.564
342.029
359.066
355.959
338.996
350.717
346.453
353.546
325.497
328.143
331.917
339.474
337.539
336.027
330.071
331.977
324.912
335.619
332.075
339.959
329.58
345.042
335.454
346.88
329.857
348.389
352.472
340.441
346.786
347.948
346.003
356.003
345.957
347.862
347.097
345.58
328.477
348.534
329.205
343.566
327.738
312.703
316.375
304.388
322.641
313.373
336.645
324.762
328.348
319.783
325.045
321.477
337.455
345.343
340.121
336.049
343.948
342.012
330.975
352.997
346.993
344.909
349.86
346.69
346.925
346.988
344.829
343.158
355.161
349.219
334.224
355.188
352.198
342.109
344.792
339.049
356.075
338.006
351.998
365.046
351.03
345.049
337.074
348
334.072
358.84
343.683
348.006
347.977
347.977
347.977
