334
359.803
349.729
345.754
347.727
346.733
345.632
348.615
348.709
357.688
356.565
342.591
333.624
322.131
315.775
319.248
324.585
327.218
316.993
325.533
286.448
287.176
289.233
285.809
291.754
294.857
288.042
293.209
298.647
284.555
305.717
312.846
325.208
315.731
347.625
344.86
343.395
354.516
334.612
346.564
338.029
339.066
354.959
351.996
348.717
357.453
350.546
342.497
339.143
339.917
341.474
340.539
350.027
337.071
333.977
339.912
325.619
330.075
337.959
319.58
325.042
337.454
346.88
331.857
337.389
340.472
351.441
334.786
348.948
351.003
339.003
346.957
355.862
353.097
343.58
345.477
343.534
330.205
341.566
323.738
330.703
295.375
322.388
331.641
314.373
330.645
328.762
333.348
336.783
337.045
328.477
339.455
360.343
347.121
345.049
353.948
344.012
339.975
340.997
351.993
340.909
347.86
346.69
344.925
359.988
358.829
347.158
363.161
333.219
348.224
341.188
355.198
343.109
338.792
357.049
356.075
334.006
346.998
356.046
352.03
342.049
350.074
353
366.072
348.84
354.683
350.006
354.977
354.977
354.977
