329
336.803
335.729
330.754
336.727
336.733
336.632
330.615
338.709
336.688
325.565
336.591
334.624
330.131
317.775
315.248
320.585
324.218
308.993
307.533
288.448
287.176
291.233
286.809
282.754
279.857
284.042
290.209
295.647
289.555
301.717
311.846
313.208
308.731
327.625
331.86
332.395
345.516
338.612
349.564
342.029
340.066
336.959
341.996
336.717
342.453
341.546
338.497
340.143
336.917
330.474
319.539
333.027
324.071
334.977
328.912
329.619
333.075
328.959
325.58
329.042
338.454
336.88
333.857
342.389
339.472
342.441
331.786
337.948
348.003
341.003
341.957
351.862
339.097
331.58
330.477
332.534
331.205
337.566
327.738
311.703
311.375
324.388
317.641
310.373
320.645
319.762
304.348
314.783
315.045
317.477
321.455
348.343
328.121
341.049
342.948
347.012
342.975
340.997
344.993
340.909
346.86
341.69
340.925
337.988
346.829
340.158
331.161
336.219
338.224
337.188
337.198
337.109
345.792
347.049
335.075
335.006
337.998
340.046
344.03
345.049
345.074
333
346.072
339.84
329.683
342.006
340.977
340.977
340.977
