341
335.803
341.729
341.754
343.727
341.733
333.632
344.615
345.709
339.688
348.565
341.591
333.624
333.131
317.775
312.248
334.585
305.218
305.993
321.533
286.448
284.176
298.233
284.809
281.754
283.857
304.042
283.209
305.647
285.555
294.717
311.846
317.208
321.731
325.625
339.86
339.395
341.516
339.612
355.564
337.029
335.066
345.959
353.996
341.717
326.453
342.546
344.497
336.143
331.917
328.474
318.539
326.027
325.071
333.977
322.912
325.619
332.075
334.959
322.58
333.042
325.454
336.88
342.857
334.389
331.472
332.441
331.786
343.948
343.003
348.003
352.957
352.862
342.097
337.58
333.477
335.534
323.205
324.566
319.738
325.703
314.375
310.388
329.641
314.373
306.645
329.762
311.348
316.783
318.045
329.477
327.455
352.343
342.121
338.049
341.948
333.012
355.975
351.997
347.993
344.909
337.86
344.69
346.925
344.988
341.829
334.158
334.161
337.219
344.224
343.188
347.198
346.109
346.792
341.049
356.075
342.006
342.998
350.046
338.03
345.049
344.074
342
352.072
338.84
328.683
348.006
334.977
334.977
334.977
