340
357.803
348.729
348.754
346.727
348.733
354.632
349.615
344.709
352.688
338.565
354.591
351.624
344.131
330.775
332.248
312.585
325.218
317.993
313.533
295.448
311.176
289.233
308.809
291.754
288.857
274.042
292.209
287.647
289.555
309.717
321.846
320.208
328.731
335.625
334.86
342.395
338.516
346.612
355.564
343.029
339.066
358.959
358.996
346.717
342.453
355.546
357.497
342.143
342.917
339.474
330.539
339.027
342.071
326.977
337.912
341.619
324.075
337.959
342.58
326.042
349.454
326.88
337.857
347.389
356.472
348.441
353.786
347.948
349.003
336.003
345.957
348.862
356.097
338.58
341.477
340.534
324.205
332.566
321.738
320.703
321.375
328.388
337.641
333.373
318.645
315.762
321.348
342.783
334.045
324.477
347.455
337.343
330.121
355.049
337.948
344.012
361.975
346.997
348.993
360.909
354.86
342.69
362.925
358.988
348.829
353.158
343.161
350.219
341.224
353.188
346.198
351.109
348.792
345.049
351.075
348.006
331.998
345.046
358.03
363.049
349.074
360
331.072
338.84
335.683
349.006
359.977
359.977
359.977
