334
352.803
359.729
345.754
350.727
365.733
345.632
338.615
343.709
342.688
350.565
342.591
345.624
346.131
318.775
323.248
329.585
312.218
322.993
321.533
311.448
284.176
297.233
305.809
287.754
295.857
296.042
295.209
296.647
295.555
304.717
339.846
316.208
339.731
337.625
332.86
338.395
351.516
361.612
341.564
339.029
355.066
361.959
354.996
362.717
340.453
333.546
353.497
337.143
348.917
356.474
326.539
334.027
333.071
343.977
345.912
329.619
343.075
326.959
336.58
335.042
326.454
336.88
334.857
367.389
342.472
337.441
347.786
359.948
362.003
348.003
359.957
353.862
342.097
352.58
348.477
360.534
337.205
353.566
328.738
328.703
318.375
322.388
323.641
312.373
332.645
337.762
325.348
325.783
327.045
329.477
336.455
325.343
337.121
349.049
333.948
354.012
339.975
345.997
336.993
358.909
353.86
348.69
345.925
341.988
363.829
348.158
342.161
359.219
351.224
354.188
360.198
348.109
346.792
349.049
355.075
346.006
355.998
361.046
335.03
344.049
367.074
344
364.072
345.84
339.683
356.006
341.977
341.977
341.977
