333
329.803
329.729
330.754
331.727
329.733
336.632
334.615
335.709
334.688
329.565
329.591
322.624
320.131
313.775
306.248
315.585
307.218
306.993
303.533
282.448
278.176
278.233
280.809
275.754
279.857
278.042
282.209
280.647
282.555
287.717
310.846
306.208
315.731
315.625
332.86
330.395
334.516
329.612
334.564
339.029
333.066
334.959
338.996
331.717
329.453
331.546
329.497
333.143
326.917
328.474
315.539
321.027
325.071
324.977
318.912
321.619
319.075
325.959
321.58
320.042
329.454
332.88
330.857
329.389
335.472
336.441
330.786
333.948
340.003
340.003
339.957
337.862
335.097
330.58
336.477
336.534
326.205
329.566
321.738
314.703
312.375
307.388
309.641
306.373
308.645
315.762
312.348
308.783
318.045
322.477
329.455
336.343
326.121
338.049
332.948
333.012
339.975
339.997
332.993
338.909
333.86
329.69
333.925
339.988
334.829
340.158
339.161
334.219
333.224
334.188
333.198
335.109
330.792
340.049
340.075
338.006
338.998
333.046
333.03
334.049
339.074
340
339.072
337.84
329.683
340.006
338.977
338.977
338.977
