346
338.803
339.729
340.754
361.727
342.733
345.632
333.615
334.709
334.688
346.565
356.591
337.624
322.131
327.775
330.248
321.585
324.218
320.993
305.533
286.448
291.176
286.233
299.809
286.754
285.857
291.042
293.209
295.647
289.555
303.717
308.846
320.208
329.731
332.625
338.86
354.395
356.516
343.612
355.564
338.029
353.066
346.959
354.996
333.717
345.453
340.546
368.497
338.143
345.917
334.474
341.539
341.027
333.071
327.977
335.912
341.619
335.075
342.959
332.58
327.042
349.454
334.88
356.857
343.389
339.472
340.441
339.786
350.948
346.003
349.003
361.957
352.862
355.097
353.58
350.477
338.534
338.205
340.566
331.738
322.703
328.375
324.388
321.641
331.373
322.645
309.762
325.348
325.783
325.045
324.477
331.455
348.343
334.121
358.049
361.948
355.012
332.975
339.997
345.993
340.909
346.86
339.69
333.925
352.988
338.829
350.158
354.161
354.219
347.224
340.188
354.198
342.109
335.792
350.049
336.075
350.006
350.998
341.046
354.03
343.049
356.074
345
348.072
337.84
348.683
356.006
346.977
346.977
346.977
