338
345.803
336.729
325.754
340.727
331.733
337.632
344.615
339.709
353.688
348.565
335.591
335.624
323.131
319.775
320.248
328.585
320.218
316.993
311.533
289.448
286.176
287.233
275.809
287.754
281.857
291.042
282.209
288.647
297.555
298.717
317.846
317.208
313.731
319.625
318.86
336.395
345.516
351.612
351.564
340.029
343.066
350.959
350.996
352.717
336.453
345.546
339.497
344.143
325.917
320.474
332.539
329.027
332.071
319.977
327.912
317.619
338.075
340.959
332.58
322.042
337.454
345.88
329.857
347.389
339.472
328.441
339.786
337.948
344.003
349.003
338.957
350.862
343.097
325.58
331.477
344.534
331.205
338.566
341.738
317.703
329.375
321.388
311.641
321.373
313.645
318.762
325.348
309.783
327.045
332.477
339.455
328.343
324.121
340.049
345.948
342.012
337.975
344.997
338.993
352.909
346.86
329.69
333.925
357.988
348.829
342.158
346.161
349.219
342.224
340.188
342.198
341.109
340.792
352.049
358.075
343.006
345.998
338.046
345.03
342.049
344.074
336
345.072
341.84
341.683
352.006
326.977
326.977
326.977
