351
332.803
343.729
328.754
326.727
331.733
342.632
341.615
343.709
336.688
337.565
332.591
332.624
331.131
320.775
318.248
315.585
313.218
314.993
309.533
283.448
293.176
291.233
281.809
284.754
277.857
282.042
293.209
286.647
296.555
290.717
313.846
310.208
318.731
320.625
333.86
349.395
338.516
327.612
338.564
342.029
339.066
352.959
351.996
343.717
343.453
331.546
338.497
328.143
344.917
324.474
313.539
327.027
329.071
332.977
322.912
326.619
322.075
320.959
313.58
324.042
327.454
327.88
330.857
338.389
334.472
332.441
332.786
333.948
349.003
337.003
332.957
338.862
341.097
342.58
349.477
336.534
330.205
326.566
320.738
321.703
311.375
309.388
321.641
309.373
311.645
327.762
313.348
313.783
323.045
327.477
331.455
336.343
334.121
342.049
343.948
334.012
339.975
342.997
351.993
342.909
345.86
331.69
342.925
339.988
342.829
341.158
339.161
349.219
346.224
335.188
340.198
344.109
346.792
338.049
333.075
344.006
347.998
341.046
334.03
344.049
336.074
336
336.072
334.84
342.683
338.006
345.977
345.977
345.977
