348
328.803
339.729
328.754
328.727
332.733
339.632
338.615
345.709
332.688
333.565
332.591
329.624
328.131
316.775
315.248
312.585
313.218
309.993
310.533
283.448
289.176
291.233
282.809
279.754
277.857
282.042
290.209
288.647
293.555
290.717
314.846
307.208
315.731
321.625
334.86
344.395
339.516
328.612
338.564
339.029
336.066
347.959
346.996
340.717
344.453
331.546
339.497
324.143
340.917
320.474
313.539
329.027
324.071
328.977
323.912
323.619
323.075
317.959
315.58
321.042
324.454
328.88
331.857
334.389
329.472
333.441
334.786
335.948
346.003
333.003
333.957
339.862
342.097
338.58
344.477
331.534
330.205
328.566
321.738
318.703
308.375
305.388
317.641
309.373
311.645
324.762
309.348
314.783
323.045
323.477
331.455
338.343
335.121
337.049
344.948
336.012
340.975
337.997
348.993
337.909
341.86
328.69
337.925
340.988
337.829
336.158
340.161
346.219
348.224
336.188
342.198
340.109
342.792
334.049
329.075
345.006
342.998
342.046
334.03
341.049
336.074
337
332.072
330.84
339.683
338.006
345.977
345.977
345.977
