332
352.803
349.729
338.754
338.727
347.733
339.632
329.615
338.709
343.688
338.565
337.591
328.624
334.131
314.775
311.248
324.585
313.218
313.993
311.533
297.448
288.176
287.233
288.809
272.754
290.857
293.042
291.209
283.647
287.555
296.717
329.846
306.208
327.731
326.625
329.86
335.395
344.516
350.612
334.564
344.029
343.066
351.959
346.996
350.717
338.453
335.546
341.497
339.143
342.917
347.474
321.539
324.027
326.071
332.977
338.912
325.619
335.075
322.959
323.58
331.042
322.454
330.88
326.857
349.389
333.472
332.441
334.786
357.948
357.003
337.003
348.957
346.862
341.097
348.58
341.477
354.534
321.205
337.566
326.738
322.703
309.375
315.388
317.641
314.373
326.645
327.762
318.348
321.783
319.045
330.477
335.455
327.343
332.121
344.049
326.948
347.012
337.975
337.997
337.993
351.909
349.86
348.69
340.925
338.988
351.829
341.158
342.161
347.219
352.224
348.188
357.198
342.109
340.792
345.049
347.075
333.006
347.998
353.046
327.03
339.049
353.074
343
362.072
339.84
337.683
353.006
338.977
338.977
338.977
