342
332.803
337.729
343.754
340.727
332.733
330.632
336.615
341.709
336.688
338.565
343.591
335.624
329.131
314.775
313.248
327.585
306.218
306.993
313.533
281.448
280.176
295.233
281.809
281.754
280.857
297.042
281.209
296.647
283.555
286.717
303.846
311.208
313.731
322.625
332.86
332.395
344.516
338.612
346.564
340.029
333.066
347.959
344.996
339.717
328.453
339.546
341.497
337.143
328.917
328.474
318.539
323.027
321.071
330.977
318.912
323.619
327.075
336.959
319.58
327.042
324.454
334.88
338.857
337.389
332.472
328.441
333.786
341.948
338.003
347.003
349.957
349.862
337.097
340.58
328.477
337.534
325.205
321.566
319.738
317.703
312.375
307.388
326.641
316.373
305.645
321.762
309.348
315.783
314.045
329.477
324.455
345.343
333.121
335.049
337.948
336.012
346.975
352.997
344.993
336.909
339.86
343.69
343.925
342.988
333.829
337.158
333.161
339.219
339.224
341.188
343.198
344.109
337.792
340.049
347.075
341.006
339.998
348.046
335.03
347.049
343.074
338
346.072
336.84
330.683
343.006
336.977
336.977
336.977
