328
354.803
337.729
344.754
345.727
336.733
337.632
342.615
346.709
350.688
346.565
342.591
333.624
321.131
309.775
316.248
317.585
315.218
315.993
318.533
279.448
282.176
288.233
286.809
288.754
283.857
287.042
287.209
291.647
283.555
300.717
304.846
312.208
311.731
333.625
339.86
333.395
341.516
333.612
341.564
332.029
333.066
352.959
348.996
347.717
351.453
337.546
334.497
330.143
335.917
333.474
332.539
337.027
333.071
335.977
335.912
322.619
333.075
324.959
316.58
322.042
332.454
340.88
327.857
335.389
339.472
348.441
334.786
343.948
345.003
343.003
336.957
354.862
351.097
335.58
336.477
346.534
332.205
334.566
322.738
325.703
298.375
319.388
329.641
313.373
322.645
319.762
328.348
324.783
324.045
322.477
337.455
351.343
340.121
339.049
347.948
341.012
341.975
339.997
349.993
339.909
343.86
335.69
334.925
357.988
353.829
349.158
358.161
332.219
341.224
338.188
349.198
337.109
332.792
352.049
343.075
338.006
345.998
349.046
356.03
342.049
348.074
346
359.072
348.84
356.683
352.006
346.977
346.977
346.977
