350
343.803
346.729
342.754
353.727
349.733
338.632
352.615
353.709
349.688
339.565
353.591
335.624
333.131
327.775
311.248
316.585
316.218
313.993
323.533
299.448
296.176
291.233
286.809
274.754
292.857
285.042
306.209
280.647
294.555
287.717
328.846
324.208
318.731
334.625
333.86
351.395
350.516
335.612
349.564
346.029
362.066
354.959
338.996
350.717
351.453
351.546
328.497
327.143
330.917
338.474
337.539
340.027
334.071
335.977
327.912
339.619
332.075
339.959
332.58
343.042
339.454
344.88
329.857
346.389
355.472
340.441
349.786
347.948
349.003
355.003
348.957
347.862
345.097
348.58
326.477
351.534
333.205
348.566
327.738
316.703
316.375
302.388
327.641
317.373
341.645
323.762
327.348
322.783
329.045
319.477
336.455
345.343
338.121
340.049
343.948
345.012
334.975
357.997
351.993
348.909
347.86
345.69
349.925
351.988
348.829
341.158
355.161
353.219
332.224
355.188
356.198
342.109
342.792
344.049
361.075
341.006
355.998
364.046
349.03
350.049
337.074
346
333.072
361.84
341.683
353.006
352.977
352.977
352.977
