344
329.803
340.729
328.754
328.727
332.733
340.632
339.615
341.709
333.688
335.565
334.591
326.624
325.131
317.775
312.248
314.585
309.218
309.993
311.533
280.448
289.176
286.233
284.809
276.754
278.857
282.042
287.209
284.647
290.555
286.717
310.846
304.208
315.731
322.625
331.86
339.395
335.516
329.612
338.564
340.029
333.066
342.959
343.996
335.717
339.453
327.546
340.497
326.143
335.917
321.474
315.539
324.027
320.071
323.977
324.912
319.619
324.075
317.959
315.58
318.042
326.454
330.88
326.857
329.389
330.472
334.441
335.786
337.948
343.003
334.003
333.957
340.862
342.097
334.58
339.477
331.534
325.205
328.566
321.738
318.703
310.375
307.388
314.641
311.373
308.645
319.762
310.348
311.783
324.045
320.477
326.455
335.343
336.121
338.049
339.948
332.012
341.975
333.997
343.993
338.909
342.86
328.69
339.925
341.988
333.829
337.158
337.161
343.219
344.224
336.188
338.198
337.109
339.792
334.049
331.075
342.006
338.998
338.046
336.03
338.049
338.074
338
334.072
331.84
339.683
340.006
342.977
342.977
342.977
