358
343.803
341.729
341.754
346.727
344.733
344.632
324.615
341.709
338.688
327.565
354.591
340.624
320.131
308.775
326.248
328.585
314.218
328.993
304.533
288.448
282.176
278.233
294.809
295.754
285.857
281.042
288.209
293.647
290.555
307.717
320.846
329.208
325.731
327.625
339.86
350.395
334.516
339.612
335.564
337.029
349.066
353.959
338.996
350.717
339.453
350.546
334.497
340.143
336.917
328.474
329.539
329.027
324.071
323.977
327.912
332.619
322.075
334.959
326.58
319.042
331.454
335.88
339.857
344.389
346.472
337.441
338.786
343.948
346.003
359.003
341.957
351.862
347.097
347.58
358.477
346.534
323.205
325.566
336.738
325.703
314.375
312.388
317.641
317.373
316.645
325.762
326.348
330.783
335.045
325.477
328.455
353.343
350.121
346.049
340.948
352.012
337.975
349.997
349.993
350.909
342.86
349.69
342.925
342.988
349.829
344.158
341.161
347.219
349.224
338.188
347.198
336.109
349.792
342.049
350.075
352.006
341.998
337.046
345.03
346.049
336.074
345
342.072
352.84
341.683
343.006
340.977
340.977
340.977
