340
335.803
331.729
334.754
331.727
335.733
334.632
330.615
334.709
336.688
329.565
335.591
322.624
325.131
308.775
311.248
314.585
311.218
306.993
303.533
284.448
284.176
283.233
274.809
275.754
278.857
279.042
279.209
286.647
286.555
293.717
304.846
312.208
308.731
315.625
325.86
336.395
335.516
329.612
336.564
333.029
340.066
339.959
333.996
330.717
334.453
336.546
336.497
328.143
331.917
329.474
315.539
320.027
320.071
318.977
318.912
317.619
321.075
319.959
320.58
325.042
324.454
326.88
330.857
334.389
331.472
335.441
329.786
334.948
334.003
334.003
337.957
337.862
334.097
329.58
330.477
334.534
325.205
328.566
322.738
310.703
312.375
312.388
315.641
310.373
310.645
313.762
305.348
308.783
312.045
322.477
328.455
329.343
332.121
339.049
333.948
335.012
339.975
334.997
338.993
337.909
339.86
329.69
334.925
332.988
329.829
333.158
335.161
334.219
340.224
334.188
335.198
340.109
334.792
340.049
340.075
335.006
332.998
334.046
333.03
333.049
339.074
334
333.072
333.84
329.683
335.006
339.977
339.977
339.977
