341
336.803
334.729
344.754
335.727
332.733
338.632
327.615
332.709
332.688
337.565
333.591
336.624
328.131
315.775
312.248
315.585
319.218
312.993
311.533
279.448
277.176
287.233
277.809
278.754
285.857
292.042
286.209
277.647
287.555
292.717
308.846
306.208
312.731
321.625
334.86
343.395
326.516
328.612
338.564
334.029
340.066
340.959
341.996
332.717
339.453
334.546
336.497
336.143
329.917
325.474
324.539
322.027
329.071
326.977
321.912
320.619
335.075
323.959
318.58
327.042
334.454
333.88
324.857
343.389
339.472
336.441
335.786
333.948
342.003
333.003
337.957
343.862
347.097
334.58
337.477
339.534
326.205
336.566
326.738
320.703
303.375
317.388
306.641
310.373
310.645
318.762
310.348
316.783
321.045
321.477
328.455
336.343
339.121
341.049
342.948
338.012
336.975
344.997
348.993
332.909
343.86
334.69
334.925
335.988
337.829
334.158
341.161
341.219
343.224
348.188
342.198
344.109
337.792
334.049
335.075
348.006
341.998
342.046
337.03
341.049
337.074
337
349.072
347.84
334.683
340.006
335.977
335.977
335.977
