337
339.803
343.729
347.754
343.727
336.733
340.632
335.615
336.709
329.688
340.565
337.591
344.624
331.131
312.775
313.248
322.585
323.218
309.993
317.533
281.448
280.176
289.233
274.809
283.754
287.857
295.042
289.209
279.647
288.555
288.717
318.846
313.208
321.731
323.625
341.86
340.395
328.516
331.612
334.564
336.029
339.066
347.959
345.996
330.717
343.453
338.546
342.497
336.143
331.917
334.474
323.539
326.027
332.071
326.977
325.912
323.619
339.075
330.959
320.58
329.042
342.454
340.88
329.857
345.389
335.472
334.441
337.786
336.948
349.003
337.003
336.957
347.862
345.097
338.58
338.477
345.534
324.205
337.566
333.738
325.703
306.375
316.388
315.641
311.373
312.645
318.762
306.348
324.783
327.045
323.477
331.455
334.343
341.121
344.049
345.948
335.012
340.975
348.997
355.993
340.909
341.86
335.69
342.925
333.988
346.829
335.158
338.161
344.219
347.224
357.188
344.198
346.109
342.792
339.049
338.075
353.006
342.998
341.046
334.03
350.049
343.074
335
348.072
351.84
334.683
342.006
336.977
336.977
336.977
