361
339.803
356.729
337.754
331.727
329.733
355.632
356.615
361.709
349.688
338.565
332.591
340.624
330.131
326.775
327.248
333.585
318.218
328.993
310.533
294.448
295.176
302.233
285.809
291.754
283.857
287.042
299.209
289.647
304.555
297.717
311.846
335.208
334.731
328.625
345.86
361.395
335.516
331.612
349.564
360.029
345.066
359.959
361.996
363.717
352.453
343.546
351.497
325.143
353.917
335.474
328.539
342.027
332.071
337.977
343.912
338.619
334.075
333.959
317.58
338.042
338.454
327.88
343.857
330.389
343.472
345.441
348.786
338.948
357.003
344.003
342.957
352.862
357.097
340.58
351.477
349.534
332.205
335.566
327.738
327.703
324.375
327.388
335.641
327.373
323.645
341.762
326.348
323.783
341.045
332.477
341.455
355.343
336.121
356.049
350.948
339.012
357.975
345.997
355.993
351.909
344.86
337.69
354.925
350.988
345.829
356.158
338.161
358.219
341.224
348.188
347.198
352.109
349.792
347.049
338.075
358.006
363.998
346.046
329.03
352.049
339.074
339
358.072
346.84
341.683
348.006
349.977
349.977
349.977
