348
333.803
337.729
335.754
339.727
335.733
336.632
340.615
347.709
341.688
340.565
341.591
339.624
333.131
311.775
322.248
323.585
321.218
320.993
307.533
284.448
278.176
294.233
282.809
291.754
291.857
277.042
277.209
293.647
297.555
290.717
309.846
313.208
326.731
322.625
330.86
341.395
333.516
345.612
342.564
336.029
351.066
350.959
340.996
338.717
328.453
337.546
338.497
339.143
325.917
333.474
323.539
319.027
314.071
333.977
328.912
319.619
314.075
337.959
328.58
322.042
331.454
327.88
342.857
329.389
347.472
333.441
354.786
345.948
346.003
336.003
344.957
334.862
345.097
334.58
354.477
338.534
317.205
326.566
316.738
312.703
304.375
313.388
305.641
313.373
309.645
315.762
316.348
316.783
325.045
330.477
328.455
334.343
332.121
336.049
337.948
347.012
342.975
343.997
348.993
335.909
338.86
342.69
335.925
341.988
341.829
358.158
344.161
342.219
339.224
344.188
340.198
351.109
340.792
344.049
341.075
351.006
331.998
352.046
349.03
339.049
341.074
342
346.072
340.84
336.683
346.006
332.977
332.977
332.977
