332
333.803
332.729
333.754
335.727
342.733
327.632
333.615
330.709
333.688
340.565
344.591
329.624
323.131
313.775
315.248
313.585
314.218
308.993
303.533
284.448
281.176
281.233
283.809
276.754
275.857
291.042
283.209
284.647
290.555
295.717
302.846
316.208
318.731
319.625
333.86
336.395
337.516
332.612
338.564
337.029
345.066
342.959
339.996
329.717
340.453
331.546
343.497
331.143
335.917
330.474
328.539
329.027
318.071
322.977
325.912
324.619
325.075
319.959
314.58
321.042
327.454
332.88
341.857
339.389
339.472
337.441
331.786
335.948
341.003
340.003
347.957
342.862
344.097
333.58
336.477
334.534
326.205
332.566
321.738
307.703
315.375
306.388
316.641
322.373
317.645
313.762
313.348
316.783
316.045
316.477
319.455
334.343
329.121
341.049
341.948
343.012
334.975
335.997
335.993
335.909
337.86
337.69
336.925
336.988
331.829
335.158
341.161
339.219
334.224
337.188
340.198
331.109
333.792
339.049
335.075
338.006
339.998
340.046
337.03
339.049
345.074
337
340.072
335.84
339.683
342.006
341.977
341.977
341.977
