354
340.803
342.729
355.754
353.727
351.733
343.632
343.615
355.709
352.688
347.565
355.591
338.624
342.131
320.775
322.248
318.585
327.218
314.993
315.533
297.448
298.176
285.233
280.809
296.754
298.857
297.042
292.209
302.647
305.555
294.717
311.846
315.208
328.731
337.625
338.86
353.395
342.516
347.612
353.564
352.029
346.066
348.959
350.996
338.717
347.453
356.546
359.497
333.143
338.917
353.474
329.539
345.027
331.071
322.977
331.912
326.619
323.075
329.959
343.58
337.042
327.454
338.88
363.857
351.389
340.472
335.441
341.786
339.948
340.003
345.003
349.957
354.862
325.097
335.58
341.477
360.534
327.205
337.566
333.738
317.703
328.375
318.388
318.641
313.373
314.645
321.762
320.348
324.783
333.045
339.477
347.455
332.343
341.121
343.049
346.948
348.012
368.975
341.997
351.993
337.909
353.86
336.69
349.925
355.988
346.829
350.158
362.161
344.219
354.224
334.188
345.198
362.109
339.792
359.049
370.075
337.006
343.998
350.046
354.03
336.049
368.074
354
334.072
356.84
335.683
346.006
346.977
346.977
346.977
