340
348.803
345.729
350.754
346.727
337.733
339.632
338.615
343.709
327.688
343.565
340.591
348.624
329.131
321.775
316.248
331.585
326.218
315.993
326.533
280.448
283.176
292.233
276.809
291.754
295.857
299.042
292.209
281.647
293.555
292.717
316.846
317.208
320.731
324.625
340.86
345.395
331.516
335.612
337.564
337.029
343.066
350.959
348.996
329.717
352.453
344.546
345.497
333.143
334.917
343.474
325.539
329.027
336.071
330.977
330.912
324.619
342.075
330.959
319.58
336.042
347.454
343.88
338.857
348.389
334.472
338.441
339.786
345.948
347.003
334.003
334.957
349.862
346.097
341.58
347.477
345.534
320.205
339.566
330.738
334.703
309.375
314.388
311.641
309.373
315.645
326.762
310.348
327.783
335.045
332.477
334.455
334.343
344.121
346.049
346.948
334.012
342.975
357.997
353.993
344.909
341.86
339.69
339.925
336.988
355.829
337.158
337.161
351.219
350.224
363.188
349.198
354.109
340.792
349.049
341.075
363.006
340.998
350.046
342.03
359.049
347.074
338
346.072
353.84
339.683
343.006
341.977
341.977
341.977
