366
338.803
337.729
341.754
338.727
355.733
344.632
333.615
349.709
336.688
353.565
328.591
333.624
327.131
328.775
326.248
320.585
311.218
305.993
324.533
292.448
279.176
292.233
285.809
295.754
273.857
287.042
282.209
293.647
293.555
303.717
317.846
320.208
313.731
322.625
332.86
343.395
334.516
346.612
342.564
351.029
347.066
341.959
330.996
344.717
341.453
344.546
326.497
340.143
329.917
338.474
321.539
333.027
338.071
336.977
340.912
310.619
329.075
328.959
321.58
346.042
336.454
342.88
337.857
343.389
349.472
338.441
344.786
339.948
339.003
356.003
329.957
337.862
343.097
342.58
345.477
343.534
333.205
328.566
335.738
318.703
313.375
322.388
317.641
326.373
310.645
328.762
325.348
329.783
320.045
327.477
331.455
342.343
335.121
335.049
354.948
348.012
342.975
347.997
338.993
334.909
351.86
342.69
355.925
350.988
362.829
349.158
354.161
343.219
347.224
354.188
349.198
352.109
344.792
363.049
336.075
352.006
349.998
334.046
354.03
350.049
346.074
352
338.072
341.84
336.683
337.006
355.977
355.977
355.977
