349
340.803
337.729
341.754
342.727
342.733
339.632
337.615
347.709
344.688
337.565
342.591
327.624
316.131
328.775
310.248
316.585
301.218
308.993
312.533
288.448
286.176
292.233
280.809
278.754
283.857
288.042
295.209
286.647
289.555
290.717
324.846
315.208
314.731
330.625
325.86
339.395
341.516
335.612
336.564
339.029
354.066
351.959
339.996
339.717
338.453
341.546
331.497
333.143
334.917
328.474
331.539
334.027
322.071
332.977
316.912
333.619
329.075
332.959
323.58
343.042
328.454
339.88
333.857
340.389
349.472
332.441
339.786
343.948
341.003
344.003
341.957
340.862
337.097
342.58
333.477
341.534
330.205
338.566
324.738
309.703
318.375
309.388
326.641
309.373
326.645
327.762
326.348
312.783
324.045
320.477
329.455
333.343
333.121
340.049
343.948
343.012
330.975
345.997
340.993
345.909
344.86
344.69
343.925
339.988
338.829
336.158
346.161
341.219
338.224
347.188
347.198
330.109
339.792
338.049
347.075
341.006
343.998
355.046
344.03
338.049
341.074
344
336.072
351.84
342.683
342.006
340.977
340.977
340.977
