332
335.803
338.729
334.754
336.727
334.733
329.632
333.615
334.709
332.688
327.565
338.591
331.624
326.131
313.775
311.248
319.585
316.218
303.993
309.533
282.448
284.176
282.233
283.809
277.754
278.857
283.042
285.209
287.647
285.555
298.717
309.846
305.208
306.731
321.625
329.86
329.395
340.516
331.612
340.564
338.029
342.066
338.959
337.996
333.717
340.453
332.546
330.497
330.143
332.917
327.474
320.539
324.027
323.071
327.977
321.912
326.619
330.075
325.959
316.58
329.042
334.454
332.88
330.857
336.389
341.472
339.441
335.786
335.948
339.003
338.003
336.957
342.862
335.097
328.58
334.477
329.534
324.205
333.566
324.738
308.703
308.375
316.388
315.641
305.373
318.645
313.762
308.348
318.783
319.045
318.477
323.455
339.343
331.121
333.049
338.948
343.012
339.975
331.997
341.993
338.909
343.86
334.69
333.925
337.988
337.829
333.158
332.161
334.219
337.224
334.188
340.198
334.109
341.792
343.049
338.075
338.006
333.998
338.046
336.03
337.049
342.074
337
343.072
336.84
333.683
337.006
342.977
342.977
342.977
