349
339.803
337.729
339.754
345.727
345.733
337.632
342.615
347.709
342.688
337.565
346.591
327.624
320.131
328.775
310.248
315.585
305.218
311.993
315.533
291.448
291.176
290.233
279.809
277.754
281.857
286.042
298.209
284.647
293.555
290.717
329.846
318.208
312.731
333.625
330.86
344.395
339.516
333.612
341.564
339.029
358.066
354.959
338.996
344.717
342.453
346.546
329.497
332.143
332.917
333.474
330.539
333.027
321.071
331.977
315.912
332.619
334.075
336.959
326.58
346.042
333.454
338.88
332.857
345.389
352.472
331.441
339.786
341.948
344.003
348.003
341.957
344.862
341.097
346.58
331.477
346.534
328.205
342.566
329.738
309.703
317.375
307.388
326.641
314.373
326.645
327.762
330.348
317.783
322.045
323.477
334.455
338.343
333.121
338.049
346.948
342.012
329.975
349.997
344.993
343.909
348.86
347.69
347.925
343.988
336.829
340.158
346.161
345.219
336.224
351.188
346.198
335.109
343.792
337.049
352.075
339.006
348.998
360.046
347.03
337.049
339.074
347
336.072
350.84
340.683
341.006
344.977
344.977
344.977
