345
352.803
346.729
340.754
344.727
337.733
348.632
337.615
337.709
341.688
334.565
343.591
339.624
337.131
321.775
326.248
316.585
318.218
313.993
316.533
292.448
305.176
286.233
291.809
283.754
280.857
276.042
283.209
287.647
288.555
295.717
314.846
310.208
327.731
333.625
323.86
337.395
339.516
341.612
346.564
349.029
336.066
351.959
351.996
337.717
339.453
339.546
345.497
335.143
337.917
330.474
319.539
330.027
328.071
323.977
328.912
338.619
325.075
332.959
331.58
325.042
340.454
331.88
341.857
343.389
347.472
343.441
348.786
344.948
341.003
335.003
344.957
337.862
350.097
341.58
332.477
341.534
326.205
326.566
316.738
322.703
314.375
318.388
320.641
326.373
312.645
314.762
315.348
326.783
326.045
316.477
335.455
336.343
329.121
338.049
336.948
339.012
344.975
342.997
342.993
349.909
339.86
348.69
361.925
345.988
346.829
348.158
342.161
345.219
338.224
354.188
340.198
356.109
342.792
339.049
344.075
346.006
335.998
350.046
347.03
354.049
347.074
350
334.072
341.84
330.683
339.006
352.977
352.977
352.977
