353
355.803
327.729
348.754
349.727
326.733
333.632
355.615
342.709
350.688
338.565
343.591
333.624
331.131
317.775
323.248
329.585
320.218
309.993
323.533
287.448
283.176
281.233
297.809
293.754
289.857
300.042
307.209
284.647
282.555
298.717
311.846
321.208
330.731
319.625
334.86
343.395
344.516
336.612
349.564
348.029
343.066
339.959
349.996
346.717
344.453
338.546
333.497
340.143
329.917
331.474
312.539
342.027
322.071
331.977
325.912
328.619
325.075
332.959
331.58
328.042
347.454
344.88
328.857
346.389
345.472
347.441
341.786
346.948
342.003
348.003
354.957
345.862
331.097
336.58
354.477
350.534
333.205
337.566
332.738
323.703
311.375
322.388
317.641
318.373
314.645
320.762
331.348
323.783
325.045
327.477
332.455
349.343
333.121
346.049
346.948
344.012
339.975
346.997
337.993
354.909
342.86
335.69
344.925
355.988
344.829
349.158
342.161
346.219
348.224
331.188
341.198
341.109
334.792
347.049
339.075
349.006
353.998
334.046
340.03
342.049
342.074
349
353.072
342.84
340.683
353.006
351.977
351.977
351.977
