345
333.803
344.729
344.754
343.727
345.733
338.632
349.615
350.709
338.688
346.565
345.591
333.624
332.131
316.775
316.248
332.585
309.218
309.993
325.533
291.448
282.176
302.233
287.809
281.754
288.857
302.042
287.209
308.647
289.555
297.717
311.846
315.208
326.731
328.625
344.86
339.395
340.516
339.612
360.564
335.029
335.066
348.959
353.996
345.717
330.453
340.546
342.497
339.143
334.917
333.474
323.539
330.027
323.071
338.977
322.912
328.619
331.075
337.959
325.58
337.042
323.454
341.88
341.857
332.389
336.472
336.441
336.786
347.948
341.003
348.003
352.957
352.862
347.097
342.58
332.477
340.534
327.205
327.566
323.738
330.703
313.375
313.388
328.641
319.373
309.645
327.762
311.348
319.783
316.045
329.477
330.455
357.343
342.121
336.049
346.948
332.012
359.975
349.997
350.993
344.909
335.86
344.69
349.925
349.988
346.829
339.158
337.161
342.219
344.224
346.188
352.198
344.109
345.792
340.049
359.075
340.006
341.998
354.046
341.03
349.049
343.074
341
350.072
338.84
331.683
351.006
338.977
338.977
338.977
