344
334.803
334.729
337.754
353.727
341.733
338.632
329.615
332.709
336.688
347.565
356.591
338.624
325.131
322.775
332.248
317.585
320.218
317.993
308.533
288.448
288.176
284.233
296.809
283.754
282.857
291.042
287.209
295.647
285.555
305.717
307.846
318.208
328.731
330.625
334.86
345.395
354.516
338.612
353.564
340.029
351.066
348.959
350.996
335.717
341.453
343.546
359.497
333.143
342.917
332.474
333.539
341.027
323.071
320.977
336.912
333.619
332.075
332.959
324.58
320.042
340.454
331.88
352.857
341.389
341.472
343.441
336.786
343.948
348.003
345.003
359.957
348.862
357.097
344.58
348.477
341.534
329.205
333.566
330.738
320.703
327.375
321.388
318.641
327.373
324.645
311.762
324.348
318.783
321.045
326.477
327.455
347.343
330.121
349.049
351.948
349.012
333.975
341.997
342.993
338.909
341.86
337.69
336.925
343.988
332.829
343.158
352.161
351.219
350.224
342.188
352.198
339.109
337.792
345.049
336.075
347.006
342.998
339.046
344.03
342.049
350.074
342
345.072
334.84
351.683
355.006
342.977
342.977
342.977
