342
358.803
349.729
350.754
346.727
344.733
355.632
345.615
344.709
348.688
335.565
349.591
353.624
339.131
327.775
332.248
314.585
320.218
319.993
314.533
297.448
311.176
291.233
304.809
293.754
283.857
275.042
289.209
287.647
289.555
305.717
322.846
315.208
328.731
335.625
331.86
344.395
335.516
343.612
352.564
345.029
341.066
359.959
359.996
343.717
344.453
352.546
352.497
343.143
339.917
336.474
325.539
339.027
343.071
328.977
332.912
338.619
324.075
338.959
337.58
327.042
344.454
328.88
338.857
344.389
352.472
344.441
354.786
344.948
344.003
338.003
345.957
344.862
358.097
339.58
338.477
341.534
326.205
333.566
322.738
320.703
322.375
324.388
332.641
333.373
314.645
311.762
317.348
338.783
330.045
326.477
342.455
338.343
326.121
351.049
337.948
341.012
357.975
348.997
344.993
355.909
354.86
344.69
363.925
355.988
343.829
349.158
343.161
345.219
338.224
354.188
341.198
352.109
350.792
340.049
352.075
348.006
333.998
346.046
355.03
363.049
349.074
357
332.072
338.84
337.683
344.006
360.977
360.977
360.977
