353
333.803
341.729
334.754
340.727
338.733
344.632
349.615
344.709
346.688
344.565
337.591
343.624
332.131
317.775
320.248
323.585
327.218
329.993
311.533
292.448
279.176
300.233
286.809
290.754
295.857
278.042
274.209
296.647
306.555
300.717
306.846
312.208
334.731
324.625
332.86
337.395
342.516
354.612
345.564
337.029
350.066
359.959
346.996
341.717
333.453
341.546
341.497
342.143
335.917
338.474
326.539
316.027
315.071
335.977
327.912
324.619
316.075
345.959
332.58
329.042
338.454
324.88
344.857
336.389
345.472
330.441
357.786
353.948
354.003
340.003
352.957
342.862
347.097
337.58
354.477
341.534
322.205
330.566
323.738
317.703
304.375
314.388
311.641
314.373
311.645
314.762
324.348
324.783
325.045
326.477
337.455
338.343
338.121
334.049
339.948
351.012
344.975
346.997
355.993
331.909
341.86
344.69
342.925
345.988
345.829
363.158
346.161
341.219
346.224
349.188
349.198
347.109
345.792
346.049
343.075
352.006
335.998
359.046
356.03
336.049
345.074
343
345.072
343.84
337.683
348.006
341.977
341.977
341.977
