342
343.803
342.729
337.754
346.727
329.733
344.632
339.615
336.709
337.688
336.565
335.591
332.624
333.131
318.775
321.248
319.585
314.218
311.993
313.533
289.448
299.176
282.233
286.809
278.754
276.857
280.042
280.209
284.647
291.555
291.717
313.846
302.208
321.731
323.625
324.86
336.395
337.516
343.612
339.564
341.029
334.066
341.959
342.996
330.717
337.453
331.546
340.497
334.143
335.917
326.474
323.539
328.027
332.071
319.977
327.912
336.619
327.075
329.959
322.58
321.042
332.454
331.88
343.857
335.389
348.472
336.441
338.786
336.948
334.003
334.003
345.957
336.862
347.097
340.58
329.477
335.534
328.205
322.566
317.738
319.703
307.375
310.388
319.641
318.373
313.645
316.762
317.348
322.783
323.045
316.477
332.455
331.343
325.121
336.049
328.948
336.012
341.975
334.997
340.993
340.909
337.86
344.69
353.925
337.988
348.829
345.158
339.161
341.219
340.224
344.188
338.198
348.109
339.792
337.049
345.075
343.006
331.998
349.046
343.03
345.049
347.074
345
332.072
340.84
332.683
336.006
343.977
343.977
343.977
