356
343.803
341.729
346.754
345.727
347.733
348.632
329.615
346.709
338.688
327.565
353.591
338.624
320.131
312.775
325.248
331.585
312.218
331.993
308.533
287.448
282.176
282.233
294.809
298.754
289.857
284.042
288.209
292.647
293.555
310.717
319.846
328.208
330.731
325.625
337.86
349.395
339.516
339.612
334.564
337.029
348.066
356.959
342.996
348.717
344.453
354.546
339.497
339.143
334.917
332.474
333.539
329.027
322.071
322.977
331.912
331.619
325.075
339.959
326.58
322.042
331.454
339.88
343.857
342.389
350.472
336.441
342.786
341.948
350.003
362.003
344.957
351.862
352.097
350.58
358.477
345.534
326.205
328.566
340.738
329.703
312.375
310.388
322.641
322.373
321.645
330.762
326.348
333.783
335.045
324.477
328.455
356.343
353.121
349.049
340.948
357.012
336.975
353.997
348.993
350.909
340.86
354.69
345.925
345.988
353.829
347.158
341.161
346.219
353.224
336.188
350.198
336.109
347.792
347.049
354.075
352.006
346.998
341.046
345.03
345.049
336.074
343
340.072
355.84
344.683
347.006
340.977
340.977
340.977
