339
337.803
337.729
330.754
344.727
345.733
330.632
330.615
329.709
329.688
342.565
351.591
331.624
328.131
320.775
323.248
318.585
317.218
309.993
304.533
286.448
291.176
282.233
291.809
280.754
276.857
292.042
290.209
293.647
288.555
297.717
311.846
320.208
325.731
326.625
336.86
340.395
345.516
338.612
343.564
336.029
348.066
345.959
346.996
332.717
342.453
334.546
352.497
335.143
339.917
333.474
336.539
337.027
320.071
324.977
328.912
332.619
327.075
328.959
321.58
324.042
335.454
330.88
350.857
342.389
345.472
344.441
332.786
340.948
344.003
348.003
355.957
340.862
349.097
341.58
340.477
339.534
330.205
329.566
325.738
311.703
318.375
313.388
321.641
324.373
321.645
313.762
316.348
320.783
320.045
324.477
324.455
338.343
328.121
346.049
347.948
346.012
331.975
336.997
343.993
333.909
344.86
341.69
338.925
339.988
329.829
340.158
344.161
342.219
344.224
340.188
344.198
338.109
334.792
346.049
335.075
340.006
339.998
341.046
342.03
344.049
348.074
344
341.072
337.84
342.683
345.006
340.977
340.977
340.977
