333
340.803
334.729
336.754
333.727
336.733
341.632
338.615
334.709
339.688
334.565
336.591
334.624
320.131
308.775
314.248
314.585
310.218
308.993
309.533
276.448
282.176
283.233
277.809
278.754
277.857
276.042
286.209
283.647
281.555
298.717
308.846
307.208
312.731
321.625
336.86
328.395
337.516
329.612
335.564
333.029
332.066
343.959
336.996
332.717
338.453
330.546
333.497
324.143
326.917
332.474
326.539
319.027
324.071
323.977
329.912
320.619
325.075
318.959
319.58
323.042
326.454
329.88
330.857
334.389
337.472
332.441
329.786
335.948
337.003
339.003
337.957
339.862
339.097
333.58
329.477
341.534
329.205
329.566
320.738
317.703
305.375
312.388
319.641
308.373
318.645
319.762
315.348
317.783
318.045
321.477
325.455
339.343
332.121
337.049
337.948
343.012
336.975
333.997
337.993
339.909
339.86
335.69
331.925
341.988
338.829
341.158
344.161
333.219
339.224
333.188
340.198
333.109
335.792
340.049
339.075
338.006
342.998
342.046
338.03
344.049
339.074
337
343.072
341.84
340.683
343.006
343.977
343.977
343.977
