352
329.803
341.729
342.754
332.727
345.733
337.632
329.615
348.709
335.688
341.565
327.591
330.624
324.131
320.775
321.248
309.585
314.218
303.993
310.533
292.448
277.176
289.233
280.809
287.754
271.857
280.042
278.209
286.647
287.555
295.717
315.846
316.208
312.731
316.625
334.86
341.395
338.516
344.612
335.564
349.029
346.066
344.959
334.996
339.717
334.453
332.546
331.497
338.143
331.917
331.474
322.539
329.027
326.071
328.977
332.912
310.619
323.075
323.959
322.58
337.042
327.454
342.88
334.857
335.389
342.472
335.441
343.786
337.948
333.003
343.003
327.957
336.862
344.097
337.58
334.477
337.534
337.205
327.566
329.738
316.703
311.375
313.388
312.641
321.373
313.645
322.762
319.348
324.783
319.045
326.477
335.455
336.343
334.121
333.049
346.948
340.012
341.975
337.997
335.993
338.909
344.86
336.69
341.925
346.988
349.829
348.158
346.161
335.219
339.224
352.188
341.198
350.109
337.792
350.049
339.075
349.006
349.998
336.046
346.03
348.049
340.074
345
334.072
338.84
329.683
341.006
349.977
349.977
349.977
