336
337.803
343.729
338.754
333.727
333.733
333.632
339.615
342.709
333.688
329.565
337.591
326.624
326.131
314.775
305.248
319.585
304.218
318.993
309.533
279.448
286.176
289.233
277.809
275.754
283.857
280.042
286.209
282.647
280.555
291.717
312.846
312.208
311.731
329.625
330.86
337.395
338.516
337.612
342.564
334.029
338.066
335.959
346.996
326.717
327.453
338.546
336.497
330.143
336.917
323.474
328.539
329.027
323.071
316.977
327.912
326.619
332.075
324.959
317.58
321.042
337.454
329.88
331.857
328.389
338.472
337.441
333.786
342.948
344.003
335.003
337.957
345.862
340.097
338.58
340.477
339.534
329.205
330.566
321.738
316.703
310.375
309.388
311.641
316.373
319.645
315.762
312.348
315.783
310.045
325.477
331.455
332.343
327.121
343.049
335.948
339.012
339.975
336.997
342.993
340.909
330.86
329.69
337.925
340.988
337.829
333.158
344.161
345.219
339.224
345.188
345.198
341.109
334.792
330.049
331.075
340.006
342.998
342.046
339.03
338.049
344.074
330
341.072
340.84
340.683
343.006
330.977
330.977
330.977
