330
333.803
337.729
332.754
336.727
338.733
333.632
332.615
339.709
336.688
327.565
338.591
331.624
325.131
313.775
310.248
322.585
319.218
303.993
307.533
285.448
284.176
286.233
286.809
277.754
281.857
286.042
285.209
290.647
285.555
303.717
307.846
309.208
310.731
324.625
333.86
333.395
340.516
334.612
345.564
342.029
342.066
338.959
342.996
333.717
339.453
337.546
335.497
335.143
331.917
332.474
320.539
329.027
326.071
330.977
325.912
329.619
335.075
325.959
320.58
329.042
334.454
332.88
330.857
339.389
339.472
339.441
333.786
333.948
343.003
343.003
336.957
347.862
340.097
326.58
332.477
328.534
327.205
333.566
327.738
307.703
308.375
319.388
313.641
305.373
316.645
316.762
306.348
316.783
317.045
317.477
322.455
344.343
330.121
338.049
342.948
343.012
339.975
335.997
340.993
337.909
341.86
337.69
336.925
337.988
341.829
336.158
332.161
337.219
335.224
334.188
339.198
338.109
346.792
348.049
336.075
337.006
337.998
342.046
340.03
340.049
345.074
335
343.072
341.84
331.683
337.006
340.977
340.977
340.977
