336
341.803
333.729
328.754
341.727
328.733
332.632
328.615
333.709
338.688
343.565
332.591
328.624
322.131
313.775
306.248
314.585
305.218
313.993
310.533
276.448
280.176
277.233
282.809
276.754
275.857
283.042
279.209
284.647
284.555
303.717
308.846
316.208
313.731
324.625
334.86
332.395
338.516
340.612
337.564
346.029
345.066
333.959
342.996
333.717
327.453
337.546
333.497
334.143
323.917
334.474
323.539
324.027
321.071
322.977
323.912
330.619
328.075
328.959
324.58
318.042
330.454
330.88
334.857
341.389
332.472
328.441
329.786
338.948
337.003
343.003
337.957
342.862
344.097
332.58
334.477
332.534
329.205
320.566
313.738
320.703
304.375
317.388
306.641
310.373
310.645
313.762
314.348
309.783
321.045
323.477
329.455
336.343
341.121
347.049
336.948
334.012
337.975
337.997
340.993
331.909
340.86
340.69
342.925
336.988
344.829
337.158
343.161
341.219
341.224
330.188
334.198
347.109
328.792
346.049
330.075
340.006
343.998
340.046
340.03
339.049
349.074
341
339.072
335.84
338.683
336.006
332.977
332.977
332.977
