343
341.803
338.729
337.754
333.727
333.733
342.632
344.615
361.709
343.688
342.565
364.591
332.624
340.131
319.775
311.248
340.585
317.218
327.993
325.533
297.448
295.176
292.233
291.809
292.754
283.857
289.042
295.209
297.647
300.555
297.717
316.846
310.208
327.731
326.625
339.86
342.395
343.516
337.612
338.564
348.029
363.066
346.959
340.996
347.717
351.453
348.546
339.497
334.143
335.917
337.474
330.539
329.027
334.071
349.977
339.912
326.619
336.075
339.959
330.58
326.042
340.454
341.88
347.857
339.389
346.472
342.441
347.786
346.948
333.003
351.003
341.957
351.862
340.097
340.58
355.477
343.534
349.205
334.566
322.738
324.703
328.375
327.388
339.641
315.373
331.645
312.762
321.348
323.783
327.045
332.477
342.455
356.343
350.121
348.049
363.948
356.012
337.975
344.997
355.993
338.909
350.86
343.69
358.925
352.988
346.829
347.158
333.161
351.219
362.224
357.188
363.198
339.109
331.792
349.049
341.075
343.006
347.998
344.046
347.03
355.049
340.074
345
346.072
362.84
335.683
328.006
350.977
350.977
350.977
