346
331.803
350.729
346.754
348.727
347.733
356.632
327.615
325.709
353.688
348.565
352.591
342.624
350.131
319.775
322.248
307.585
315.218
325.993
316.533
300.448
295.176
282.233
293.809
296.754
284.857
291.042
298.209
309.647
322.555
301.717
333.846
316.208
327.731
328.625
349.86
352.395
337.516
345.612
340.564
353.029
362.066
360.959
335.996
336.717
345.453
341.546
347.497
344.143
340.917
324.474
336.539
342.027
341.071
346.977
340.912
335.619
324.075
333.959
351.58
321.042
352.454
343.88
339.857
341.389
337.472
356.441
347.786
342.948
345.003
336.003
355.957
330.862
334.097
336.58
349.477
343.534
325.205
343.566
322.738
319.703
308.375
336.388
336.641
322.373
331.645
320.762
335.348
320.783
331.045
323.477
332.455
337.343
351.121
343.049
348.948
358.012
341.975
363.997
344.993
342.909
340.86
352.69
334.925
357.988
345.829
344.158
334.161
351.219
350.224
348.188
341.198
355.109
338.792
333.049
348.075
352.006
346.998
353.046
346.03
368.049
343.074
349
357.072
361.84
344.683
350.006
344.977
344.977
344.977
