355
330.803
341.729
327.754
326.727
336.733
341.632
346.615
346.709
340.688
336.565
331.591
335.624
331.131
318.775
323.248
318.585
318.218
318.993
309.533
281.448
291.176
294.233
285.809
284.754
282.857
285.042
292.209
284.647
295.555
293.717
316.846
315.208
322.731
320.625
338.86
348.395
338.516
327.612
336.564
347.029
344.066
355.959
355.996
343.717
342.453
335.546
337.497
327.143
344.917
322.474
317.539
332.027
333.071
331.977
326.912
329.619
327.075
323.959
311.58
328.042
331.454
327.88
335.857
336.389
332.472
330.441
337.786
331.948
347.003
335.003
336.957
342.862
346.097
346.58
354.477
341.534
330.205
324.566
319.738
321.703
314.375
314.388
324.641
312.373
315.645
330.762
312.348
313.783
327.045
330.477
336.455
341.343
337.121
346.049
343.948
338.012
342.975
341.997
356.993
340.909
344.86
331.69
340.925
342.988
342.829
344.158
342.161
349.219
346.224
339.188
338.198
347.109
350.792
338.049
332.075
347.006
347.998
340.046
334.03
344.049
336.074
334
341.072
334.84
342.683
343.006
344.977
344.977
344.977
