335
336.803
330.729
336.754
334.727
336.733
336.632
334.615
336.709
335.688
336.565
331.591
329.624
320.131
308.775
311.248
309.585
311.218
310.993
306.533
277.448
277.176
279.233
278.809
278.754
279.857
277.042
283.209
285.647
282.555
293.717
309.846
307.208
309.731
321.625
332.86
330.395
334.516
329.612
330.564
333.029
334.066
339.959
338.996
334.717
334.453
330.546
335.497
326.143
326.917
328.474
322.539
319.027
319.071
325.977
324.912
316.619
321.075
319.959
321.58
324.042
328.454
325.88
332.857
336.389
334.472
329.441
330.786
332.948
333.003
340.003
337.957
339.862
340.097
334.58
331.477
336.534
324.205
324.566
316.738
313.703
306.375
312.388
315.641
310.373
315.645
315.762
311.348
314.783
319.045
322.477
322.455
334.343
328.121
339.049
332.948
340.012
337.975
334.997
334.993
334.909
334.86
336.69
332.925
338.988
334.829
338.158
339.161
333.219
335.224
334.188
340.198
335.109
331.792
340.049
334.075
333.006
338.998
339.046
335.03
340.049
339.074
338
339.072
337.84
335.683
340.006
339.977
339.977
339.977
