360
358.803
326.729
345.754
345.727
340.733
332.632
370.615
344.709
355.688
346.565
344.591
340.624
338.131
323.775
317.248
337.585
318.218
316.993
335.533
291.448
285.176
290.233
299.809
306.754
295.857
306.042
309.209
284.647
292.555
301.717
313.846
321.208
326.731
321.625
332.86
348.395
357.516
337.612
344.564
354.029
350.066
347.959
355.996
345.717
348.453
340.546
339.497
338.143
340.917
340.474
319.539
351.027
334.071
332.977
322.912
339.619
327.075
337.959
333.58
335.042
349.454
351.88
328.857
345.389
347.472
349.441
346.786
350.948
351.003
354.003
363.957
351.862
329.097
339.58
360.477
361.534
341.205
349.566
340.738
332.703
320.375
328.388
326.641
326.373
314.645
327.762
328.348
332.783
329.045
331.477
340.455
361.343
342.121
358.049
349.948
351.012
343.975
348.997
340.993
361.909
344.86
338.69
349.925
358.988
347.829
354.158
344.161
359.219
349.224
332.188
348.198
354.109
346.792
351.049
345.075
356.006
354.998
337.046
350.03
349.049
345.074
361
361.072
345.84
351.683
363.006
351.977
351.977
351.977
