342
344.803
350.729
347.754
348.727
337.733
341.632
351.615
348.709
335.688
348.565
347.591
356.624
329.131
326.775
327.248
332.585
330.218
318.993
329.533
289.448
290.176
288.233
281.809
300.754
299.857
299.042
296.209
283.647
293.555
300.717
317.846
311.208
325.731
328.625
346.86
346.395
333.516
346.612
345.564
334.029
344.066
352.959
355.996
330.717
357.453
356.546
353.497
332.143
342.917
345.474
334.539
342.027
348.071
343.977
336.912
336.619
344.075
341.959
321.58
334.042
347.454
358.88
342.857
346.389
335.472
338.441
345.786
353.948
348.003
342.003
332.957
347.862
352.097
350.58
349.477
341.534
327.205
345.566
331.738
337.703
320.375
325.388
314.641
310.373
316.645
332.762
319.348
332.783
344.045
337.477
341.455
347.343
349.121
355.049
354.948
335.012
341.975
354.997
358.993
340.909
343.86
340.69
346.925
348.988
351.829
350.158
346.161
353.219
362.224
359.188
357.198
358.109
341.792
350.049
346.075
365.006
352.998
353.046
339.03
362.049
354.074
343
350.072
356.84
333.683
346.006
353.977
353.977
353.977
