338
331.803
333.729
334.754
328.727
330.733
338.632
328.615
327.709
338.688
334.565
335.591
326.624
324.131
312.775
308.248
307.585
314.218
303.993
306.533
284.448
283.176
282.233
273.809
282.754
278.857
283.042
284.209
289.647
290.555
292.717
313.846
304.208
310.731
316.625
331.86
335.395
334.516
333.612
340.564
335.029
343.066
337.959
342.996
334.717
338.453
334.546
339.497
331.143
330.917
321.474
321.539
329.027
324.071
324.977
328.912
317.619
317.075
327.959
325.58
322.042
323.454
333.88
328.857
329.389
332.472
339.441
336.786
331.948
338.003
331.003
336.957
330.862
335.097
334.58
339.477
334.534
329.205
327.566
313.738
319.703
306.375
308.388
317.641
312.373
313.645
314.762
315.348
308.783
318.045
316.477
326.455
340.343
334.121
334.049
337.948
338.012
330.975
337.997
335.993
338.909
335.86
335.69
331.925
343.988
335.829
332.158
335.161
345.219
344.224
343.188
338.198
342.109
329.792
338.049
338.075
339.006
336.998
343.046
336.03
343.049
332.074
335
332.072
331.84
333.683
338.006
333.977
333.977
333.977
