357
345.803
347.729
360.754
357.727
351.733
341.632
343.615
355.709
356.688
345.565
353.591
337.624
346.131
320.775
326.248
322.585
330.218
317.993
318.533
301.448
298.176
283.233
278.809
296.754
303.857
297.042
291.209
306.647
310.555
299.717
314.846
315.208
332.731
341.625
343.86
353.395
346.516
345.612
353.564
351.029
349.066
351.959
349.996
337.717
347.453
354.546
359.497
336.143
338.917
353.474
328.539
344.027
330.071
327.977
330.912
329.619
321.075
327.959
348.58
341.042
332.454
337.88
368.857
356.389
344.472
339.441
341.786
342.948
338.003
349.003
352.957
353.862
323.097
339.58
341.477
364.534
330.205
340.566
332.738
317.703
328.375
321.388
317.641
311.373
312.645
321.762
320.348
322.783
336.045
344.477
347.455
330.343
341.121
342.049
344.948
353.012
368.975
339.997
350.993
340.909
352.86
336.69
347.925
353.988
350.829
354.158
362.161
343.219
352.224
334.188
344.198
367.109
344.792
364.049
370.075
335.006
348.998
349.046
352.03
340.049
372.074
358
332.072
356.84
338.683
346.006
350.977
350.977
350.977
