350
351.803
328.729
345.754
345.727
327.733
335.632
351.615
342.709
350.688
338.565
345.591
333.624
331.131
319.775
318.248
329.585
321.218
305.993
318.533
283.448
279.176
277.233
293.809
294.754
285.857
296.042
302.209
281.647
284.555
294.717
308.846
321.208
325.731
319.625
334.86
340.395
344.516
336.612
344.564
344.029
339.066
340.959
345.996
341.717
341.453
340.546
333.497
342.143
325.917
327.474
309.539
337.027
318.071
328.977
322.912
330.619
321.075
329.959
331.58
330.042
348.454
340.88
328.857
342.389
347.472
343.441
341.786
341.948
339.003
344.003
356.957
342.862
332.097
336.58
355.477
346.534
334.205
337.566
328.738
319.703
313.375
318.388
318.641
318.373
315.645
322.762
326.348
319.783
321.045
322.477
334.455
345.343
333.121
343.049
348.948
345.012
334.975
347.997
339.993
351.909
338.86
337.69
339.925
350.988
340.829
351.158
342.161
343.219
345.224
332.188
337.198
342.109
335.792
343.049
340.075
344.006
349.998
336.046
342.03
338.049
338.074
344
354.072
339.84
337.683
350.006
346.977
346.977
346.977
