338
334.803
339.729
339.754
334.727
333.733
330.632
335.615
339.709
330.688
329.565
334.591
326.624
323.131
315.775
307.248
320.585
305.218
314.993
311.533
281.448
286.176
284.233
273.809
277.754
278.857
281.042
286.209
284.647
280.555
292.717
309.846
307.208
307.731
324.625
332.86
334.395
335.516
334.612
339.564
335.029
338.066
336.959
342.996
328.717
329.453
333.546
333.497
332.143
331.917
320.474
324.539
325.027
320.071
317.977
322.912
321.619
329.075
321.959
317.58
318.042
332.454
331.88
326.857
328.389
340.472
334.441
334.786
338.948
344.003
332.003
337.957
341.862
337.097
333.58
337.477
339.534
330.205
326.566
322.738
312.703
311.375
310.388
313.641
311.373
319.645
312.762
309.348
312.783
311.045
320.477
332.455
332.343
329.121
338.049
331.948
340.012
341.975
331.997
339.993
337.909
332.86
329.69
333.925
342.988
334.829
335.158
341.161
345.219
339.224
345.188
342.198
337.109
334.792
332.049
332.075
335.006
338.998
338.046
336.03
339.049
340.074
332
338.072
342.84
341.683
343.006
331.977
331.977
331.977
