357
355.803
327.729
347.754
347.727
330.733
332.632
360.615
341.709
354.688
337.565
342.591
338.624
334.131
315.775
321.248
329.585
320.218
313.993
326.533
290.448
286.176
285.233
296.809
297.754
293.857
299.042
306.209
282.647
287.555
298.717
316.846
320.208
329.731
317.625
334.86
347.395
349.516
334.612
347.564
351.029
348.066
342.959
347.996
346.717
348.453
338.546
333.497
339.143
333.917
330.474
316.539
347.027
326.071
329.977
323.912
331.619
324.075
330.959
330.58
332.042
351.454
349.88
327.857
344.389
344.472
345.441
339.786
349.948
346.003
351.003
358.957
348.862
329.097
340.58
358.477
353.534
338.205
340.566
336.738
327.703
316.375
321.388
317.641
322.373
312.645
318.762
330.348
328.783
325.045
330.477
337.455
352.343
338.121
350.049
345.948
349.012
339.975
345.997
342.993
357.909
346.86
338.69
347.925
355.988
343.829
352.158
341.161
351.219
353.224
330.188
344.198
345.109
339.792
346.049
344.075
347.006
351.998
334.046
340.03
346.049
340.074
353
357.072
346.84
343.683
358.006
349.977
349.977
349.977
