344
338.803
347.729
348.754
347.727
345.733
338.632
354.615
349.709
343.688
346.565
343.591
331.624
330.131
319.775
320.248
336.585
308.218
309.993
325.533
289.448
282.176
305.233
285.809
280.754
287.857
307.042
286.209
313.647
292.555
295.717
311.846
315.208
331.731
333.625
347.86
337.395
339.516
338.612
359.564
339.029
339.066
352.959
356.996
343.717
334.453
340.546
345.497
342.143
332.917
336.474
323.539
335.027
328.071
336.977
321.912
332.619
335.075
337.959
323.58
342.042
322.454
344.88
339.857
336.389
340.472
339.441
341.786
345.948
345.003
353.003
352.957
350.862
345.097
341.58
330.477
339.534
327.205
327.566
326.738
335.703
311.375
317.388
333.641
317.373
309.645
332.762
315.348
324.783
314.045
329.477
329.455
356.343
347.121
336.049
351.948
332.012
363.975
353.997
348.993
348.909
338.86
343.69
354.925
354.988
344.829
339.158
342.161
340.219
347.224
346.188
357.198
349.109
350.792
344.049
357.075
343.006
339.998
352.046
344.03
347.049
342.074
341
353.072
342.84
329.683
354.006
338.977
338.977
338.977
