348
333.803
346.729
347.754
350.727
342.733
353.632
329.615
325.709
348.688
348.565
347.591
343.624
347.131
321.775
319.248
307.585
317.218
321.993
317.533
302.448
291.176
279.233
290.809
291.754
279.857
293.042
293.209
309.647
319.555
303.717
333.846
316.208
324.731
329.625
345.86
348.395
334.516
342.612
342.564
353.029
362.066
356.959
336.996
332.717
346.453
342.546
348.497
345.143
335.917
325.474
337.539
342.027
336.071
341.977
341.912
335.619
324.075
330.959
348.58
322.042
352.454
339.88
340.857
337.389
339.472
352.441
348.786
339.948
345.003
331.003
356.957
327.862
334.097
336.58
346.477
338.534
321.205
340.566
319.738
320.703
308.375
332.388
337.641
317.373
332.645
320.762
332.348
315.783
327.045
319.477
333.455
339.343
347.121
339.049
350.948
354.012
342.975
358.997
339.993
343.909
340.86
348.69
335.925
353.988
341.829
345.158
336.161
346.219
351.224
348.188
338.198
356.109
338.792
334.049
344.075
349.006
347.998
355.046
348.03
369.049
339.074
346
354.072
357.84
339.683
347.006
345.977
345.977
345.977
