346
340.803
333.729
339.754
342.727
344.733
341.632
327.615
337.709
331.688
326.565
347.591
328.624
316.131
311.775
314.248
321.585
308.218
318.993
305.533
285.448
278.176
277.233
281.809
285.754
286.857
282.042
290.209
291.647
285.555
302.717
319.846
321.208
319.731
322.625
337.86
342.395
331.516
343.612
333.564
341.029
346.066
340.959
339.996
343.717
338.453
349.546
333.497
333.143
338.917
327.474
323.539
324.027
317.071
328.977
319.912
325.619
327.075
326.959
322.58
320.042
328.454
329.88
337.857
336.389
340.472
332.441
334.786
335.948
346.003
351.003
338.957
339.862
339.097
339.58
343.477
332.534
322.205
320.566
327.738
320.703
313.375
314.388
308.641
315.373
312.645
323.762
318.348
324.783
323.045
322.477
324.455
339.343
342.121
339.049
334.948
343.012
329.975
341.997
343.993
343.909
334.86
337.69
338.925
341.988
336.829
340.158
337.161
340.219
341.224
338.188
335.198
330.109
338.792
339.049
342.075
344.006
335.998
328.046
346.03
345.049
336.074
342
340.072
344.84
338.683
335.006
338.977
338.977
338.977
