343
333.803
335.729
334.754
339.727
331.733
346.632
330.615
330.709
349.688
341.565
347.591
332.624
331.131
319.775
304.248
304.585
322.218
309.993
314.533
290.448
284.176
277.233
285.809
287.754
282.857
290.042
286.209
299.647
302.555
297.717
318.846
310.208
319.731
323.625
336.86
344.395
339.516
340.612
340.564
336.029
346.066
343.959
339.996
330.717
339.453
335.546
340.497
334.143
337.917
322.474
330.539
336.027
331.071
330.977
336.912
324.619
319.075
331.959
335.58
316.042
336.454
340.88
335.857
335.389
339.472
350.441
337.786
337.948
345.003
333.003
346.957
331.862
332.097
341.58
342.477
336.534
326.205
331.566
313.738
320.703
307.375
322.388
325.641
319.373
322.645
316.762
326.348
310.783
322.045
321.477
328.455
340.343
345.121
342.049
337.948
350.012
330.975
346.997
336.993
341.909
336.86
342.69
327.925
349.988
339.829
339.158
331.161
347.219
344.224
346.188
338.198
350.109
339.792
334.049
339.075
336.006
338.998
346.046
337.03
352.049
335.074
337
336.072
345.84
341.683
345.006
337.977
337.977
337.977
