362
338.803
338.729
341.754
334.727
351.733
345.632
333.615
346.709
336.688
348.565
330.591
328.624
328.131
329.775
328.248
317.585
313.218
301.993
319.533
294.448
276.176
293.233
282.809
295.754
275.857
287.042
282.209
288.647
289.555
299.717
318.846
320.208
313.731
322.625
332.86
343.395
336.516
348.612
342.564
346.029
342.066
342.959
332.996
346.717
337.453
340.546
327.497
342.143
330.917
340.474
322.539
329.027
334.071
332.977
337.912
311.619
325.075
324.959
323.58
347.042
331.454
344.88
339.857
338.389
351.472
333.441
346.786
335.948
335.003
353.003
330.957
334.862
345.097
339.58
342.477
345.534
334.205
329.566
330.738
313.703
310.375
317.388
314.641
327.373
311.645
325.762
322.348
324.783
321.045
323.477
332.455
344.343
336.121
335.049
350.948
344.012
343.975
342.997
338.993
336.909
346.86
339.69
350.925
350.988
358.829
351.158
355.161
339.219
342.224
356.188
345.198
354.109
341.792
358.049
336.075
348.006
351.998
334.046
349.03
345.049
347.074
347
334.072
342.84
338.683
338.006
357.977
357.977
357.977
