340
332.803
339.729
337.754
334.727
337.733
332.632
333.615
340.709
336.688
333.565
332.591
322.624
317.131
320.775
309.248
317.585
303.218
309.993
315.533
285.448
287.176
284.233
272.809
276.754
279.857
285.042
287.209
282.647
283.555
292.717
315.846
313.208
312.731
327.625
329.86
333.395
339.516
336.612
333.564
342.029
346.066
348.959
335.996
333.717
340.453
338.546
334.497
331.143
332.917
332.474
328.539
324.027
325.071
326.977
318.912
324.619
326.075
329.959
325.58
335.042
330.454
330.88
329.857
339.389
341.472
333.441
334.786
344.948
343.003
347.003
335.957
335.862
340.097
339.58
331.477
343.534
328.205
330.566
323.738
312.703
315.375
308.388
323.641
313.373
322.645
319.762
317.348
313.783
317.045
316.477
331.455
333.343
332.121
336.049
338.948
340.012
328.975
347.997
338.993
341.909
338.86
345.69
339.925
336.988
340.829
339.158
343.161
343.219
340.224
342.188
341.198
332.109
341.792
340.049
338.075
344.006
339.998
347.046
340.03
335.049
337.074
342
339.072
343.84
339.683
339.006
338.977
338.977
338.977
