346
330.803
344.729
339.754
342.727
339.733
344.632
331.615
326.709
352.688
345.565
349.591
335.624
338.131
323.775
312.248
303.585
320.218
318.993
319.533
299.448
286.176
280.233
289.809
290.754
280.857
294.042
293.209
302.647
310.555
299.717
324.846
313.208
315.731
332.625
341.86
341.395
337.516
338.612
339.564
345.029
356.066
347.959
336.996
333.717
344.453
339.546
343.497
340.143
334.917
327.474
337.539
338.027
334.071
333.977
338.912
333.619
326.075
333.959
343.58
321.042
342.454
342.88
337.857
333.389
336.472
351.441
344.786
334.948
341.003
332.003
353.957
329.862
336.097
338.58
349.477
340.534
323.205
334.566
312.738
318.703
311.375
324.388
333.641
318.373
324.645
317.762
329.348
314.783
325.045
319.477
337.455
343.343
347.121
338.049
342.948
346.012
334.975
350.997
334.993
339.909
337.86
346.69
331.925
351.988
336.829
347.158
333.161
350.219
347.224
350.188
340.198
353.109
337.792
338.049
346.075
339.006
341.998
345.046
341.03
361.049
338.074
341
345.072
348.84
342.683
344.006
338.977
338.977
338.977
