349
330.803
342.729
343.754
346.727
342.733
349.632
329.615
326.709
350.688
343.565
348.591
340.624
342.131
323.775
316.248
302.585
319.218
317.993
319.533
303.448
286.176
280.233
292.809
288.754
279.857
293.042
293.209
306.647
315.555
299.717
329.846
312.208
319.731
330.625
340.86
344.395
335.516
342.612
338.564
350.029
359.066
352.959
336.996
332.717
343.453
344.546
343.497
345.143
337.917
326.474
337.539
338.027
338.071
338.977
337.912
332.619
324.075
331.959
343.58
324.042
347.454
341.88
335.857
332.389
336.472
354.441
344.786
334.948
341.003
332.003
353.957
328.862
334.097
336.58
348.477
340.534
322.205
337.566
316.738
317.703
309.375
327.388
332.641
317.373
329.645
317.762
329.348
317.783
323.045
319.477
335.455
341.343
347.121
341.049
347.948
350.012
338.975
354.997
334.993
339.909
337.86
344.69
330.925
350.988
336.829
346.158
338.161
348.219
351.224
349.188
340.198
353.109
340.792
336.049
345.075
344.006
344.998
350.046
344.03
364.049
336.074
346
349.072
353.84
341.683
343.006
342.977
342.977
342.977
