340
340.803
353.729
343.754
331.727
336.733
345.632
347.615
353.709
343.688
341.565
336.591
327.624
327.131
313.775
316.248
328.585
320.218
324.993
319.533
279.448
305.176
287.233
290.809
290.754
296.857
292.042
298.209
301.647
281.555
291.717
325.846
315.208
315.731
327.625
343.86
342.395
339.516
348.612
346.564
348.029
341.066
344.959
353.996
328.717
338.453
343.546
343.497
349.143
346.917
325.474
329.539
328.027
335.071
322.977
321.912
331.619
342.075
332.959
327.58
324.042
337.454
340.88
342.857
329.389
341.472
345.441
349.786
347.948
346.003
345.003
334.957
348.862
354.097
347.58
339.477
350.534
338.205
340.566
330.738
339.703
317.375
321.388
319.641
331.373
320.645
315.762
319.348
321.783
326.045
322.477
341.455
337.343
335.121
351.049
347.948
348.012
338.975
341.997
366.993
351.909
339.86
327.69
335.925
344.988
345.829
336.158
340.161
354.219
341.224
349.188
349.198
338.109
338.792
339.049
332.075
343.006
350.998
349.046
344.03
346.049
348.074
337
347.072
346.84
354.683
363.006
342.977
342.977
342.977
