339
338.803
327.729
333.754
338.727
328.733
339.632
338.615
338.709
343.688
332.565
336.591
321.624
329.131
315.775
313.248
314.585
311.218
304.993
306.533
280.448
281.176
277.233
287.809
280.754
277.857
282.042
290.209
277.647
282.555
291.717
307.846
307.208
312.731
316.625
338.86
339.395
331.516
331.612
338.564
341.029
331.066
333.959
342.996
335.717
327.453
332.546
328.497
340.143
323.917
325.474
312.539
325.027
321.071
326.977
320.912
323.619
315.075
321.959
329.58
321.042
338.454
339.88
328.857
336.389
339.472
332.441
333.786
332.948
338.003
343.003
349.957
335.862
331.097
328.58
346.477
338.534
330.205
329.566
318.738
312.703
311.375
310.388
311.641
309.373
310.645
318.762
322.348
312.783
319.045
321.477
326.455
338.343
330.121
341.049
340.948
331.012
337.975
341.997
334.993
346.909
336.86
334.69
335.925
346.988
337.829
343.158
342.161
338.219
337.224
331.188
331.198
333.109
333.792
337.049
343.075
340.006
341.998
333.046
341.03
341.049
336.074
344
341.072
339.84
331.683
342.006
341.977
341.977
341.977
