352
356.803
337.729
343.754
347.727
333.733
337.632
326.615
344.709
334.688
339.565
331.591
335.624
326.131
308.775
326.248
325.585
311.218
319.993
314.533
284.448
289.176
278.233
302.809
284.754
285.857
292.042
279.209
300.647
300.555
310.717
313.846
320.208
316.731
329.625
336.86
337.395
355.516
347.612
330.564
356.029
350.066
338.959
343.996
341.717
332.453
340.546
336.497
336.143
328.917
350.474
327.539
330.027
331.071
335.977
323.912
340.619
334.075
329.959
340.58
327.042
337.454
342.88
338.857
352.389
345.472
340.441
339.786
346.948
341.003
347.003
358.957
339.862
343.097
345.58
334.477
347.534
335.205
333.566
318.738
326.703
310.375
327.388
307.641
326.373
319.645
321.762
317.348
320.783
330.045
332.477
325.455
346.343
354.121
356.049
350.948
352.012
353.975
346.997
336.993
335.909
350.86
341.69
350.925
349.988
358.829
347.158
340.161
344.219
336.224
323.188
338.198
357.109
329.792
361.049
330.075
342.006
353.998
349.046
350.03
343.049
360.074
353
341.072
335.84
340.683
346.006
334.977
334.977
334.977
