339
343.803
357.729
342.754
331.727
336.733
343.632
345.615
351.709
346.688
341.565
341.591
330.624
331.131
311.775
315.248
333.585
324.218
328.993
322.533
277.448
304.176
290.233
289.809
290.754
300.857
297.042
297.209
304.647
286.555
290.717
329.846
319.208
320.731
325.625
346.86
342.395
339.516
353.612
350.564
352.029
340.066
348.959
352.996
331.717
338.453
343.546
342.497
347.143
350.917
324.474
329.539
332.027
334.071
322.977
326.912
329.619
341.075
330.959
330.58
329.042
337.454
339.88
341.857
332.389
339.472
348.441
349.786
346.948
350.003
348.003
339.957
352.862
358.097
351.58
342.477
350.534
342.205
345.566
334.738
338.703
322.375
326.388
322.641
331.373
320.645
318.762
322.348
325.783
330.045
320.477
339.455
340.343
339.121
354.049
346.948
351.012
336.975
341.997
370.993
351.909
343.86
332.69
339.925
344.988
349.829
340.158
340.161
352.219
344.224
353.188
348.198
336.109
338.792
342.049
336.075
346.006
354.998
352.046
347.03
349.049
347.074
335
345.072
345.84
359.683
363.006
341.977
341.977
341.977
