339
340.803
338.729
344.754
338.727
337.733
342.632
330.615
337.709
330.688
335.565
333.591
341.624
331.131
314.775
310.248
318.585
319.218
310.993
314.533
283.448
280.176
291.233
275.809
283.754
283.857
292.042
286.209
275.647
285.555
290.717
313.846
310.208
317.731
319.625
337.86
341.395
325.516
326.612
336.564
337.029
339.066
344.959
346.996
331.717
338.453
334.546
339.497
336.143
332.917
330.474
324.539
321.027
327.071
326.977
320.912
323.619
334.075
327.959
316.58
330.042
337.454
337.88
329.857
341.389
337.472
336.441
338.786
336.948
345.003
338.003
336.957
348.862
347.097
339.58
340.477
342.534
326.205
339.566
330.738
320.703
303.375
316.388
310.641
308.373
314.645
318.762
308.348
321.783
324.045
319.477
333.455
335.343
342.121
339.049
347.948
337.012
335.975
344.997
351.993
335.909
341.86
337.69
338.925
333.988
342.829
332.158
339.161
339.219
343.224
353.188
341.198
342.109
342.792
334.049
338.075
353.006
344.998
341.046
335.03
345.049
340.074
336
348.072
351.84
334.683
338.006
338.977
338.977
338.977
