330
342.803
336.729
331.754
349.727
344.733
339.632
340.615
353.709
347.688
334.565
342.591
344.624
338.131
324.775
321.248
319.585
325.218
315.993
309.533
288.448
297.176
297.233
288.809
288.754
286.857
295.042
301.209
302.647
290.555
309.717
317.846
312.208
313.731
336.625
336.86
343.395
346.516
344.612
358.564
337.029
341.066
343.959
343.996
341.717
353.453
344.546
353.497
345.143
341.917
333.474
332.539
345.027
331.071
340.977
328.912
339.619
340.075
345.959
333.58
327.042
334.454
334.88
346.857
341.389
338.472
339.441
337.786
341.948
353.003
341.003
348.957
360.862
345.097
338.58
340.477
342.534
342.205
343.566
329.738
316.703
322.375
321.388
323.641
315.373
330.645
327.762
306.348
324.783
319.045
320.477
328.455
359.343
335.121
343.049
351.948
348.012
354.975
350.997
358.993
346.909
352.86
343.69
343.925
344.988
354.829
352.158
345.161
336.219
338.224
354.188
339.198
341.109
354.792
358.049
341.075
338.006
346.998
341.046
357.03
345.049
350.074
340
353.072
349.84
334.683
343.006
352.977
352.977
352.977
