341
333.803
340.729
334.754
331.727
334.733
329.632
334.615
340.709
337.688
333.565
333.591
323.624
319.131
315.775
310.248
314.585
305.218
304.993
311.533
286.448
282.176
281.233
274.809
277.754
275.857
286.042
288.209
283.647
285.555
292.717
310.846
315.208
313.731
324.625
330.86
328.395
339.516
333.612
328.564
339.029
343.066
344.959
332.996
334.717
337.453
333.546
334.497
327.143
329.917
332.474
324.539
319.027
326.071
322.977
318.912
320.619
323.075
329.959
325.58
330.042
327.454
330.88
329.857
334.389
336.472
328.441
336.786
339.948
340.003
342.003
336.957
337.862
337.097
334.58
328.477
339.534
329.205
325.566
320.738
312.703
310.375
304.388
319.641
309.373
319.645
314.762
314.348
314.783
318.045
318.477
328.455
329.343
333.121
336.049
338.948
337.012
330.975
344.997
335.993
343.909
333.86
340.69
336.925
338.988
340.829
341.158
338.161
343.219
342.224
338.188
338.198
332.109
337.792
336.049
340.075
344.006
336.998
342.046
336.03
337.049
338.074
343
341.072
343.84
339.683
340.006
340.977
340.977
340.977
