361
342.803
347.729
336.754
340.727
351.733
356.632
363.615
351.709
361.688
349.565
340.591
355.624
334.131
318.775
322.248
326.585
338.218
332.993
317.533
300.448
287.176
307.233
293.809
291.754
306.857
275.042
276.209
297.647
313.555
309.717
306.846
320.208
336.731
333.625
337.86
342.395
343.516
356.612
347.564
335.029
360.066
366.959
348.996
350.717
335.453
348.546
346.497
344.143
340.917
347.474
335.539
320.027
316.071
347.977
338.912
327.619
330.075
349.959
337.58
337.042
336.454
322.88
354.857
334.389
354.472
326.441
365.786
364.948
363.003
336.003
364.957
340.862
348.097
341.58
354.477
338.534
332.205
338.566
326.738
316.703
307.375
323.388
320.641
322.373
324.645
328.762
332.348
321.783
334.045
329.477
343.455
347.343
341.121
346.049
344.948
352.012
347.975
358.997
360.993
342.909
342.86
352.69
344.925
343.988
349.829
366.158
354.161
341.219
348.224
356.188
351.198
353.109
353.792
348.049
344.075
359.006
332.998
363.046
357.03
338.049
349.074
357
347.072
340.84
350.683
356.006
348.977
348.977
348.977
