349
359.803
341.729
352.754
352.727
341.733
340.632
324.615
344.709
336.688
336.565
334.591
340.624
335.131
304.775
328.248
333.585
320.218
317.993
313.533
293.448
287.176
276.233
306.809
288.754
288.857
295.042
277.209
303.647
309.555
314.717
322.846
322.208
324.731
337.625
343.86
339.395
357.516
350.612
332.564
359.029
352.066
347.959
351.996
347.717
342.453
346.546
334.497
339.143
332.917
354.474
325.539
333.027
332.071
337.977
324.912
343.619
342.075
332.959
350.58
324.042
336.454
340.88
341.857
354.389
349.472
343.441
342.786
348.948
348.003
349.003
360.957
344.862
347.097
342.58
338.477
350.534
332.205
336.566
319.738
328.703
312.375
330.388
312.641
330.373
323.645
324.762
316.348
325.783
338.045
337.477
328.455
348.343
357.121
366.049
349.948
355.012
355.975
348.997
340.993
342.909
357.86
343.69
352.925
351.988
363.829
348.158
343.161
346.219
344.224
322.188
341.198
364.109
328.792
364.049
330.075
346.006
355.998
355.046
360.03
347.049
362.074
362
344.072
332.84
341.683
344.006
330.977
330.977
330.977
