354
343.803
337.729
342.754
346.727
346.733
341.632
324.615
342.709
333.688
329.565
355.591
336.624
321.131
308.775
322.248
329.585
315.218
325.993
305.533
289.448
283.176
275.233
291.809
295.754
285.857
282.042
288.209
288.647
287.555
309.717
316.846
324.208
327.731
323.625
339.86
351.395
335.516
341.612
331.564
339.029
349.066
348.959
340.996
350.717
336.453
350.546
330.497
341.143
337.917
325.474
325.539
325.027
324.071
324.977
327.912
328.619
324.075
331.959
323.58
321.042
332.454
337.88
341.857
344.389
343.472
332.441
335.786
338.948
347.003
355.003
341.957
347.862
342.097
343.58
353.477
342.534
320.205
325.566
336.738
321.703
310.375
313.388
312.641
312.373
316.645
322.762
321.348
327.783
331.045
322.477
328.455
348.343
347.121
343.049
340.948
347.012
332.975
344.997
344.993
346.909
337.86
344.69
342.925
342.988
344.829
340.158
338.161
344.219
345.224
339.188
343.198
337.109
345.792
342.049
350.075
347.006
336.998
332.046
347.03
343.049
336.074
340
342.072
347.84
342.683
339.006
341.977
341.977
341.977
