327
358.803
342.729
342.754
343.727
341.733
341.632
340.615
350.709
353.688
349.565
340.591
331.624
324.131
313.775
321.248
321.585
318.218
313.993
323.533
278.448
285.176
286.233
284.809
288.754
287.857
285.042
291.209
290.647
281.555
303.717
303.846
317.208
316.731
337.625
342.86
338.395
346.516
333.612
344.564
337.029
336.066
351.959
353.996
345.717
349.453
342.546
334.497
334.143
335.917
338.474
337.539
342.027
333.071
335.977
340.912
321.619
332.075
329.959
316.58
321.042
335.454
343.88
330.857
334.389
339.472
348.441
338.786
346.948
348.003
342.003
340.957
353.862
350.097
340.58
336.477
344.534
331.205
338.566
320.738
328.703
297.375
318.388
327.641
311.373
325.645
324.762
328.348
329.783
328.045
320.477
337.455
355.343
344.121
344.049
351.948
341.012
341.975
337.997
349.993
337.909
346.86
340.69
337.925
357.988
356.829
348.158
356.161
331.219
345.224
336.188
352.198
342.109
330.792
355.049
347.075
337.006
345.998
353.046
355.03
346.049
352.074
349
363.072
347.84
356.683
351.006
345.977
345.977
345.977
