348
338.803
339.729
337.754
357.727
339.733
342.632
329.615
331.709
335.688
347.565
356.591
337.624
323.131
327.775
331.248
316.585
320.218
315.993
306.533
286.448
287.176
288.233
295.809
282.754
282.857
291.042
290.209
295.647
284.555
305.717
305.846
316.208
331.731
329.625
333.86
350.395
352.516
338.612
357.564
339.029
354.066
348.959
349.996
334.717
346.453
342.546
363.497
338.143
342.917
335.474
338.539
341.027
328.071
323.977
335.912
337.619
337.075
337.959
327.58
323.042
344.454
336.88
351.857
345.389
339.472
341.441
336.786
347.948
346.003
345.003
358.957
347.862
356.097
348.58
352.477
339.534
334.205
336.566
333.738
323.703
330.375
326.388
322.641
327.373
324.645
309.762
322.348
322.783
320.045
326.477
327.455
345.343
334.121
354.049
356.948
352.012
333.975
341.997
341.993
342.909
341.86
335.69
335.925
348.988
335.829
347.158
356.161
349.219
349.224
341.188
350.198
339.109
335.792
350.049
336.075
350.006
346.998
343.046
349.03
340.049
353.074
341
344.072
338.84
349.683
358.006
341.977
341.977
341.977
