343
330.803
332.729
337.754
334.727
332.733
337.632
342.615
342.709
336.688
335.565
341.591
336.624
333.131
308.775
318.248
319.585
316.218
317.993
308.533
284.448
280.176
291.233
282.809
286.754
287.857
279.042
273.209
289.647
292.555
291.717
311.846
313.208
322.731
318.625
332.86
337.395
330.516
342.612
339.564
336.029
348.066
345.959
341.996
339.717
330.453
332.546
335.497
334.143
325.917
330.474
323.539
321.027
315.071
329.977
325.912
321.619
315.075
332.959
330.58
318.042
328.454
323.88
338.857
330.389
342.472
334.441
350.786
345.948
347.003
338.003
339.957
334.862
345.097
335.58
349.477
333.534
317.205
327.566
318.738
314.703
306.375
315.388
305.641
308.373
304.645
315.762
311.348
313.783
321.045
326.477
329.455
336.343
328.121
336.049
339.948
348.012
337.975
339.997
350.993
332.909
338.86
337.69
337.925
337.988
341.829
353.158
345.161
338.219
334.224
340.188
341.198
351.109
341.792
339.049
342.075
351.006
333.998
352.046
349.03
340.049
337.074
343
342.072
336.84
336.683
341.006
334.977
334.977
334.977
