344
335.803
336.729
333.754
348.727
343.733
334.632
330.615
334.709
332.688
342.565
356.591
335.624
326.131
324.775
327.248
317.585
315.218
312.993
304.533
289.448
290.176
280.233
291.809
279.754
279.857
292.042
288.209
296.647
286.555
301.717
309.846
319.208
330.731
325.625
335.86
340.395
349.516
338.612
348.564
341.029
347.066
349.959
345.996
330.717
341.453
339.546
355.497
333.143
337.917
333.474
334.539
337.027
319.071
322.977
331.912
330.619
327.075
327.959
321.58
322.042
340.454
333.88
354.857
342.389
343.472
343.441
337.786
343.948
343.003
346.003
359.957
343.862
354.097
341.58
345.477
342.534
329.205
328.566
325.738
315.703
322.375
317.388
319.641
329.373
320.645
312.762
321.348
318.783
323.045
323.477
327.455
342.343
326.121
344.049
352.948
351.012
335.975
336.997
343.993
338.909
342.86
339.69
338.925
343.988
334.829
339.158
349.161
347.219
347.224
339.188
347.198
336.109
337.792
346.049
338.075
343.006
344.998
341.046
346.03
343.049
346.074
344
345.072
335.84
347.683
350.006
343.977
343.977
343.977
