340
331.803
336.729
331.754
329.727
329.733
330.632
334.615
335.709
330.688
335.565
334.591
329.624
326.131
310.775
305.248
313.585
310.218
311.993
303.533
278.448
284.176
278.233
279.809
280.754
278.857
278.042
277.209
281.647
285.555
293.717
304.846
312.208
314.731
321.625
330.86
331.395
331.516
336.612
336.564
335.029
340.066
333.959
334.996
330.717
334.453
329.546
329.497
326.143
327.917
324.474
316.539
319.027
319.071
320.977
318.912
321.619
319.075
324.959
322.58
320.042
322.454
325.88
332.857
331.389
336.472
329.441
336.786
332.948
340.003
335.003
339.957
332.862
335.097
334.58
335.477
329.534
320.205
324.566
322.738
313.703
311.375
311.388
310.641
311.373
310.645
310.762
310.348
309.783
319.045
321.477
329.455
329.343
326.121
340.049
332.948
340.012
334.975
338.997
338.993
334.909
333.86
330.69
334.925
332.988
334.829
339.158
335.161
335.219
338.224
338.188
338.198
339.109
335.792
340.049
339.075
339.006
337.998
340.046
339.03
334.049
335.074
335
334.072
334.84
335.683
338.006
333.977
333.977
333.977
