333
348.803
345.729
340.754
338.727
344.733
341.632
331.615
340.709
340.688
334.565
337.591
329.624
331.131
315.775
311.248
319.585
309.218
315.993
306.533
293.448
284.176
283.233
285.809
272.754
290.857
288.042
286.209
280.647
289.555
292.717
326.846
307.208
327.731
326.625
330.86
336.395
341.516
345.612
335.564
341.029
340.066
347.959
341.996
352.717
334.453
330.546
343.497
339.143
343.917
342.474
322.539
325.027
322.071
332.977
333.912
327.619
336.075
324.959
320.58
332.042
323.454
327.88
327.857
349.389
334.472
329.441
334.786
352.948
352.003
339.003
344.957
343.862
342.097
349.58
341.477
351.534
316.205
334.566
323.738
323.703
311.375
316.388
319.641
316.373
323.645
324.762
314.348
318.783
319.045
332.477
337.455
329.343
332.121
344.049
327.948
349.012
332.975
339.997
337.993
346.909
346.86
345.69
340.925
335.988
347.829
342.158
339.161
342.219
352.224
345.188
352.198
339.109
340.792
347.049
344.075
335.006
342.998
348.046
328.03
339.049
349.074
343
357.072
341.84
339.683
350.006
338.977
338.977
338.977
