345
354.803
337.729
334.754
342.727
333.733
340.632
350.615
343.709
360.688
354.565
335.591
340.624
334.131
327.775
318.248
339.585
328.218
321.993
316.533
289.448
297.176
282.233
288.809
291.754
288.857
288.042
286.209
287.647
310.555
303.717
325.846
326.208
314.731
329.625
324.86
342.395
352.516
356.612
352.564
345.029
344.066
359.959
367.996
353.717
335.453
352.546
357.497
345.143
323.917
326.474
342.539
341.027
343.071
315.977
325.912
322.619
339.075
350.959
343.58
334.042
349.454
349.88
331.857
360.389
350.472
331.441
356.786
343.948
347.003
358.003
348.957
351.862
360.097
330.58
335.477
355.534
342.205
339.566
341.738
318.703
335.375
331.388
315.641
323.373
319.645
325.762
321.348
307.783
331.045
345.477
340.455
324.343
334.121
344.049
347.948
347.012
340.975
351.997
347.993
358.909
339.86
336.69
341.925
359.988
352.829
349.158
346.161
352.219
355.224
342.188
351.198
353.109
342.792
356.049
370.075
347.006
349.998
352.046
350.03
343.049
357.074
343
343.072
349.84
351.683
358.006
329.977
329.977
329.977
