341
354.803
338.729
331.754
339.727
330.733
335.632
346.615
340.709
360.688
349.565
337.591
336.624
334.131
324.775
319.248
339.585
324.218
317.993
312.533
290.448
292.176
283.233
283.809
286.754
283.857
288.042
283.209
288.647
310.555
299.717
320.846
321.208
315.731
324.625
324.86
338.395
347.516
353.612
347.564
341.029
345.066
354.959
363.996
354.717
337.453
352.546
354.497
347.143
325.917
327.474
338.539
336.027
338.071
316.977
326.912
318.619
336.075
346.959
339.58
335.042
345.454
346.88
333.857
355.389
347.472
332.441
352.786
344.948
349.003
360.003
350.957
352.862
357.097
331.58
332.477
351.534
343.205
340.566
336.738
313.703
331.375
328.388
311.641
318.373
321.645
320.762
321.348
309.783
326.045
340.477
342.455
326.343
330.121
346.049
347.948
348.012
337.975
351.997
344.993
354.909
341.86
337.69
342.925
354.988
347.829
345.158
348.161
348.219
351.224
344.188
351.198
349.109
342.792
358.049
365.075
347.006
351.998
347.046
346.03
343.049
353.074
340
344.072
350.84
346.683
353.006
330.977
330.977
330.977
