343
339.803
334.729
339.754
339.727
338.733
338.632
330.615
339.709
337.688
332.565
343.591
326.624
328.131
311.775
311.248
313.585
319.218
310.993
310.533
283.448
287.176
285.233
277.809
283.754
283.857
276.042
275.209
289.647
289.555
297.717
302.846
313.208
310.731
318.625
329.86
344.395
338.516
331.612
338.564
340.029
345.066
344.959
337.996
326.717
336.453
337.546
346.497
326.143
334.917
338.474
325.539
326.027
323.071
319.977
321.912
313.619
318.075
322.959
323.58
328.042
325.454
328.88
339.857
342.389
334.472
333.441
330.786
334.948
332.003
336.003
340.957
338.862
333.097
332.58
337.477
344.534
327.205
336.566
323.738
312.703
315.375
310.388
317.641
312.373
314.645
315.762
314.348
317.783
314.045
327.477
333.455
328.343
333.121
335.049
342.948
337.012
347.975
344.997
348.993
341.909
347.86
331.69
332.925
341.988
339.829
342.158
341.161
338.219
343.224
331.188
339.198
344.109
331.792
348.049
343.075
333.006
336.998
342.046
343.03
331.049
347.074
339
336.072
340.84
325.683
337.006
341.977
341.977
341.977
