350
349.803
334.729
339.754
343.727
325.733
334.632
330.615
341.709
338.688
337.565
333.591
334.624
324.131
310.775
319.248
322.585
308.218
315.993
314.533
276.448
286.176
280.233
295.809
281.754
282.857
287.042
281.209
291.647
290.555
313.717
309.846
318.208
314.731
326.625
332.86
333.395
350.516
343.612
334.564
347.029
352.066
340.959
340.996
337.717
334.453
335.546
334.497
338.143
324.917
343.474
329.539
326.027
328.071
327.977
321.912
331.619
332.075
331.959
330.58
324.042
335.454
343.88
334.857
346.389
342.472
336.441
332.786
341.948
342.003
342.003
351.957
338.862
345.097
340.58
337.477
340.534
333.205
330.566
316.738
323.703
312.375
328.388
308.641
323.373
314.645
315.762
314.348
312.783
332.045
324.477
329.455
343.343
351.121
359.049
342.948
343.012
346.975
349.997
338.993
334.909
347.86
338.69
347.925
343.988
356.829
344.158
342.161
345.219
338.224
325.188
334.198
351.109
331.792
355.049
330.075
341.006
350.998
342.046
347.03
343.049
354.074
349
337.072
333.84
340.683
336.006
336.977
336.977
336.977
