342
349.803
339.729
333.754
341.727
331.733
335.632
347.615
341.709
361.688
350.565
334.591
336.624
330.131
321.775
319.248
336.585
321.218
318.993
309.533
285.448
294.176
285.233
279.809
286.754
284.857
289.042
285.209
290.647
305.555
296.717
322.846
316.208
317.731
321.625
324.86
335.395
349.516
354.612
349.564
338.029
347.066
350.959
359.996
355.717
334.453
354.546
349.497
347.143
327.917
322.474
340.539
337.027
334.071
318.977
327.912
318.619
338.075
342.959
335.58
330.042
345.454
346.88
328.857
356.389
348.472
333.441
347.786
345.948
346.003
355.003
347.957
352.862
353.097
328.58
328.477
352.534
339.205
337.566
338.738
315.703
332.375
324.388
313.641
320.373
316.645
320.762
322.348
311.783
323.045
335.477
343.455
327.343
327.121
343.049
348.948
344.012
337.975
346.997
339.993
350.909
343.86
338.69
337.925
354.988
347.829
345.158
349.161
350.219
352.224
340.188
351.198
346.109
343.792
354.049
362.075
344.006
353.998
342.046
347.03
339.049
353.074
337
346.072
351.84
343.683
348.006
331.977
331.977
331.977
