336
354.803
354.729
341.754
346.727
361.733
342.632
334.615
344.709
344.688
347.565
339.591
340.624
342.131
319.775
320.248
325.585
312.218
317.993
317.533
308.448
286.176
299.233
300.809
287.754
296.857
297.042
292.209
293.647
295.555
306.717
335.846
312.208
334.731
334.625
333.86
338.395
351.516
358.612
337.564
341.029
352.066
356.959
355.996
357.717
340.453
333.546
353.497
334.143
343.917
353.474
323.539
336.027
335.071
344.977
340.912
331.619
340.075
327.959
336.58
335.042
323.454
331.88
334.857
362.389
342.472
337.441
343.786
359.948
358.003
343.003
355.957
350.862
343.097
352.58
344.477
355.534
334.205
350.566
329.738
328.703
315.375
317.388
325.641
313.373
333.645
332.762
325.348
322.783
324.045
325.477
337.455
326.343
338.121
346.049
330.948
356.012
339.975
345.997
331.993
360.909
355.86
349.69
346.925
337.988
359.829
345.158
344.161
360.219
352.224
349.188
360.198
349.109
341.792
349.049
357.075
342.006
355.998
361.046
332.03
339.049
367.074
345
365.072
346.84
339.683
351.006
336.977
336.977
336.977
