343
342.803
334.729
341.754
342.727
346.733
341.632
337.615
343.709
341.688
330.565
348.591
332.624
332.131
309.775
316.248
311.585
322.218
315.993
309.533
293.448
292.176
286.233
275.809
286.754
287.857
285.042
282.209
297.647
297.555
295.717
306.846
313.208
318.731
326.625
331.86
347.395
341.516
336.612
340.564
347.029
343.066
343.959
345.996
336.717
337.453
340.546
350.497
323.143
338.917
342.474
322.539
335.027
324.071
323.977
325.912
317.619
321.075
319.959
327.58
332.042
326.454
337.88
346.857
347.389
332.472
335.441
338.786
338.948
329.003
337.003
338.957
344.862
331.097
332.58
335.477
354.534
328.205
332.566
327.738
312.703
324.375
314.388
316.641
313.373
317.645
318.762
319.348
321.783
322.045
334.477
337.455
330.343
336.121
339.049
344.948
336.012
356.975
342.997
351.993
337.909
349.86
330.69
334.925
345.988
347.829
340.158
351.161
342.219
344.224
328.188
344.198
349.109
335.792
352.049
352.075
334.006
334.998
340.046
346.03
330.049
352.074
347
340.072
350.84
330.683
340.006
345.977
345.977
345.977
