346
335.803
335.729
338.754
331.727
344.733
338.632
330.615
335.709
340.688
337.565
332.591
332.624
328.131
310.775
309.248
313.585
316.218
312.993
305.533
291.448
283.176
275.233
271.809
276.754
278.857
275.042
285.209
286.647
289.555
286.717
309.846
314.208
307.731
323.625
330.86
332.395
337.516
339.612
333.564
338.029
341.066
341.959
337.996
337.717
338.453
331.546
330.497
323.143
335.917
325.474
325.539
329.027
324.071
332.977
327.912
319.619
317.075
329.959
318.58
324.042
329.454
333.88
329.857
333.389
338.472
331.441
343.786
342.948
343.003
342.003
335.957
334.862
349.097
333.58
336.477
330.534
327.205
321.566
320.738
306.703
309.375
310.388
323.641
304.373
317.645
309.762
311.348
312.783
321.045
325.477
324.455
333.343
335.121
345.049
342.948
338.012
334.975
342.997
334.993
347.909
342.86
337.69
341.925
339.988
337.829
338.158
336.161
332.219
343.224
332.188
344.198
338.109
331.792
336.049
348.075
331.006
336.998
334.046
338.03
340.049
341.074
332
349.072
329.84
338.683
345.006
338.977
338.977
338.977
