335
328.803
334.729
327.754
332.727
333.733
334.632
333.615
340.709
336.688
328.565
332.591
325.624
323.131
318.775
304.248
318.585
312.218
309.993
306.533
281.448
287.176
282.233
276.809
282.754
278.857
289.042
283.209
291.647
280.555
287.717
309.846
305.208
316.731
317.625
335.86
330.395
327.516
340.612
328.564
338.029
343.066
334.959
338.996
332.717
334.453
329.546
329.497
331.143
331.917
327.474
320.539
326.027
319.071
323.977
320.912
320.619
324.075
323.959
319.58
326.042
331.454
335.88
329.857
339.389
331.472
329.441
336.786
337.948
333.003
338.003
336.957
341.862
338.097
335.58
332.477
329.534
329.205
320.566
318.738
313.703
316.375
308.388
317.641
308.373
308.645
312.762
314.348
309.783
318.045
320.477
326.455
333.343
336.121
337.049
343.948
344.012
338.975
336.997
336.993
335.909
337.86
334.69
344.925
342.988
334.829
336.158
339.161
343.219
345.224
338.188
343.198
336.109
330.792
337.049
343.075
344.006
339.998
342.046
332.03
338.049
333.074
337
333.072
337.84
331.683
333.006
337.977
337.977
337.977
