358
335.803
351.729
336.754
327.727
333.733
349.632
348.615
348.709
343.688
337.565
333.591
338.624
327.131
320.775
327.248
328.585
317.218
321.993
306.533
289.448
298.176
298.233
282.809
286.754
281.857
285.042
298.209
287.647
299.555
295.717
314.846
324.208
327.731
327.625
341.86
355.395
337.516
329.612
338.564
350.029
347.066
357.959
360.996
350.717
342.453
338.546
341.497
325.143
352.917
329.474
322.539
334.027
335.071
335.977
336.912
331.619
325.075
326.959
314.58
330.042
336.454
332.88
339.857
334.389
339.472
333.441
345.786
334.948
350.003
336.003
339.957
351.862
344.097
345.58
355.477
349.534
331.205
327.566
327.738
322.703
317.375
320.388
333.641
315.373
316.645
333.762
322.348
315.783
334.045
333.477
334.455
345.343
339.121
350.049
341.948
336.012
349.975
344.997
360.993
348.909
342.86
341.69
343.925
343.988
340.829
345.158
340.161
350.219
344.224
337.188
341.198
344.109
347.792
344.049
336.075
352.006
351.998
342.046
335.03
345.049
341.074
331
345.072
338.84
339.683
341.006
347.977
347.977
347.977
