357
334.803
340.729
341.754
331.727
348.733
340.632
329.615
346.709
338.688
345.565
332.591
329.624
329.131
324.775
324.248
313.585
313.218
302.993
314.533
295.448
277.176
294.233
279.809
290.754
276.857
283.042
277.209
289.647
285.555
299.717
314.846
315.208
310.731
319.625
334.86
340.395
338.516
344.612
339.564
348.029
344.066
343.959
332.996
342.717
339.453
335.546
329.497
338.143
330.917
336.474
322.539
329.027
331.071
332.977
337.912
308.619
327.075
326.959
320.58
342.042
326.454
346.88
334.857
339.389
347.472
333.441
348.786
336.948
331.003
348.003
330.957
334.862
342.097
341.58
338.477
342.534
335.205
330.566
327.738
314.703
310.375
312.388
311.641
324.373
311.645
320.762
317.348
324.783
318.045
325.477
334.455
339.343
332.121
331.049
350.948
344.012
344.975
337.997
335.993
337.909
347.86
341.69
346.925
346.988
353.829
347.158
351.161
334.219
339.224
356.188
345.198
350.109
336.792
355.049
337.075
348.006
352.998
335.046
345.03
346.049
343.074
344
334.072
337.84
333.683
339.006
354.977
354.977
354.977
