361
343.803
349.729
346.754
341.727
344.733
352.632
332.615
355.709
337.688
324.565
361.591
341.624
323.131
321.775
324.248
331.585
318.218
328.993
316.533
293.448
291.176
290.233
292.809
302.754
287.857
281.042
296.209
291.647
290.555
308.717
326.846
333.208
334.731
323.625
341.86
354.395
343.516
348.612
343.564
346.029
351.066
360.959
349.996
354.717
347.453
356.546
338.497
343.143
337.917
335.474
330.539
332.027
330.071
321.977
334.912
334.619
328.075
342.959
331.58
327.042
333.454
346.88
351.857
349.389
346.472
339.441
350.786
342.948
347.003
365.003
348.957
360.862
349.097
356.58
361.477
351.534
330.205
331.566
339.738
331.703
309.375
312.388
325.641
322.373
323.645
338.762
334.348
342.783
338.045
320.477
338.455
359.343
349.121
356.049
342.948
367.012
338.975
357.997
348.993
353.909
347.86
361.69
344.925
348.988
356.829
351.158
338.161
354.219
350.224
345.188
357.198
346.109
344.792
348.049
358.075
356.006
351.998
345.046
353.03
348.049
339.074
350
345.072
353.84
348.683
350.006
341.977
341.977
341.977
