365
339.803
338.729
341.754
339.727
357.733
345.632
337.615
354.709
335.688
354.565
336.591
335.624
335.131
326.775
328.248
319.585
312.218
307.993
328.533
299.448
287.176
300.233
283.809
297.754
271.857
289.042
287.209
294.647
300.555
302.717
326.846
323.208
319.731
325.625
333.86
342.395
335.516
355.612
351.564
354.029
350.066
345.959
333.996
349.717
348.453
348.546
331.497
342.143
334.917
346.474
324.539
341.027
337.071
333.977
344.912
316.619
331.075
327.959
318.58
348.042
339.454
345.88
341.857
346.389
354.472
335.441
342.786
339.948
336.003
358.003
326.957
346.862
347.097
350.58
344.477
339.534
335.205
337.566
338.738
321.703
321.375
323.388
325.641
333.373
319.645
336.762
332.348
330.783
323.045
331.477
335.455
345.343
339.121
333.049
359.948
350.012
344.975
350.997
341.993
335.909
354.86
345.69
364.925
352.988
367.829
345.158
358.161
352.219
345.224
357.188
346.198
361.109
343.792
371.049
340.075
353.006
357.998
342.046
362.03
351.049
356.074
355
338.072
345.84
333.683
341.006
364.977
364.977
364.977
