339
335.803
335.729
336.754
331.727
335.733
334.632
329.615
335.709
330.688
329.565
331.591
323.624
324.131
314.775
311.248
315.585
307.218
310.993
307.533
279.448
277.176
283.233
275.809
273.754
280.857
284.042
279.209
281.647
282.555
287.717
311.846
307.208
313.731
321.625
332.86
330.395
334.516
335.612
331.564
340.029
333.066
337.959
338.996
335.717
334.453
330.546
336.497
331.143
330.917
328.474
320.539
320.027
319.071
324.977
323.912
321.619
325.075
319.959
315.58
320.042
322.454
327.88
327.857
336.389
335.472
329.441
336.786
338.948
340.003
338.003
333.957
337.862
339.097
335.58
331.477
336.534
320.205
327.566
320.738
309.703
311.375
310.388
309.641
310.373
315.645
313.762
311.348
313.783
312.045
321.477
329.455
335.343
327.121
335.049
332.948
335.012
334.975
339.997
332.993
334.909
332.86
336.69
337.925
334.988
334.829
340.158
338.161
338.219
340.224
338.188
339.198
334.109
334.792
333.049
339.075
339.006
333.998
338.046
333.03
338.049
338.074
335
340.072
337.84
329.683
340.006
332.977
332.977
332.977
