344
347.803
348.729
348.754
345.727
340.733
344.632
343.615
347.709
331.688
346.565
339.591
351.624
327.131
321.775
320.248
331.585
324.218
314.993
325.533
285.448
286.176
292.233
276.809
295.754
300.857
299.042
292.209
281.647
291.555
296.717
320.846
315.208
319.731
324.625
344.86
343.395
330.516
338.612
342.564
336.029
342.066
354.959
353.996
332.717
356.453
347.546
350.497
331.143
339.917
343.474
329.539
332.027
339.071
334.977
335.912
328.619
342.075
333.959
323.58
336.042
345.454
348.88
338.857
348.389
334.472
338.441
342.786
343.948
346.003
339.003
334.957
349.862
349.097
346.58
346.477
344.534
318.205
337.566
334.738
339.703
314.375
319.388
310.641
312.373
313.645
324.762
309.348
330.783
340.045
337.477
339.455
339.343
347.121
351.049
351.948
332.012
341.975
356.997
351.993
344.909
340.86
337.69
343.925
339.988
354.829
342.158
342.161
350.219
355.224
361.188
354.198
354.109
339.792
347.049
341.075
363.006
345.998
350.046
341.03
359.049
351.074
336
345.072
357.84
337.683
343.006
346.977
346.977
346.977
