343
331.803
337.729
333.754
335.727
338.733
338.632
332.615
341.709
339.688
332.565
328.591
333.624
323.131
313.775
318.248
305.585
310.218
307.993
308.533
287.448
280.176
285.233
276.809
278.754
272.857
282.042
280.209
283.647
284.555
292.717
312.846
307.208
314.731
320.625
331.86
338.395
329.516
335.612
326.564
341.029
337.066
341.959
336.996
335.717
332.453
334.546
332.497
336.143
326.917
333.474
320.539
327.027
328.071
325.977
325.912
313.619
319.075
316.959
315.58
329.042
330.454
333.88
329.857
339.389
342.472
330.441
333.786
335.948
336.003
340.003
329.957
339.862
343.097
334.58
338.477
338.534
333.205
328.566
328.738
312.703
308.375
309.388
311.641
317.373
312.645
323.762
316.348
316.783
315.045
328.477
332.455
334.343
325.121
333.049
345.948
332.012
339.975
332.997
331.993
341.909
337.86
332.69
338.925
337.988
340.829
345.158
344.161
333.219
337.224
348.188
341.198
342.109
334.792
344.049
337.075
347.006
342.998
336.046
338.03
344.049
339.074
336
332.072
336.84
331.683
336.006
340.977
340.977
340.977
