348
339.803
341.729
340.754
336.727
336.733
341.632
342.615
366.709
347.688
341.565
362.591
336.624
344.131
323.775
309.248
345.585
316.218
325.993
329.533
297.448
300.176
290.233
295.809
290.754
281.857
288.042
299.209
297.647
298.555
297.717
321.846
309.208
332.731
324.625
339.86
342.395
342.516
342.612
342.564
351.029
368.066
344.959
345.996
347.717
349.453
348.546
337.497
334.143
340.917
336.474
334.539
329.027
333.071
347.977
338.912
330.619
339.075
337.959
333.58
326.042
339.454
340.88
345.857
337.389
349.472
345.441
351.786
350.948
336.003
350.003
339.957
356.862
338.097
344.58
358.477
341.534
348.205
334.566
321.738
322.703
326.375
325.388
344.641
320.373
330.645
316.762
325.348
321.783
327.045
336.477
340.455
355.343
349.121
346.049
363.948
355.012
335.975
349.997
354.993
341.909
350.86
348.69
358.925
357.988
345.829
350.158
332.161
355.219
365.224
355.188
368.198
342.109
335.792
354.049
346.075
347.006
345.998
349.046
351.03
354.049
344.074
350
351.072
362.84
338.683
326.006
353.977
353.977
353.977
