342
337.803
336.729
343.754
339.727
337.733
333.632
340.615
345.709
336.688
343.565
343.591
335.624
333.131
313.775
312.248
331.585
306.218
305.993
316.533
286.448
280.176
299.233
279.809
281.754
279.857
301.042
284.209
301.647
286.555
291.717
306.846
314.208
318.731
321.625
336.86
335.395
343.516
341.612
351.564
339.029
336.066
346.959
349.996
343.717
326.453
343.546
340.497
337.143
328.917
328.474
318.539
328.027
321.071
334.977
318.912
327.619
332.075
336.959
319.58
330.042
322.454
337.88
342.857
335.389
331.472
332.441
333.786
345.948
338.003
345.003
347.957
349.862
342.097
338.58
328.477
337.534
325.205
324.566
319.738
322.703
310.375
312.388
330.641
314.373
308.645
325.762
313.348
313.783
318.045
329.477
327.455
348.343
337.121
338.049
336.948
335.012
351.975
352.997
349.993
339.909
337.86
341.69
347.925
346.988
338.829
335.158
331.161
337.219
344.224
339.188
343.198
342.109
341.792
343.049
352.075
339.006
337.998
347.046
340.03
346.049
346.074
343
349.072
340.84
330.683
343.006
334.977
334.977
334.977
