337
358.803
347.729
343.754
346.727
344.733
350.632
353.615
347.709
357.688
356.565
346.591
337.624
325.131
314.775
319.248
329.585
331.218
314.993
329.533
291.448
291.176
293.233
288.809
296.754
298.857
293.042
298.209
297.647
284.555
308.717
311.846
329.208
314.731
351.625
344.86
341.395
357.516
339.612
349.564
343.029
339.066
357.959
354.996
353.717
360.453
349.546
340.497
344.143
343.917
346.474
343.539
353.027
341.071
337.977
338.912
324.619
335.075
341.959
324.58
325.042
340.454
349.88
336.857
335.389
339.472
356.441
339.786
352.948
350.003
342.003
346.957
353.862
351.097
348.58
344.477
341.534
330.205
345.566
321.738
334.703
295.375
321.388
330.641
318.373
330.645
326.762
338.348
336.783
342.045
333.477
338.455
360.343
347.121
349.049
352.948
342.012
338.975
339.997
349.993
343.909
347.86
350.69
348.925
358.988
363.829
346.158
362.161
338.219
351.224
341.188
360.198
341.109
337.792
362.049
356.075
334.006
345.998
361.046
350.03
345.049
355.074
351
369.072
353.84
352.683
350.006
354.977
354.977
354.977
