349
340.803
342.729
352.754
349.727
348.733
344.632
338.615
355.709
348.688
342.565
356.591
338.624
344.131
315.775
322.248
314.585
329.218
311.993
317.533
294.448
300.176
286.233
282.809
296.754
293.857
292.042
289.209
299.647
300.555
294.717
313.846
315.208
324.731
332.625
334.86
353.395
339.516
348.612
348.564
354.029
343.066
344.959
347.996
339.717
343.453
353.546
356.497
330.143
340.917
348.474
325.539
341.027
333.071
319.977
328.912
327.619
323.075
325.959
339.58
338.042
328.454
340.88
359.857
346.389
335.472
332.441
338.786
340.948
340.003
346.003
350.957
351.862
327.097
335.58
338.477
355.534
329.205
333.566
334.738
319.703
325.375
313.388
319.641
315.373
315.645
318.762
321.348
325.783
330.045
336.477
347.455
332.343
341.121
345.049
346.948
343.012
364.975
338.997
351.993
338.909
348.86
333.69
345.925
352.988
348.829
345.158
359.161
344.219
351.224
334.188
340.198
357.109
341.792
354.049
366.075
337.006
339.998
351.046
350.03
333.049
364.074
351
336.072
351.84
332.683
341.006
347.977
347.977
347.977
