342
338.803
334.729
339.754
331.727
332.733
334.632
329.615
334.709
334.688
333.565
335.591
333.624
328.131
312.775
308.248
315.585
314.218
309.993
306.533
281.448
277.176
287.233
273.809
280.754
280.857
288.042
288.209
279.647
282.555
287.717
304.846
308.208
313.731
322.625
334.86
338.395
328.516
329.612
333.564
334.029
335.066
336.959
337.996
329.717
334.453
334.546
337.497
337.143
331.917
321.474
326.539
317.027
324.071
323.977
318.912
321.619
331.075
324.959
319.58
327.042
334.454
335.88
324.857
338.389
335.472
333.441
337.786
333.948
337.003
333.003
337.957
343.862
343.097
329.58
334.477
340.534
326.205
333.566
323.738
315.703
304.375
314.388
308.641
310.373
312.645
313.762
311.348
317.783
316.045
322.477
323.455
338.343
336.121
338.049
338.948
340.012
331.975
341.997
344.993
332.909
340.86
335.69
336.925
331.988
334.829
336.158
341.161
337.219
344.224
343.188
339.198
341.109
338.792
334.049
332.075
345.006
337.998
342.046
337.03
342.049
338.074
339
345.072
342.84
335.683
337.006
331.977
331.977
331.977
