344
356.803
349.729
344.754
343.727
335.733
351.632
337.615
341.709
340.688
332.565
347.591
343.624
342.131
319.775
331.248
315.585
317.218
316.993
316.533
295.448
308.176
289.233
295.809
288.754
279.857
276.042
288.209
290.647
291.555
298.717
313.846
313.208
330.731
332.625
323.86
336.395
337.516
341.612
344.564
348.029
336.066
356.959
351.996
340.717
338.453
344.546
344.497
335.143
337.917
335.474
322.539
335.027
333.071
327.977
333.912
336.619
323.075
336.959
329.58
328.042
344.454
331.88
340.857
346.389
346.472
341.441
353.786
347.948
341.003
335.003
344.957
340.862
355.097
341.58
331.477
344.534
324.205
329.566
316.738
322.703
314.375
321.388
325.641
329.373
310.645
313.762
315.348
331.783
326.045
320.477
334.455
335.343
328.121
343.049
334.948
338.012
348.975
342.997
341.993
354.909
344.86
348.69
365.925
345.988
346.829
347.158
341.161
343.219
336.224
352.188
339.198
354.109
346.792
337.049
347.075
345.006
335.998
350.046
350.03
359.049
347.074
349
332.072
339.84
334.683
342.006
352.977
352.977
352.977
