332
345.803
344.729
328.754
352.727
341.733
341.632
346.615
356.709
349.688
334.565
344.591
342.624
334.131
331.775
330.248
316.585
329.218
319.993
312.533
292.448
303.176
304.233
293.809
291.754
296.857
302.042
310.209
311.647
294.555
307.717
317.846
314.208
315.731
341.625
340.86
348.395
354.516
354.612
362.564
342.029
339.066
344.959
341.996
346.717
358.453
353.546
350.497
348.143
337.917
336.474
341.539
342.027
340.071
342.977
337.912
339.619
346.075
349.959
331.58
334.042
331.454
331.88
350.857
350.389
345.472
348.441
340.786
344.948
356.003
342.003
352.957
364.862
348.097
342.58
338.477
342.534
347.205
342.566
328.738
315.703
326.375
323.388
328.641
314.373
331.645
324.762
305.348
326.783
317.045
327.477
337.455
362.343
338.121
341.049
352.948
351.012
358.975
353.997
364.993
348.909
361.86
353.69
347.925
347.988
355.829
357.158
350.161
337.219
343.224
356.188
339.198
341.109
362.792
365.049
346.075
341.006
349.998
346.046
359.03
353.049
348.074
343
357.072
347.84
340.683
351.006
356.977
356.977
356.977
