338
337.803
341.729
324.754
331.727
329.733
337.632
342.615
347.709
337.688
337.565
347.591
329.624
331.131
314.775
302.248
326.585
317.218
311.993
320.533
295.448
289.176
285.233
281.809
285.754
282.857
290.042
288.209
288.647
289.555
286.717
316.846
314.208
324.731
323.625
331.86
332.395
332.516
339.612
336.564
349.029
348.066
336.959
337.996
345.717
341.453
332.546
335.497
337.143
338.917
335.474
322.539
322.027
326.071
332.977
326.912
333.619
337.075
332.959
326.58
324.042
332.454
341.88
333.857
340.389
331.472
340.441
335.786
339.948
333.003
345.003
340.957
342.862
339.097
344.58
343.477
327.534
338.205
325.566
314.738
320.703
325.375
310.388
326.641
310.373
316.645
315.762
324.348
321.783
323.045
328.477
332.455
347.343
343.121
336.049
349.948
347.012
341.975
338.997
344.993
339.909
348.86
335.69
352.925
343.988
340.829
337.158
334.161
351.219
352.224
344.188
353.198
336.109
330.792
341.049
344.075
346.006
340.998
344.046
341.03
344.049
333.074
337
340.072
345.84
338.683
333.006
340.977
340.977
340.977
