335
329.803
331.729
329.754
334.727
335.733
334.632
330.615
335.709
331.688
330.565
329.591
327.624
325.131
313.775
305.248
313.585
312.218
304.993
307.533
277.448
283.176
279.233
273.809
279.754
275.857
284.042
278.209
286.647
281.555
287.717
309.846
305.208
313.731
317.625
332.86
331.395
329.516
336.612
330.564
338.029
340.066
334.959
333.996
334.717
330.453
330.546
330.497
331.143
331.917
322.474
321.539
326.027
320.071
320.977
320.912
317.619
321.075
318.959
320.58
326.042
327.454
332.88
331.857
334.389
331.472
331.441
331.786
333.948
333.003
335.003
333.957
337.862
335.097
331.58
329.477
329.534
326.205
322.566
320.738
315.703
311.375
305.388
314.641
305.373
310.645
309.762
311.348
310.783
313.045
317.477
322.455
335.343
332.121
338.049
339.948
340.012
333.975
338.997
332.993
337.909
338.86
336.69
339.925
337.988
329.829
333.158
340.161
340.219
340.224
340.188
339.198
333.109
330.792
339.049
338.075
339.006
339.998
338.046
334.03
338.049
335.074
333
333.072
338.84
331.683
335.006
332.977
332.977
332.977
