341
340.803
333.729
334.754
338.727
341.733
336.632
329.615
337.709
327.688
327.565
343.591
325.624
317.131
312.775
315.248
316.585
308.218
313.993
306.533
286.448
280.176
279.233
276.809
280.754
283.857
279.042
286.209
286.647
282.555
298.717
315.846
316.208
315.731
324.625
334.86
338.395
331.516
338.612
329.564
342.029
342.066
335.959
335.996
338.717
334.453
345.546
334.497
335.143
333.917
327.474
323.539
325.027
319.071
328.977
319.912
320.619
329.075
327.959
318.58
322.042
329.454
330.88
333.857
338.389
341.472
332.441
334.786
337.948
342.003
347.003
340.957
340.862
341.097
341.58
338.477
333.534
317.205
320.566
329.738
317.703
315.375
315.388
305.641
311.373
313.645
318.762
314.348
321.783
318.045
319.477
325.455
335.343
337.121
336.049
334.948
338.012
330.975
341.997
343.993
339.909
330.86
337.69
335.925
342.988
333.829
340.158
338.161
340.219
343.224
339.188
337.198
332.109
338.792
341.049
343.075
344.006
335.998
329.046
346.03
340.049
333.074
344
341.072
341.84
334.683
336.006
335.977
335.977
335.977
