342
335.803
335.729
333.754
328.727
340.733
339.632
332.615
331.709
336.688
334.565
329.591
328.624
330.131
312.775
311.248
308.585
311.218
309.993
306.533
286.448
280.176
277.233
272.809
277.754
275.857
277.042
281.209
281.647
291.555
287.717
304.846
309.208
307.731
319.625
327.86
334.395
333.516
336.612
334.564
333.029
338.066
338.959
337.996
334.717
334.453
327.546
327.497
324.143
331.917
325.474
320.539
324.027
319.071
328.977
328.912
321.619
318.075
325.959
315.58
324.042
326.454
333.88
325.857
335.389
333.472
333.441
340.786
343.948
343.003
338.003
331.957
336.862
344.097
335.58
336.477
330.534
324.205
322.566
320.738
307.703
310.375
305.388
319.641
304.373
317.645
310.762
308.348
308.783
317.045
320.477
326.455
334.343
331.121
340.049
338.948
339.012
335.975
344.997
331.993
342.909
337.86
334.69
338.925
335.988
339.829
333.158
337.161
333.219
343.224
333.188
339.198
340.109
328.792
333.049
344.075
332.006
336.998
336.046
333.03
340.049
337.074
334
344.072
330.84
335.683
340.006
333.977
333.977
333.977
