356
343.803
344.729
346.754
343.727
346.733
347.632
333.615
350.709
338.688
325.565
358.591
336.624
320.131
317.775
325.248
331.585
315.218
330.993
311.533
290.448
287.176
286.233
293.809
302.754
287.857
283.042
292.209
292.647
292.555
309.717
322.846
333.208
329.731
324.625
336.86
349.395
338.516
343.612
339.564
341.029
351.066
360.959
345.996
351.717
348.453
353.546
338.497
343.143
333.917
336.474
332.539
327.027
327.071
321.977
330.912
336.619
325.075
344.959
326.58
327.042
335.454
343.88
346.857
346.389
348.472
341.441
345.786
344.948
348.003
360.003
343.957
356.862
350.097
353.58
361.477
348.534
331.205
333.566
340.738
327.703
311.375
314.388
320.641
322.373
325.645
333.762
329.348
337.783
334.045
322.477
333.455
354.343
351.121
352.049
343.948
362.012
334.975
357.997
348.993
354.909
344.86
357.69
344.925
348.988
351.829
347.158
340.161
350.219
352.224
340.188
353.198
341.109
346.792
345.049
353.075
352.006
346.998
341.046
350.03
343.049
334.074
347
340.072
353.84
344.683
351.006
338.977
338.977
338.977
