347
329.803
342.729
337.754
334.727
341.733
337.632
330.615
345.709
337.688
337.565
327.591
331.624
321.131
316.775
317.248
310.585
309.218
305.993
311.533
292.448
279.176
289.233
280.809
283.754
272.857
281.042
278.209
287.647
289.555
291.717
311.846
311.208
313.731
318.625
329.86
336.395
334.516
340.612
331.564
346.029
341.066
344.959
334.996
334.717
331.453
334.546
332.497
340.143
326.917
331.474
318.539
330.027
327.071
325.977
329.912
311.619
319.075
320.959
319.58
332.042
328.454
337.88
334.857
337.389
342.472
330.441
338.786
339.948
334.003
344.003
329.957
337.862
346.097
333.58
336.477
338.534
333.205
327.566
326.738
311.703
308.375
314.388
314.641
321.373
315.645
323.762
320.348
321.783
320.045
326.477
332.455
333.343
330.121
333.049
348.948
337.012
338.975
332.997
331.993
339.909
341.86
332.69
338.925
341.988
344.829
348.158
348.161
336.219
341.224
348.188
341.198
347.109
338.792
347.049
341.075
350.006
345.998
336.046
343.03
343.049
342.074
341
335.072
339.84
330.683
341.006
345.977
345.977
345.977
