336
336.803
334.729
335.754
335.727
336.733
336.632
329.615
334.709
329.688
329.565
339.591
326.624
319.131
314.775
310.248
312.585
310.218
310.993
306.533
286.448
275.176
281.233
278.809
275.754
279.857
281.042
287.209
283.647
278.555
298.717
310.846
312.208
311.731
320.625
331.86
334.395
331.516
338.612
330.564
337.029
344.066
336.959
336.996
334.717
334.453
341.546
329.497
330.143
328.917
323.474
320.539
325.027
319.071
325.977
316.912
320.619
326.075
323.959
318.58
318.042
325.454
326.88
334.857
334.389
341.472
334.441
330.786
337.948
337.003
344.003
337.957
340.862
338.097
336.58
340.477
334.534
318.205
322.566
326.738
313.703
310.375
311.388
307.641
312.373
313.645
313.762
310.348
317.783
315.045
320.477
325.455
330.343
334.121
338.049
335.948
340.012
330.975
337.997
339.993
335.909
331.86
333.69
331.925
338.988
330.829
336.158
333.161
340.219
338.224
336.188
333.198
333.109
339.792
338.049
339.075
340.006
337.998
331.046
343.03
336.049
333.074
340
338.072
337.84
329.683
338.006
331.977
331.977
331.977
