358
334.803
355.729
336.754
327.727
332.733
353.632
353.615
353.709
341.688
335.565
333.591
337.624
332.131
323.775
330.248
332.585
321.218
326.993
305.533
292.448
297.176
298.233
287.809
286.754
281.857
283.042
297.209
286.647
302.555
295.717
313.846
327.208
331.731
325.625
341.86
358.395
336.516
327.612
342.564
355.029
347.066
357.959
364.996
354.717
346.453
341.546
344.497
325.143
350.917
332.474
320.539
337.027
333.071
333.977
340.912
336.619
330.075
330.959
314.58
334.042
339.454
330.88
344.857
332.389
344.472
338.441
343.786
334.948
349.003
340.003
337.957
349.862
348.097
343.58
353.477
347.534
330.205
330.566
326.738
320.703
316.375
325.388
331.641
318.373
320.645
333.762
322.348
318.783
332.045
333.477
338.455
348.343
339.121
355.049
345.948
339.012
349.975
348.997
358.993
348.909
342.86
341.69
346.925
346.988
345.829
350.158
339.161
349.219
342.224
342.188
345.198
342.109
347.792
344.049
335.075
350.006
354.998
342.046
333.03
344.049
340.074
336
350.072
343.84
338.683
344.006
347.977
347.977
347.977
