342
334.803
334.729
329.754
340.727
332.733
341.632
334.615
334.709
334.688
334.565
333.591
326.624
330.131
312.775
311.248
311.585
311.218
313.993
306.533
287.448
289.176
281.233
279.809
277.754
273.857
276.042
283.209
285.647
285.555
293.717
310.846
305.208
311.731
321.625
326.86
333.395
335.516
336.612
334.564
334.029
331.066
337.959
333.996
329.717
333.453
330.546
332.497
329.143
332.917
328.474
321.539
324.027
331.071
320.977
323.912
327.619
323.075
326.959
319.58
323.042
328.454
330.88
335.857
332.389
338.472
335.441
334.786
337.948
335.003
335.003
337.957
335.862
344.097
338.58
333.477
335.534
321.205
321.566
315.738
312.703
305.375
306.388
317.641
314.373
308.645
313.762
308.348
320.783
316.045
313.477
325.455
330.343
329.121
333.049
332.948
333.012
343.975
337.997
331.993
338.909
331.86
336.69
344.925
332.988
340.829
337.158
338.161
339.219
332.224
345.188
334.198
339.109
334.792
339.049
342.075
339.006
332.998
341.046
340.03
342.049
344.074
344
333.072
338.84
331.683
339.006
342.977
342.977
342.977
