361
343.803
349.729
332.754
340.727
346.733
351.632
359.615
351.709
356.688
345.565
335.591
350.624
336.131
319.775
318.248
322.585
334.218
333.993
319.533
297.448
282.176
307.233
288.809
293.754
303.857
275.042
272.209
299.647
313.555
304.717
308.846
321.208
338.731
329.625
334.86
339.395
345.516
358.612
343.564
337.029
357.066
362.959
345.996
350.717
330.453
343.546
348.497
340.143
335.917
343.474
330.539
316.027
313.071
343.977
334.912
327.619
325.075
349.959
334.58
332.042
336.454
323.88
351.857
336.389
351.472
328.441
360.786
361.948
358.003
337.003
361.957
342.862
348.097
336.58
355.477
338.534
327.205
338.566
326.738
318.703
303.375
319.388
315.641
317.373
319.645
323.762
328.348
322.783
329.045
330.477
340.455
347.343
342.121
342.049
344.948
354.012
347.975
354.997
356.993
338.909
344.86
348.69
345.925
343.988
349.829
366.158
354.161
343.219
345.224
353.188
351.198
349.109
348.792
345.049
344.075
356.006
333.998
363.046
359.03
335.049
345.074
352
348.072
341.84
346.683
357.006
350.977
350.977
350.977
