338
334.803
335.729
329.754
335.727
329.733
336.632
334.615
335.709
335.688
331.565
334.591
327.624
325.131
309.775
306.248
308.585
311.218
310.993
306.533
282.448
284.176
277.233
279.809
274.754
274.857
277.042
279.209
285.647
287.555
289.717
306.846
305.208
308.731
317.625
327.86
330.395
330.516
336.612
335.564
334.029
333.066
339.959
334.996
330.717
334.453
330.546
334.497
326.143
327.917
323.474
322.539
325.027
326.071
320.977
320.912
322.619
319.075
323.959
320.58
324.042
324.454
325.88
330.857
334.389
335.472
335.441
331.786
334.948
335.003
335.003
333.957
332.862
339.097
334.58
335.477
330.534
321.205
323.566
315.738
313.703
306.375
307.388
314.641
311.373
308.645
314.762
305.348
315.783
318.045
315.477
322.455
331.343
331.121
333.049
332.948
335.012
339.975
338.997
332.993
339.909
333.86
331.69
339.925
334.988
336.829
334.158
340.161
340.219
334.224
340.188
335.198
339.109
330.792
335.049
338.075
339.006
334.998
338.046
340.03
338.049
340.074
340
334.072
333.84
331.683
340.006
339.977
339.977
339.977
