344
334.803
335.729
336.754
334.727
349.733
341.632
333.615
335.709
338.688
337.565
336.591
336.624
333.131
310.775
314.248
313.585
320.218
310.993
305.533
295.448
283.176
275.233
271.809
281.754
281.857
278.042
288.209
286.647
287.555
291.717
307.846
314.208
306.731
326.625
334.86
337.395
340.516
344.612
336.564
343.029
339.066
340.959
335.996
341.717
341.453
329.546
328.497
326.143
334.917
325.474
330.539
328.027
323.071
337.977
332.912
323.619
317.075
328.959
316.58
327.042
328.454
338.88
329.857
336.389
336.472
329.441
342.786
345.948
341.003
345.003
340.957
337.862
348.097
332.58
336.477
330.534
327.205
319.566
320.738
304.703
309.375
314.388
323.641
309.373
321.645
314.762
309.348
311.783
326.045
328.477
323.455
338.343
338.121
348.049
342.948
338.012
332.975
345.997
337.993
350.909
347.86
341.69
341.925
337.988
336.829
336.158
334.161
336.219
341.224
330.188
344.198
336.109
329.792
340.049
347.075
336.006
335.998
338.046
343.03
344.049
346.074
332
347.072
334.84
342.683
348.006
342.977
342.977
342.977
