345
346.803
331.729
336.754
338.727
326.733
335.632
331.615
338.709
340.688
339.565
334.591
331.624
326.131
310.775
315.248
318.585
303.218
317.993
315.533
272.448
283.176
280.233
290.809
276.754
278.857
282.042
282.209
288.647
287.555
308.717
310.846
314.208
311.731
322.625
332.86
328.395
345.516
338.612
335.564
348.029
349.066
336.959
341.996
337.717
331.453
335.546
334.497
338.143
321.917
344.474
331.539
322.027
324.071
324.977
322.912
331.619
334.075
331.959
332.58
326.042
332.454
338.88
331.857
343.389
337.472
332.441
332.786
343.948
339.003
342.003
347.957
339.862
342.097
342.58
332.477
335.534
333.205
325.566
316.738
324.703
307.375
324.388
310.641
318.373
314.645
310.762
316.348
312.783
328.045
320.477
326.455
340.343
351.121
355.049
337.948
338.012
341.975
345.997
340.993
334.909
347.86
338.69
349.925
339.988
352.829
345.158
342.161
347.219
338.224
326.188
334.198
347.109
332.792
352.049
327.075
336.006
346.998
339.046
349.03
343.049
350.074
349
338.072
334.84
337.683
333.006
333.977
333.977
333.977
