347
343.803
347.729
348.754
346.727
350.733
337.632
358.615
347.709
347.688
346.565
346.591
330.624
328.131
324.775
323.248
336.585
308.218
309.993
329.533
294.448
281.176
309.233
284.809
278.754
291.857
306.042
290.209
317.647
296.555
294.717
316.846
314.208
330.731
331.625
352.86
336.395
343.516
343.612
363.564
338.029
343.066
350.959
354.996
341.717
339.453
345.546
343.497
345.143
332.917
339.474
323.539
334.027
327.071
340.977
324.912
336.619
340.075
336.959
322.58
347.042
327.454
342.88
342.857
336.389
339.472
337.441
344.786
344.948
343.003
351.003
352.957
350.862
344.097
341.58
329.477
343.534
327.205
327.566
330.738
340.703
314.375
316.388
337.641
321.373
314.645
330.762
319.348
327.783
314.045
328.477
329.455
355.343
351.121
335.049
354.948
336.012
362.975
352.997
353.993
347.909
338.86
346.69
359.925
357.988
343.829
343.158
342.161
345.219
351.224
351.188
360.198
348.109
355.792
344.049
361.075
342.006
338.998
352.046
349.03
346.049
346.074
344
352.072
347.84
328.683
353.006
341.977
341.977
341.977
