339
334.803
333.729
330.754
340.727
329.733
337.632
334.615
334.709
339.688
336.565
331.591
328.624
318.131
312.775
312.248
317.585
310.218
309.993
306.533
285.448
283.176
282.233
272.809
273.754
277.857
281.042
278.209
284.647
284.555
289.717
309.846
311.208
313.731
316.625
324.86
335.395
333.516
336.612
339.564
333.029
342.066
338.959
336.996
339.717
330.453
333.546
334.497
331.143
326.917
326.474
320.539
321.027
324.071
322.977
317.912
316.619
330.075
328.959
320.58
324.042
331.454
331.88
325.857
328.389
335.472
334.441
333.786
339.948
343.003
340.003
336.957
338.862
339.097
329.58
329.477
330.534
327.205
334.566
327.738
315.703
314.375
315.388
312.641
309.373
307.645
307.762
312.348
314.783
311.045
321.477
328.455
330.343
325.121
338.049
340.948
341.012
332.975
337.997
338.993
335.909
336.86
328.69
335.925
338.988
339.829
337.158
338.161
344.219
340.224
334.188
340.198
338.109
338.792
339.049
342.075
336.006
336.998
331.046
338.03
336.049
338.074
332
339.072
337.84
330.683
340.006
331.977
331.977
331.977
