346
347.803
323.729
341.754
346.727
329.733
336.632
346.615
337.709
351.688
334.565
340.591
329.624
333.131
319.775
315.248
324.585
321.218
307.993
315.533
279.448
280.176
279.233
289.809
290.754
285.857
291.042
298.209
277.647
286.555
289.717
303.846
317.208
322.731
320.625
335.86
342.395
341.516
333.612
346.564
344.029
341.066
341.959
345.996
343.717
336.453
335.546
330.497
343.143
325.917
323.474
310.539
333.027
320.071
323.977
318.912
326.619
316.075
325.959
332.58
330.042
345.454
341.88
330.857
339.389
342.472
340.441
336.786
338.948
341.003
346.003
358.957
339.862
332.097
331.58
352.477
343.534
329.205
333.566
325.738
320.703
310.375
319.388
315.641
319.373
312.645
317.762
328.348
315.783
322.045
323.477
330.455
346.343
333.121
339.049
348.948
340.012
336.975
348.997
341.993
353.909
339.86
337.69
336.925
351.988
335.829
353.158
339.161
340.219
340.224
334.188
339.198
337.109
337.792
340.049
342.075
346.006
351.998
332.046
344.03
340.049
338.074
346
350.072
341.84
334.683
345.006
346.977
346.977
346.977
