342
341.803
339.729
333.754
334.727
335.733
339.632
342.615
357.709
335.688
333.565
355.591
335.624
336.131
318.775
305.248
331.585
319.218
319.993
318.533
299.448
294.176
283.233
283.809
293.754
285.857
293.042
291.209
294.647
297.555
294.717
319.846
312.208
325.731
323.625
338.86
335.395
340.516
340.612
336.564
346.029
355.066
337.959
338.996
349.717
350.453
340.546
342.497
335.143
337.917
332.474
329.539
331.027
328.071
341.977
333.912
330.619
339.075
336.959
324.58
327.042
335.454
339.88
337.857
337.389
337.472
339.441
344.786
343.948
331.003
348.003
337.957
346.862
343.097
342.58
348.477
335.534
341.205
327.566
317.738
318.703
332.375
319.388
330.641
307.373
323.645
314.762
324.348
325.783
324.045
335.477
342.455
352.343
346.121
341.049
353.948
350.012
340.975
336.997
348.993
336.909
351.86
345.69
356.925
345.988
345.829
340.158
335.161
352.219
360.224
353.188
356.198
339.109
328.792
345.049
341.075
345.006
349.998
341.046
338.03
347.049
343.074
338
343.072
353.84
337.683
330.006
342.977
342.977
342.977
