342
342.803
340.729
329.754
331.727
332.733
340.632
342.615
352.709
336.688
335.565
350.591
332.624
336.131
314.775
306.248
331.585
316.218
316.993
318.533
295.448
294.176
283.233
280.809
289.754
285.857
289.042
287.209
291.647
294.555
289.717
320.846
314.208
327.731
323.625
335.86
337.395
337.516
342.612
336.564
347.029
351.066
334.959
335.996
345.717
346.453
335.546
339.497
335.143
338.917
333.474
325.539
327.027
329.071
337.977
329.912
332.619
335.075
336.959
324.58
324.042
336.454
339.88
338.857
338.389
334.472
339.441
340.786
338.948
332.003
345.003
339.957
347.862
338.097
344.58
348.477
331.534
343.205
324.566
312.738
320.703
329.375
314.388
331.641
308.373
320.645
315.762
324.348
321.783
326.045
331.477
337.455
352.343
341.121
341.049
354.948
346.012
341.975
336.997
343.993
338.909
353.86
340.69
352.925
346.988
340.829
335.158
332.161
349.219
355.224
348.188
352.198
340.109
328.792
341.049
342.075
346.006
345.998
343.046
339.03
342.049
338.074
335
338.072
349.84
337.683
332.006
338.977
338.977
338.977
