343
345.803
341.729
328.754
338.727
331.733
336.632
349.615
337.709
358.688
351.565
334.591
338.624
327.131
322.775
320.248
332.585
323.218
314.993
311.533
287.448
289.176
285.233
280.809
286.754
280.857
290.042
281.209
291.647
301.555
298.717
322.846
316.208
318.731
323.625
321.86
335.395
345.516
355.612
349.564
339.029
342.066
350.959
354.996
357.717
335.453
349.546
344.497
342.143
323.917
318.474
335.539
334.027
336.071
318.977
327.912
315.619
338.075
338.959
337.58
325.042
341.454
343.88
328.857
351.389
343.472
328.441
344.786
340.948
347.003
352.003
342.957
354.862
348.097
330.58
330.477
347.534
335.205
337.566
339.738
317.703
328.375
321.388
310.641
320.373
318.645
316.762
323.348
307.783
325.045
336.477
339.455
327.343
329.121
345.049
344.948
345.012
337.975
343.997
336.993
351.909
344.86
334.69
337.925
356.988
347.829
345.158
350.161
347.219
347.224
340.188
346.198
346.109
343.792
350.049
362.075
346.006
349.998
338.046
343.03
340.049
349.074
339
348.072
346.84
340.683
350.006
331.977
331.977
331.977
