342
343.803
325.729
338.754
342.727
331.733
337.632
342.615
338.709
347.688
331.565
335.591
325.624
334.131
320.775
312.248
319.585
316.218
302.993
311.533
280.448
281.176
276.233
290.809
285.754
281.857
286.042
293.209
277.647
287.555
290.717
305.846
312.208
317.731
316.625
336.86
343.395
336.516
335.612
343.564
340.029
336.066
337.959
347.996
339.717
332.453
332.546
332.497
339.143
327.917
324.474
310.539
328.027
320.071
324.977
319.912
326.619
318.075
320.959
327.58
325.042
342.454
337.88
326.857
339.389
337.472
336.441
331.786
335.948
337.003
348.003
353.957
334.862
329.097
328.58
349.477
338.534
329.205
329.566
322.738
316.703
311.375
314.388
315.641
314.373
309.645
317.762
325.348
312.783
322.045
325.477
330.455
342.343
334.121
340.049
344.948
336.012
336.975
344.997
338.993
349.909
335.86
334.69
333.925
346.988
335.829
348.158
340.161
341.219
341.224
330.188
335.198
333.109
332.792
342.049
343.075
343.006
346.998
332.046
344.03
340.049
339.074
347
346.072
342.84
334.683
345.006
346.977
346.977
346.977
