334
330.803
330.729
335.754
334.727
334.733
331.632
329.615
329.709
336.688
331.565
336.591
327.624
321.131
315.775
311.248
310.585
312.218
304.993
301.533
282.448
279.176
279.233
278.809
273.754
278.857
282.042
279.209
287.647
280.555
287.717
305.846
307.208
314.731
316.625
330.86
335.395
331.516
329.612
330.564
339.029
339.066
339.959
334.996
331.717
330.453
331.546
334.497
328.143
327.917
328.474
321.539
321.027
319.071
320.977
323.912
320.619
325.075
318.959
316.58
325.042
324.454
330.88
332.857
336.389
334.472
335.441
329.786
332.948
338.003
340.003
337.957
338.862
340.097
330.58
331.477
329.534
324.205
322.566
322.738
308.703
310.375
310.388
315.641
312.373
315.645
310.762
310.348
313.783
319.045
317.477
322.455
335.343
326.121
338.049
333.948
335.012
333.975
338.997
332.993
334.909
334.86
334.69
334.925
338.988
329.829
333.158
333.161
333.219
333.224
339.188
338.198
334.109
330.792
340.049
333.075
340.006
339.998
334.046
333.03
335.049
335.074
338
333.072
332.84
335.683
338.006
337.977
337.977
337.977
