336
342.803
353.729
345.754
331.727
333.733
340.632
344.615
348.709
339.688
337.565
337.591
323.624
324.131
315.775
312.248
323.585
315.218
326.993
316.533
275.448
300.176
282.233
286.809
285.754
293.857
293.042
299.209
298.647
281.555
291.717
321.846
316.208
315.731
329.625
339.86
343.395
341.516
343.612
347.564
343.029
343.066
340.959
348.996
330.717
333.453
343.546
340.497
344.143
348.917
320.474
331.539
329.027
335.071
323.977
323.912
332.619
344.075
334.959
329.58
326.042
333.454
337.88
342.857
330.389
343.472
342.441
349.786
348.948
348.003
347.003
336.957
345.862
349.097
342.58
335.477
350.534
334.205
337.566
326.738
334.703
317.375
321.388
314.641
328.373
320.645
317.762
316.348
322.783
322.045
323.477
342.455
337.343
337.121
351.049
349.948
350.012
340.975
343.997
361.993
353.909
340.86
328.69
335.925
345.988
341.829
338.158
340.161
349.219
341.224
351.188
351.198
339.109
333.792
340.049
332.075
340.006
346.998
344.046
346.03
341.049
350.074
339
347.072
348.84
351.683
358.006
339.977
339.977
339.977
