332
339.803
339.729
329.754
345.727
339.733
336.632
334.615
344.709
338.688
327.565
340.591
337.624
334.131
321.775
318.248
321.585
321.218
312.993
303.533
286.448
295.176
294.233
292.809
283.754
287.857
291.042
292.209
293.647
292.555
304.717
313.846
309.208
310.731
331.625
336.86
335.395
348.516
342.612
354.564
339.029
344.066
339.959
344.996
339.717
346.453
342.546
348.497
344.143
343.917
331.474
329.539
342.027
333.071
336.977
324.912
332.619
337.075
335.959
327.58
326.042
337.454
338.88
339.857
341.389
341.472
341.441
334.786
343.948
350.003
344.003
345.957
359.862
342.097
339.58
332.477
340.534
334.205
340.566
326.738
318.703
314.375
322.388
320.641
313.373
320.645
324.762
306.348
318.783
312.045
314.477
325.455
351.343
331.121
339.049
346.948
350.012
350.975
347.997
353.993
338.909
348.86
345.69
341.925
346.988
349.829
349.158
339.161
334.219
335.224
346.188
339.198
344.109
349.792
350.049
339.075
335.006
339.998
344.046
347.03
347.049
348.074
338
345.072
347.84
337.683
345.006
347.977
347.977
347.977
