335
333.803
332.729
332.754
340.727
340.733
325.632
332.615
330.709
331.688
344.565
348.591
332.624
323.131
317.775
319.248
318.585
314.218
311.993
301.533
288.448
286.176
279.233
286.809
275.754
278.857
289.042
287.209
288.647
290.555
293.717
306.846
316.208
321.731
323.625
336.86
336.395
341.516
335.612
343.564
337.029
344.066
347.959
342.996
329.717
344.453
329.546
347.497
336.143
334.917
335.474
331.539
332.027
322.071
326.977
324.912
328.619
328.075
323.959
317.58
320.042
332.454
331.88
346.857
337.389
342.472
341.441
334.786
335.948
341.003
344.003
351.957
342.862
344.097
336.58
340.477
334.534
330.205
330.566
320.738
311.703
320.375
309.388
321.641
320.373
321.645
313.762
311.348
320.783
316.045
321.477
319.455
339.343
328.121
346.049
344.948
343.012
332.975
333.997
340.993
335.909
341.86
341.69
335.925
336.988
330.829
335.158
344.161
338.219
339.224
340.188
344.198
335.109
336.792
342.049
335.075
341.006
339.998
338.046
342.03
339.049
349.074
341
338.072
339.84
337.683
347.006
341.977
341.977
341.977
