342
338.803
337.729
333.754
343.727
330.733
344.632
334.615
337.709
332.688
337.565
331.591
329.624
335.131
315.775
316.248
314.585
316.218
313.993
309.533
286.448
294.176
284.233
283.809
275.754
278.857
280.042
282.209
285.647
288.555
292.717
314.846
303.208
316.731
325.625
325.86
336.395
334.516
339.612
339.564
338.029
334.066
342.959
338.996
327.717
338.453
328.546
335.497
334.143
336.917
327.474
324.539
329.027
334.071
320.977
322.912
331.619
328.075
329.959
318.58
323.042
332.454
333.88
340.857
332.389
343.472
333.441
334.786
337.948
335.003
334.003
341.957
333.862
349.097
342.58
331.477
335.534
325.205
324.566
318.738
315.703
309.375
311.388
320.641
314.373
313.645
317.762
313.348
319.783
319.045
311.477
329.455
328.343
327.121
333.049
330.948
338.012
343.975
336.997
335.993
342.909
334.86
341.69
348.925
337.988
344.829
340.158
341.161
337.219
335.224
345.188
334.198
343.109
334.792
339.049
347.075
338.006
331.998
345.046
345.03
347.049
347.074
347
333.072
341.84
329.683
337.006
340.977
340.977
340.977
