349
340.803
346.729
342.754
338.727
366.733
352.632
349.615
349.709
341.688
338.565
347.591
346.624
327.131
315.775
332.248
320.585
334.218
329.993
315.533
305.448
298.176
289.233
266.809
282.754
292.857
286.042
295.209
289.647
300.555
300.717
320.846
324.208
313.731
329.625
342.86
363.395
345.516
358.612
327.564
364.029
351.066
358.959
348.996
345.717
345.453
337.546
341.497
323.143
335.917
342.474
327.539
335.027
326.071
352.977
345.912
321.619
317.075
338.959
329.58
343.042
334.454
349.88
347.857
354.389
346.472
340.441
345.786
351.948
361.003
365.003
345.957
334.862
366.097
345.58
339.477
332.534
341.205
334.566
329.738
316.703
316.375
326.388
340.641
312.373
333.645
317.762
319.348
321.783
333.045
337.477
327.455
349.343
342.121
351.049
351.948
342.012
355.975
356.997
339.993
357.909
355.86
356.69
345.925
346.988
343.829
351.158
346.161
342.219
347.224
344.188
347.198
359.109
343.792
337.049
356.075
335.006
343.998
348.046
356.03
339.049
360.074
333
360.072
338.84
362.683
344.006
359.977
359.977
359.977
