349
333.803
335.729
336.754
338.727
352.733
339.632
338.615
339.709
337.688
336.565
340.591
341.624
331.131
313.775
312.248
312.585
324.218
314.993
304.533
295.448
287.176
275.233
270.809
281.754
284.857
283.042
287.209
289.647
291.555
296.717
312.846
314.208
305.731
329.625
333.86
342.395
344.516
343.612
335.564
347.029
338.066
344.959
335.996
340.717
339.453
328.546
331.497
324.143
334.917
323.474
328.539
328.027
322.071
342.977
335.912
321.619
316.075
327.959
315.58
327.042
332.454
338.88
334.857
336.389
339.472
327.441
341.786
343.948
345.003
350.003
339.957
336.862
351.097
337.58
339.477
328.534
332.205
323.566
318.738
303.703
313.375
319.388
326.641
313.373
320.645
313.762
313.348
316.783
326.045
333.477
323.455
338.343
341.121
353.049
347.948
341.012
335.975
350.997
340.993
354.909
346.86
345.69
345.925
341.988
335.829
340.158
338.161
336.219
346.224
330.188
344.198
336.109
329.792
340.049
346.075
336.006
334.998
341.046
342.03
342.049
350.074
330
351.072
333.84
347.683
347.006
341.977
341.977
341.977
