333
335.803
335.729
331.754
336.727
336.733
329.632
329.615
334.709
334.688
329.565
335.591
328.624
321.131
315.775
307.248
314.585
312.218
305.993
306.533
283.448
284.176
278.233
278.809
274.754
274.857
283.042
282.209
287.647
280.555
293.717
309.846
307.208
308.731
322.625
325.86
330.395
335.516
331.612
336.564
333.029
339.066
333.959
338.996
334.717
335.453
334.546
331.497
327.143
327.917
323.474
317.539
321.027
319.071
324.977
318.912
321.619
325.075
320.959
317.58
324.042
329.454
327.88
327.857
331.389
336.472
335.441
335.786
332.948
339.003
340.003
338.957
338.862
335.097
330.58
329.477
330.534
326.205
328.566
320.738
310.703
305.375
311.388
310.641
306.373
313.645
315.762
310.348
313.783
319.045
320.477
323.455
334.343
331.121
334.049
339.948
340.012
334.975
333.997
338.993
334.909
338.86
331.69
334.925
334.988
334.829
334.158
334.161
334.219
333.224
335.188
340.198
334.109
336.792
338.049
335.075
334.006
334.998
340.046
333.03
334.049
339.074
333
339.072
338.84
329.683
339.006
338.977
338.977
338.977
