343
343.803
334.729
338.754
343.727
343.733
341.632
333.615
339.709
336.688
330.565
343.591
329.624
327.131
309.775
311.248
311.585
322.218
315.993
310.533
288.448
287.176
283.233
275.809
288.754
288.857
281.042
278.209
294.647
292.555
297.717
306.846
313.208
314.731
322.625
332.86
343.395
343.516
331.612
342.564
344.029
345.066
344.959
342.996
331.717
339.453
337.546
346.497
324.143
334.917
337.474
323.539
331.027
326.071
323.977
326.912
312.619
318.075
321.959
327.58
333.042
328.454
333.88
342.857
347.389
333.472
337.441
334.786
334.948
331.003
339.003
340.957
341.862
332.097
332.58
336.477
349.534
325.205
334.566
328.738
312.703
320.375
309.388
317.641
315.373
317.645
318.762
314.348
316.783
319.045
331.477
333.455
327.343
336.121
340.049
345.948
336.012
352.975
344.997
353.993
339.909
346.86
330.69
330.925
341.988
342.829
342.158
346.161
342.219
346.224
330.188
344.198
344.109
331.792
353.049
348.075
331.006
334.998
342.046
346.03
331.049
352.074
344
341.072
345.84
325.683
335.006
341.977
341.977
341.977
