354
331.803
338.729
336.754
338.727
357.733
342.632
336.615
342.709
341.688
334.565
345.591
341.624
331.131
317.775
317.248
315.585
323.218
318.993
308.533
295.448
290.176
280.233
268.809
280.754
283.857
286.042
292.209
288.647
296.555
299.717
310.846
317.208
308.731
327.625
332.86
346.395
349.516
342.612
333.564
351.029
341.066
348.959
340.996
345.717
338.453
326.546
335.497
322.143
337.917
326.474
328.539
333.027
325.071
346.977
339.912
319.619
315.075
326.959
320.58
332.042
330.454
337.88
339.857
335.389
338.472
330.441
339.786
342.948
349.003
354.003
342.957
335.862
356.097
336.58
339.477
331.534
335.205
326.566
321.738
307.703
317.375
324.388
329.641
311.373
323.645
313.762
318.348
321.783
324.045
336.477
327.455
336.343
344.121
351.049
351.948
340.012
340.975
354.997
339.993
352.909
349.86
350.69
344.925
345.988
335.829
339.158
338.161
335.219
351.224
333.188
343.198
340.109
328.792
340.049
351.075
335.006
334.998
341.046
347.03
342.049
355.074
329
354.072
332.84
350.683
346.006
346.977
346.977
346.977
