335
331.803
334.729
331.754
335.727
330.733
334.632
336.615
336.709
334.688
336.565
331.591
328.624
320.131
314.775
312.248
314.585
305.218
306.993
301.533
282.448
278.176
278.233
273.809
274.754
274.857
282.042
278.209
281.647
280.555
289.717
309.846
306.208
308.731
316.625
325.86
331.395
329.516
331.612
335.564
334.029
338.066
339.959
338.996
335.717
331.453
329.546
336.497
331.143
326.917
322.474
320.539
321.027
320.071
318.977
319.912
316.619
326.075
323.959
321.58
326.042
328.454
326.88
327.857
330.389
330.472
331.441
330.786
334.948
338.003
335.003
337.957
334.862
334.097
329.58
330.477
331.534
324.205
329.566
322.738
310.703
310.375
312.388
309.641
310.373
309.645
308.762
312.348
315.783
312.045
316.477
323.455
331.343
327.121
335.049
337.948
338.012
334.975
334.997
338.993
337.909
338.86
330.69
332.925
338.988
334.829
333.158
338.161
339.219
335.224
334.188
335.198
340.109
335.792
335.049
339.075
338.006
337.998
333.046
335.03
338.049
339.074
334
340.072
332.84
331.683
335.006
333.977
333.977
333.977
