365
341.803
335.729
341.754
336.727
359.733
342.632
333.615
354.709
336.688
356.565
333.591
336.624
330.131
328.775
330.248
320.585
314.218
309.993
328.533
295.448
284.176
297.233
284.809
294.754
271.857
285.042
287.209
291.647
297.555
303.717
322.846
319.208
316.731
325.625
335.86
342.395
337.516
351.612
346.564
349.029
346.066
340.959
329.996
344.717
345.453
343.546
331.497
344.143
334.917
342.474
326.539
336.027
338.071
334.977
345.912
313.619
327.075
327.959
319.58
344.042
339.454
347.88
337.857
346.389
354.472
336.441
342.786
339.948
338.003
354.003
327.957
342.862
342.097
347.58
345.477
341.534
332.205
332.566
333.738
322.703
316.375
320.388
321.641
330.373
314.645
333.762
328.348
332.783
319.045
326.477
336.455
345.343
339.121
333.049
354.948
352.012
345.975
346.997
341.993
332.909
355.86
346.69
360.925
348.988
367.829
347.158
358.161
347.219
347.224
359.188
347.198
356.109
343.792
366.049
336.075
355.006
354.998
338.046
359.03
348.049
351.074
351
338.072
341.84
335.683
341.006
360.977
360.977
360.977
