347
342.803
347.729
351.754
349.727
354.733
335.632
363.615
352.709
346.688
346.565
344.591
329.624
331.131
327.775
323.248
340.585
313.218
308.993
328.533
292.448
280.176
314.233
288.809
282.754
295.857
304.042
288.209
320.647
296.555
294.717
321.846
319.208
329.731
335.625
355.86
341.395
342.516
341.612
363.564
338.029
341.066
355.959
358.996
341.717
337.453
345.546
346.497
350.143
332.917
339.474
323.539
338.027
327.071
340.977
322.912
335.619
340.075
336.959
321.58
352.042
332.454
347.88
346.857
335.389
343.472
342.441
342.786
349.948
346.003
350.003
351.957
350.862
342.097
346.58
328.477
341.534
327.205
326.566
333.738
339.703
312.375
321.388
335.641
319.373
314.645
333.762
323.348
330.783
313.045
326.477
333.455
360.343
350.121
338.049
359.948
339.012
366.975
352.997
358.993
350.909
341.86
350.69
358.925
362.988
348.829
346.158
346.161
348.219
351.224
350.188
363.198
348.109
353.792
343.049
361.075
341.006
341.998
350.046
352.03
349.049
349.074
348
357.072
347.84
332.683
357.006
344.977
344.977
344.977
