344
346.803
347.729
348.754
350.727
338.733
343.632
346.615
345.709
330.688
350.565
342.591
356.624
330.131
326.775
324.248
334.585
327.218
313.993
329.533
290.448
286.176
290.233
276.809
300.754
299.857
299.042
297.209
285.647
294.555
301.717
318.846
313.208
322.731
323.625
343.86
343.395
329.516
343.612
342.564
335.029
345.066
354.959
351.996
330.717
354.453
351.546
353.497
329.143
338.917
341.474
334.539
337.027
343.071
339.977
333.912
332.619
340.075
337.959
322.58
334.042
349.454
353.88
337.857
347.389
332.472
338.441
340.786
348.948
349.003
344.003
334.957
348.862
348.097
345.58
350.477
342.534
323.205
341.566
333.738
337.703
317.375
322.388
315.641
310.373
317.645
328.762
314.348
328.783
340.045
337.477
338.455
343.343
346.121
356.049
355.948
331.012
341.975
355.997
354.993
342.909
343.86
336.69
341.925
344.988
352.829
347.158
346.161
353.219
359.224
360.188
352.198
353.109
342.792
346.049
341.075
367.006
348.998
348.046
339.03
358.049
351.074
339
350.072
357.84
335.683
348.006
349.977
349.977
349.977
