343
331.803
333.729
334.754
336.727
333.733
335.632
334.615
341.709
341.688
334.565
330.591
328.624
319.131
313.775
314.248
307.585
310.218
307.993
305.533
282.448
275.176
281.233
277.809
273.754
274.857
283.042
275.209
278.647
285.555
287.717
313.846
304.208
315.731
322.625
331.86
333.395
331.516
336.612
328.564
343.029
339.066
337.959
333.996
332.717
332.453
334.546
332.497
337.143
326.917
328.474
322.539
328.027
324.071
322.977
322.912
314.619
319.075
318.959
315.58
330.042
327.454
329.88
330.857
340.389
339.472
330.441
335.786
337.948
337.003
337.003
331.957
336.862
338.097
336.58
333.477
334.534
329.205
330.566
324.738
309.703
310.375
310.388
313.641
313.373
314.645
318.762
316.348
312.783
317.045
324.477
329.455
335.343
325.121
335.049
342.948
332.012
341.975
332.997
332.993
338.909
333.86
334.69
333.925
337.988
336.829
345.158
344.161
333.219
338.224
343.188
337.198
337.109
336.792
340.049
334.075
342.006
342.998
332.046
333.03
339.049
336.074
336
334.072
331.84
333.683
333.006
336.977
336.977
336.977
