336
355.803
349.729
341.754
342.727
357.733
343.632
329.615
341.709
346.688
343.565
336.591
337.624
342.131
321.775
315.248
326.585
309.218
317.993
314.533
304.448
288.176
294.233
297.809
282.754
291.857
293.042
293.209
293.647
295.555
302.717
336.846
314.208
334.731
329.625
335.86
339.395
347.516
358.612
337.564
343.029
347.066
356.959
355.996
353.717
340.453
333.546
349.497
336.143
344.917
350.474
324.539
332.027
332.071
341.977
340.912
331.619
335.075
327.959
332.58
335.042
325.454
327.88
335.857
358.389
338.472
337.441
338.786
360.948
359.003
345.003
350.957
347.862
345.097
353.58
345.477
357.534
329.205
346.566
329.738
324.703
312.375
314.388
320.641
315.373
329.645
332.762
322.348
324.783
321.045
327.477
334.455
327.343
335.121
346.049
326.948
356.012
340.975
346.997
333.993
357.909
356.86
351.69
343.925
337.988
360.829
345.158
344.161
355.219
353.224
350.188
362.198
346.109
337.792
349.049
354.075
337.006
350.998
356.046
334.03
341.049
362.074
341
365.072
346.84
341.683
351.006
336.977
336.977
336.977
