330
346.803
335.729
339.754
337.727
334.733
339.632
339.615
337.709
342.688
342.565
339.591
332.624
324.131
311.775
318.248
318.585
313.218
307.993
313.533
279.448
280.176
287.233
284.809
280.754
280.857
278.042
290.209
288.647
282.555
297.717
307.846
309.208
309.731
324.625
341.86
331.395
339.516
325.612
332.564
335.029
333.066
350.959
344.996
337.717
342.453
333.546
337.497
322.143
330.917
330.474
329.539
327.027
327.071
326.977
331.912
324.619
330.075
321.959
317.58
319.042
324.454
332.88
327.857
337.389
336.472
340.441
335.786
339.948
342.003
342.003
336.957
347.862
342.097
331.58
328.477
342.534
330.205
334.566
318.738
324.703
302.375
320.388
324.641
312.373
320.645
317.762
322.348
320.783
325.045
319.477
333.455
347.343
331.121
340.049
340.948
344.012
340.975
337.997
344.993
336.909
342.86
332.69
329.925
350.988
346.829
344.158
354.161
331.219
343.224
336.188
344.198
338.109
333.792
350.049
335.075
340.006
341.998
346.046
346.03
341.049
345.074
339
351.072
345.84
349.683
346.006
348.977
348.977
348.977
