-49.031
-49.085
-48.978
-49.049
-48.971
-52.446
-52.528
-55.866
-56.036
-59.43
-66.424
-80.352
-87.439
-101.354
-115.284
-122.209
-132.705
-139.734
-143.02
-136.161
-122.334
-115.332
-108.079
-90.655
-80.208
-59.478
-48.862
-34.958
-41.803
-52.439
-59.382
-62.937
-69.823
-80.27
-83.793
-87.128
-87.218
-80.391
-69.84
-66.208
-59.296
-41.995
-41.922
-55.767
-59.284
-62.78
-62.806
-62.791
-66.054
-55.926
-55.788
-45.442
-45.388
-45.473
-48.943
-52.234
-49.011
-48.907
-45.484
-48.878
-45.378
-48.778
-45.391
-52.252
-49.032
-42.064
-42.064
-42.064
-42.064
-42.064
-42.064
-42.064
-42.064
-42.064
-42.064
-42.064
-42.064
-42.064
-42.064
-42.064
-42.064
-42.064
-42.064
-42.064
-42.064
-42.064
-42.064
-42.064
-42.064
-42.064
-42.064
-42.064
-42.064
-42.064
-42.064
-42.064
-42.064
-42.064
-42.064
-42.064
-42.064
-42.064
-42.064
-42.064
-42.064
-42.064
-42.064
-42.064
-42.064
-42.064
-42.064
-42.064
-42.064
-42.064
-42.064
-42.064
-42.064
-42.064
-42.064
-42.064
-42.064
-42.064
-42.064
-42.064
-42.064
-42.064
-42.064
-42.064
-42.064
-42.064
