-125.611
-122.288
-118.827
-115.294
-108.205
-94.423
-87.203
-80.221
-48.997
-41.853
-28.158
-28.009
-27.698
-27.719
-27.875
-28.013
-31.352
-28.139
-28.109
-28.056
-27.941
-27.925
-27.917
-27.956
-27.939
-27.902
-27.967
-27.935
-27.975
-28.011
-28.023
-28.029
-28.039
-28.021
-28.041
-28.026
-28.049
-28.047
-28.047
-28
-28.017
-27.979
-27.888
-27.885
-27.972
-27.951
-27.971
-27.936
-27.91
-27.919
-27.976
-27.977
-27.938
-27.99
-27.93
-27.911
-27.847
-24.582
-24.513
-24.553
-27.796
-24.312
-17.605
-17.605
-17.605
-17.605
-17.605
-17.605
-17.605
-17.605
-17.605
-17.605
-17.605
-17.605
-17.605
-17.605
-17.605
-17.605
-17.605
-17.605
-17.605
-17.605
-17.605
-17.605
-17.605
-17.605
-17.605
-17.605
-17.605
-17.605
-17.605
-17.605
-17.605
-17.605
-17.605
-17.605
-17.605
-17.605
-17.605
-17.605
-17.605
-17.605
-17.605
-17.605
-17.605
-17.605
-17.605
-17.605
-17.605
-17.605
-17.605
-17.605
-17.605
-17.605
-17.605
-17.605
-17.605
-17.605
-17.605
-17.605
-17.605
-17.605
-17.605
-17.605
-17.605
-17.605
-17.605
-17.605
-17.605
-17.605
