352.694
359.458
359.486
359.397
362.753
362.724
362.684
359.507
359.471
359.508
359.458
359.583
359.522
359.559
362.69
359.432
362.701
359.533
359.488
359.461
359.179
345.44
331.693
317.467
299.922
258.221
233.808
188.531
157.227
118.769
80.557
55.785
31.188
3.41901
-3.431
-20.904
-27.909
-41.718
-45.34
-52.149
-52.186
-48.998
-48.97
-48.857
-52.096
-48.891
-48.649
-45.392
-45.402
-45.413
-45.481
-45.367
-48.766
-45.406
-45.241
-41.756
-48.689
-52.221
-52.289
-48.976
-52.276
-45.431
-45.336
-48.868
-48.828
-48.763
-52.152
-45.379
-48.7
-45.343
-45.205
-41.762
-45.131
-48.727
-35.023
-34.863
-34.863
-34.863
-34.863
-34.863
-34.863
-34.863
-34.863
-34.863
-34.863
-34.863
-34.863
-34.863
-34.863
-34.863
-34.863
-34.863
-34.863
-34.863
-34.863
-34.863
-34.863
-34.863
-34.863
-34.863
-34.863
-34.863
-34.863
-34.863
-34.863
-34.863
-34.863
-34.863
-34.863
-34.863
-34.863
-34.863
-34.863
-34.863
-34.863
-34.863
-34.863
-34.863
-34.863
-34.863
-34.863
-34.863
-34.863
-34.863
-34.863
-34.863
-34.863
-34.863
-34.863
-34.863
