-59.159
-59.149
-59.17
-59.156
-59.174
-59.158
-59.126
-59.187
-55.927
-55.906
-59.088
-59.091
-59.094
-59.098
-59.217
-59.121
-59.154
-59.252
-56.016
-55.994
-59.167
-59.168
-59.088
-59.132
-59.189
-59.223
-59.095
-55.836
-55.637
-38.295
-31.258
-24.448
-14.139
0.118988
14.036
20.84
24.409
28.014
28.214
34.877
59.375
80.472
101.398
122.089
139.344
163.952
164.073
163.935
150.072
139.69
139.482
115.141
87.525
69.637
52.203
27.747
7.01199
-13.868
-24.525
-38.227
-55.754
-73.208
-80.097
-83.62
-83.819
-83.865
-83.842
-87.221
-87.204
-83.847
-83.76
-83.521
-80.168
-76.76
-76.59
-73.257
-66.393
-59.323
-62.714
-52.362
-52.245
-52.245
-52.245
-52.245
-52.245
-52.245
-52.245
-52.245
-52.245
-52.245
-52.245
-52.245
-52.245
-52.245
-52.245
-52.245
-52.245
-52.245
-52.245
-52.245
-52.245
-52.245
-52.245
-52.245
-52.245
-52.245
-52.245
-52.245
-52.245
-52.245
-52.245
-52.245
-52.245
-52.245
-52.245
-52.245
-52.245
-52.245
-52.245
-52.245
-52.245
-52.245
-52.245
-52.245
-52.245
-52.245
-52.245
-52.245
-52.245
-52.245
