369.956
369.943
369.992
370.004
370.013
370.065
373.385
370.064
373.313
373.381
373.307
369.967
369.92
373.323
369.913
369.979
369.956
369.91
366.624
366.617
370.035
370.066
366.722
369.953
369.959
366.568
366.475
363.047
359.346
345.538
334.938
314.326
303.593
279.399
272.158
254.714
247.976
233.975
230.456
226.997
223.622
220.06
220.075
230.531
247.771
272.127
282.702
282.891
282.696
275.595
254.942
251.264
237.505
237.293
237.442
251.296
251.557
261.975
279.311
296.778
303.736
310.777
328.147
335.083
338.716
349.037
359.403
366.303
366.525
369.896
370.17
373.62
373.627
370.179
366.778
366.624
366.466
366.616
366.522
366.519
369.884
369.884
369.884
369.884
369.884
369.884
369.884
369.884
369.884
369.884
369.884
369.884
369.884
369.884
369.884
369.884
369.884
369.884
369.884
369.884
369.884
369.884
369.884
369.884
369.884
369.884
369.884
369.884
369.884
369.884
369.884
369.884
369.884
369.884
369.884
369.884
369.884
369.884
369.884
369.884
369.884
369.884
369.884
369.884
369.884
369.884
369.884
369.884
369.884
369.884
