-136.144
-139.756
-143.15
-139.662
-139.369
-118.674
-115.224
-111.768
-111.443
-111.411
-101.325
-97.838
-90.884
-94.264
-94.146
-90.773
-87.449
-87.437
-87.463
-87.348
-87.318
-83.98
-84.039
-90.56
-90.605
-87.4
-87.117
-83.719
-90.658
-87.143
-83.848
-83.922
-84.055
-90.624
-87.382
-87.356
-87.324
-87.31
-87.434
-87.327
-87.332
-84.075
-87.3
-87.312
-87.336
-87.276
-87.306
-87.319
-87.384
-87.3
-90.799
-94.171
-83.751
-87.12
-83.995
-83.995
-83.995
-83.995
-83.995
-83.995
-83.995
-83.995
-83.995
-83.995
-83.995
-83.995
-83.995
-83.995
-83.995
-83.995
-83.995
-83.995
-83.995
-83.995
-83.995
-83.995
-83.995
-83.995
-83.995
-83.995
-83.995
-83.995
-83.995
-83.995
-83.995
-83.995
-83.995
-83.995
-83.995
-83.995
-83.995
-83.995
-83.995
-83.995
-83.995
-83.995
-83.995
-83.995
-83.995
-83.995
-83.995
-83.995
-83.995
-83.995
-83.995
-83.995
-83.995
-83.995
-83.995
-83.995
-83.995
-83.995
-83.995
-83.995
-83.995
-83.995
-83.995
-83.995
-83.995
-83.995
-83.995
-83.995
-83.995
-83.995
-83.995
-83.995
-83.995
-83.995
-83.995
-83.995
