-129.183
-129.2
-129.207
-129.136
-129.251
-125.872
-129.225
-129.216
-129.097
-125.846
-129.291
-129.187
-129.065
-125.73
-129.094
-129.101
-129.111
-125.774
-125.692
-125.62
-125.618
-122.37
-125.626
-122.305
-125.603
-125.674
-125.719
-129.191
-129.153
-125.78
-129.181
-129.316
-132.597
-129.364
-132.726
-132.691
-132.719
-132.689
-129.273
-129.3
-132.523
-132.597
-132.695
-132.704
-132.632
-129.18
-132.736
-129.251
-129.054
-125.721
-125.768
-129.185
-129.127
-132.603
-129.319
-129.348
-129.271
-132.646
-132.59
-129.326
-129.258
-129.225
-129.271
-129.234
-129.269
-125.852
-125.607
-122.388
-125.63
-125.643
-125.836
-125.844
-129.055
-129.082
-125.872
-125.896
-129.158
-129.119
-129.3
-129.262
-125.924
-125.901
-129.285
-129.243
-132.594
-136.076
-136.048
-136.048
-136.048
-136.048
-136.048
-136.048
-136.048
-136.048
-136.048
-136.048
-136.048
-136.048
-136.048
-136.048
-136.048
-136.048
-136.048
-136.048
-136.048
-136.048
-136.048
-136.048
-136.048
-136.048
-136.048
-136.048
-136.048
-136.048
-136.048
-136.048
-136.048
-136.048
-136.048
-136.048
-136.048
-136.048
-136.048
-136.048
-136.048
-136.048
-136.048
-136.048
-136.048
-136.048
