327.903
327.862
327.891
327.92
324.655
327.885
327.89
327.988
324.653
324.478
324.52
324.448
327.908
324.637
324.542
327.796
324.497
321.104
321.033
321.025
314.117
300.296
296.789
293.038
272.299
268.705
261.57
244.404
240.595
233.937
230.293
223.456
223.451
223.343
223.299
223.357
223.323
220.073
226.85
233.774
240.6
240.904
251.206
265.184
272.179
289.622
296.704
303.572
321.031
321.169
324.484
321.051
324.506
321.097
321.123
324.393
324.341
317.693
321.167
324.434
324.568
327.871
331.214
331.193
331.263
327.974
327.964
327.92
327.906
331.219
327.977
327.968
327.974
327.944
327.961
327.943
327.855
327.896
327.957
327.961
327.975
327.984
324.656
327.972
324.694
321.225
327.973
327.973
327.973
327.973
327.973
327.973
327.973
327.973
327.973
327.973
327.973
327.973
327.973
327.973
327.973
327.973
327.973
327.973
327.973
327.973
327.973
327.973
327.973
327.973
327.973
327.973
327.973
327.973
327.973
327.973
327.973
327.973
327.973
327.973
327.973
327.973
327.973
327.973
327.973
327.973
327.973
327.973
327.973
327.973
