-122.236
-122.213
-122.168
-122.058
-122.106
-122.163
-118.706
-122.092
-122.117
-118.665
-122.102
-122.053
-118.684
-118.721
-122.122
-122.042
-122.112
-125.641
-132.632
-146.388
-150.089
-160.742
-153.652
-160.609
-150.04
-143.231
-118.873
-108.436
-108.127
-97.84
-97.764
-94.397
-97.778
-94.468
-94.456
-94.404
-94.283
-94.394
-94.444
-94.313
-94.446
-94.445
-94.375
-94.437
-94.396
-90.927
-94.345
-94.307
-94.332
-94.35
-94.306
-94.332
-94.265
-94.267
-94.289
-94.248
-94.317
-94.367
-94.331
-97.669
-97.65
-97.665
-94.339
-94.326
-94.326
-94.326
-94.326
-94.326
-94.326
-94.326
-94.326
-94.326
-94.326
-94.326
-94.326
-94.326
-94.326
-94.326
-94.326
-94.326
-94.326
-94.326
-94.326
-94.326
-94.326
-94.326
-94.326
-94.326
-94.326
-94.326
-94.326
-94.326
-94.326
-94.326
-94.326
-94.326
-94.326
-94.326
-94.326
-94.326
-94.326
-94.326
-94.326
-94.326
-94.326
-94.326
-94.326
-94.326
-94.326
-94.326
-94.326
-94.326
-94.326
-94.326
-94.326
-94.326
-94.326
-94.326
-94.326
-94.326
-94.326
-94.326
-94.326
-94.326
-94.326
-94.326
-94.326
-94.326
-94.326
-94.326
