324.396
321.015
324.443
324.384
324.36
321.137
317.677
321.022
324.338
320.975
321.009
324.511
324.518
321.044
324.476
324.531
324.587
321.117
324.447
289.773
254.994
227.055
174.408
129.083
83.65
27.885
-0.168976
-24.325
-24.285
-24.347
-24.324
-24.25
-24.185
-24.431
-27.649
-24.414
-24.405
-21.147
-21.049
-24.417
-21.007
-24.349
-20.978
-24.3
-24.411
-31.271
-21.039
-21.006
-24.546
-24.506
-27.837
-27.87
-27.827
-24.377
-24.47
-21.049
-24.428
-20.953
-24.536
-24.435
-24.505
-24.424
-24.493
-27.904
-27.904
-27.904
-27.904
-27.904
-27.904
-27.904
-27.904
-27.904
-27.904
-27.904
-27.904
-27.904
-27.904
-27.904
-27.904
-27.904
-27.904
-27.904
-27.904
-27.904
-27.904
-27.904
-27.904
-27.904
-27.904
-27.904
-27.904
-27.904
-27.904
-27.904
-27.904
-27.904
-27.904
-27.904
-27.904
-27.904
-27.904
-27.904
-27.904
-27.904
-27.904
-27.904
-27.904
-27.904
-27.904
-27.904
-27.904
-27.904
-27.904
-27.904
-27.904
-27.904
-27.904
-27.904
-27.904
-27.904
-27.904
-27.904
-27.904
-27.904
-27.904
-27.904
-27.904
-27.904
-27.904
-27.904
