-136.011
-136.06
-136.016
-132.614
-135.913
-135.916
-136.011
-135.964
-135.947
-135.944
-135.969
-132.788
-132.7
-125.767
-122.012
-115.322
-111.849
-111.429
-97.555
-87.292
-80.367
-56.136
-52.423
-28.08
-27.996
-28.002
-27.707
-24.49
-24.229
-24.432
-24.332
-21.029
-21.049
-24.472
-24.488
-27.875
-27.882
-28.004
-34.733
-34.909
-38.35
-38.326
-38.295
-38.255
-34.795
-31.368
-27.971
-27.912
-27.889
-27.9
-24.587
-27.857
-27.821
-24.619
-24.639
-24.58
-27.797
-27.782
-27.787
-27.792
-27.824
-27.819
-27.843
-27.843
-27.836
-27.865
-27.819
-27.787
-24.53
-27.732
-27.737
-27.745
-27.745
-27.756
-27.75
-24.535
-27.727
-24.512
-27.779
-27.779
-27.779
-27.779
-27.779
-27.779
-27.779
-27.779
-27.779
-27.779
-27.779
-27.779
-27.779
-27.779
-27.779
-27.779
-27.779
-27.779
-27.779
-27.779
-27.779
-27.779
-27.779
-27.779
-27.779
-27.779
-27.779
-27.779
-27.779
-27.779
-27.779
-27.779
-27.779
-27.779
-27.779
-27.779
-27.779
-27.779
-27.779
-27.779
-27.779
-27.779
-27.779
-27.779
-27.779
-27.779
-27.779
-27.779
-27.779
-27.779
-27.779
-27.779
