334.964
334.954
331.643
331.69
331.603
331.654
334.895
331.647
331.707
335.062
331.726
331.63
331.639
328.099
324.543
324.476
314.104
303.714
296.598
275.635
251.428
240.821
216.256
188.415
160.604
135.928
108.207
83.791
73.1
55.613
41.652
24.361
17.385
0.117004
-3.43597
-3.556
-13.87
-17.358
-20.807
-20.911
-24.285
-24.342
-27.623
-24.531
-27.874
-27.904
-28.011
-28.122
-31.389
-31.44
-28.102
-31.567
-28.101
-34.892
-34.826
-31.353
-31.44
-31.46
-28.026
-27.973
-27.843
-24.62
-27.919
-24.605
-24.539
-27.874
-24.542
-24.489
-24.439
-24.429
-24.492
-24.515
-24.516
-24.476
-24.409
-24.418
-27.768
-24.396
-27.803
-27.803
-27.803
-27.803
-27.803
-27.803
-27.803
-27.803
-27.803
-27.803
-27.803
-27.803
-27.803
-27.803
-27.803
-27.803
-27.803
-27.803
-27.803
-27.803
-27.803
-27.803
-27.803
-27.803
-27.803
-27.803
-27.803
-27.803
-27.803
-27.803
-27.803
-27.803
-27.803
-27.803
-27.803
-27.803
-27.803
-27.803
-27.803
-27.803
-27.803
-27.803
-27.803
-27.803
-27.803
-27.803
-27.803
-27.803
-27.803
-27.803
-27.803
-27.803
