-125.822
-125.833
-125.771
-125.784
-125.789
-129.024
-125.712
-125.552
-122.379
-122.418
-125.676
-125.621
-122.211
-122.163
-122.244
-122.285
-125.695
-129.132
-122.345
-122.231
-132.571
-136.14
-146.64
-150.134
-167.577
-174.534
-188.543
-202.489
-226.812
-233.941
-251.313
-261.779
-272.184
-268.83
-275.767
-275.749
-279.211
-275.746
-272.372
-272.342
-272.234
-272.238
-265.318
-261.746
-258.182
-237.314
-233.829
-219.87
-202.578
-195.5
-178.079
-171.036
-160.692
-150.157
-143.187
-139.751
-129.196
-118.922
-118.735
-115.452
-115.472
-115.369
-118.694
-115.414
-118.692
-118.857
-118.84
-118.843
-118.868
-122.231
-125.621
-129.135
-129.157
-132.677
-129.321
-129.111
-125.829
-125.829
-125.829
-125.829
-125.829
-125.829
-125.829
-125.829
-125.829
-125.829
-125.829
-125.829
-125.829
-125.829
-125.829
-125.829
-125.829
-125.829
-125.829
-125.829
-125.829
-125.829
-125.829
-125.829
-125.829
-125.829
-125.829
-125.829
-125.829
-125.829
-125.829
-125.829
-125.829
-125.829
-125.829
-125.829
-125.829
-125.829
-125.829
-125.829
-125.829
-125.829
-125.829
-125.829
-125.829
-125.829
-125.829
-125.829
-125.829
-125.829
-125.829
-125.829
-125.829
-125.829
