327.949
324.745
324.533
324.54
321.074
324.491
324.491
321.116
317.666
314.351
314.286
314.255
314.106
310.689
307.24
303.687
293.167
279.05
254.582
237.234
226.879
219.801
209.292
198.866
195.483
195.274
185.131
188.526
191.951
195.321
198.933
212.861
223.275
226.849
240.868
247.734
251.197
251.259
251.374
251.222
251.14
247.657
244.055
230.296
223.522
219.952
219.763
212.749
202.377
198.95
202.288
205.741
216.168
216.253
219.803
223.331
226.846
233.75
244.281
251.182
258.21
272.236
282.664
289.686
299.966
303.646
307.184
310.719
321.056
324.531
324.601
324.651
327.922
324.475
327.819
321.025
314.087
314.087
314.087
314.087
314.087
314.087
314.087
314.087
314.087
314.087
314.087
314.087
314.087
314.087
314.087
314.087
314.087
314.087
314.087
314.087
314.087
314.087
314.087
314.087
314.087
314.087
314.087
314.087
314.087
314.087
314.087
314.087
314.087
314.087
314.087
314.087
314.087
314.087
314.087
314.087
314.087
314.087
314.087
314.087
314.087
314.087
314.087
314.087
314.087
314.087
314.087
314.087
314.087
314.087
