-111.616
-111.643
-111.679
-108.444
-111.685
-115.054
-114.907
-111.755
-111.821
-111.676
-111.754
-115.093
-115.302
-125.549
-132.637
-139.368
-139.624
-139.773
-146.601
-153.553
-163.853
-163.934
-164.021
-164.047
-164.028
-163.997
-163.787
-160.502
-150.123
-146.49
-143.013
-136.032
-129.263
-115.436
-115.03
-111.619
-111.683
-111.662
-111.73
-111.9
-122.054
-129.162
-136.036
-136.193
-143.013
-150.08
-153.46
-160.324
-160.337
-160.407
-156.929
-153.484
-146.499
-142.954
-139.456
-136.102
-132.678
-118.753
-115.248
-111.817
-115.143
-115.049
-118.501
-129.093
-129.209
-132.655
-132.677
-136.248
-146.631
-153.435
-156.857
-153.478
-153.437
-156.79
-150.12
-150.029
-142.991
-136.078
-129.103
-125.806
-125.495
-122.047
-111.651
-101.4
-115.113
-115.226
-125.517
-128.903
-125.516
-125.593
-125.653
-129.042
-129.104
-129.149
-129.172
-128.999
-128.992
-125.662
-125.497
-122.1
-118.652
-115.193
-115.2
-118.608
-115.12
-115.146
-118.548
-118.528
-115.226
-118.641
-118.641
-118.641
-118.641
-118.641
-118.641
-118.641
-118.641
-118.641
-118.641
-118.641
-118.641
-118.641
-118.641
-118.641
-118.641
-118.641
-118.641
-118.641
-118.641
-118.641
