324.58
324.624
327.96
327.97
321.088
324.6
324.599
324.655
324.511
324.542
327.898
324.528
321.023
310.576
307.208
303.734
303.496
286.43
282.597
279.108
275.773
268.869
261.824
255.144
261.71
261.91
265.284
279.161
279.198
289.716
303.681
303.708
307.387
324.642
334.985
335.135
335.243
334.971
331.586
317.74
310.879
307.39
310.532
310.453
307.028
307.028
293.265
296.663
293.272
296.794
293.273
303.662
307.157
307.227
310.794
314.24
314.042
317.66
328.033
335.078
334.99
327.982
317.776
310.834
310.756
314.1
314.013
310.586
310.589
307.147
307.018
303.743
306.95
303.687
306.95
307.157
307.201
310.463
310.585
320.99
324.584
331.392
331.335
331.426
328.067
327.978
324.609
324.529
317.632
314.215
317.63
317.676
317.715
324.514
321.104
321.143
317.674
321.055
321.033
317.675
317.736
321.176
321.187
324.677
324.656
327.988
327.993
327.934
320.991
317.709
317.709
317.709
317.709
317.709
317.709
317.709
317.709
317.709
317.709
317.709
317.709
317.709
317.709
317.709
317.709
317.709
317.709
317.709
317.709
317.709
