-21.016
-20.977
-20.94
-21.073
-17.586
-17.549
-17.569
-20.873
-17.535
-20.933
-17.596
-20.908
-20.901
-17.556
-20.987
-17.493
-20.888
-17.624
-20.952
-20.915
-17.509
-13.989
0.0119934
10.646
35
59.356
83.77
111.634
118.685
160.578
178.043
195.725
216.504
230.22
233.937
230.529
226.855
209.478
192.116
171.006
122.12
115.233
87.25
52.395
31.231
3.479
-17.385
-24.415
-31.508
-41.752
-45.287
-45.25
-41.831
-41.789
-38.476
-41.708
-31.523
-24.554
-24.464
-24.474
-24.47
-24.465
-24.389
-24.423
-24.443
-21.026
-17.616
-21.008
-21.062
-24.458
-21.023
-21
-24.436
-24.454
-24.462
-24.47
-27.89
-27.938
-24.505
-24.608
-24.603
-24.586
-27.91
-27.924
-24.518
-24.518
-24.518
-24.518
-24.518
-24.518
-24.518
-24.518
-24.518
-24.518
-24.518
-24.518
-24.518
-24.518
-24.518
-24.518
-24.518
-24.518
-24.518
-24.518
-24.518
-24.518
-24.518
-24.518
-24.518
-24.518
-24.518
-24.518
-24.518
-24.518
-24.518
-24.518
-24.518
-24.518
-24.518
-24.518
-24.518
-24.518
-24.518
-24.518
-24.518
-24.518
-24.518
-24.518
-24.518
-24.518
352.428
352.443
352.511
352.384
352.44
355.698
352.487
352.453
352.484
352.451
352.352
352.365
352.279
352.389
349.044
352.496
352.46
352.399
355.729
352.304
345.364
338.491
328.113
321.149
320.978
310.676
296.63
286.167
268.858
265.506
265.301
254.875
251.354
251.209
248.094
251.01
251.114
247.934
251.528
268.692
272.073
282.649
303.347
310.54
331.556
335.114
342.058
348.926
352.298
352.384
349.048
352.407
355.735
352.362
352.328
352.291
352.431
355.715
355.762
352.6
352.537
355.771
355.814
355.867
355.832
355.909
355.907
355.93
355.922
355.819
355.778
355.824
355.791
355.718
352.338
352.364
355.686
352.515
355.791
355.746
355.765
355.778
348.965
348.827
355.894
355.894
355.894
355.894
355.894
355.894
355.894
355.894
355.894
355.894
355.894
355.894
355.894
355.894
355.894
355.894
355.894
355.894
355.894
355.894
355.894
355.894
355.894
355.894
355.894
355.894
355.894
355.894
355.894
355.894
355.894
355.894
355.894
355.894
355.894
355.894
355.894
355.894
355.894
355.894
355.894
355.894
355.894
355.894
355.894
355.894
