-10.338
-10.332
-10.297
-7.07401
-10.47
-3.52597
-6.86301
-6.866
-6.95801
-7.02301
-3.69199
-3.62799
-6.987
-7.00998
-3.73001
-3.70901
-7.082
-7.104
-6.92401
-6.94501
-6.92102
-7.01199
-3.61099
-3.59
0.0159912
6.83301
13.853
24.431
34.922
52.265
55.982
69.827
80.241
83.8
83.961
87.323
94.14
90.853
87.138
83.796
73.332
62.645
52.464
52.269
41.941
38.395
38.498
34.989
35.013
35.007
38.294
38.299
34.997
38.248
38.273
38.274
38.251
34.956
38.38
34.937
34.911
34.932
34.98
34.859
35.002
34.918
34.846
38.246
34.914
38.245
34.932
34.917
38.248
41.672
38.301
38.329
41.74
38.311
38.327
38.278
38.293
38.294
38.294
38.294
38.294
38.294
38.294
38.294
38.294
38.294
38.294
38.294
38.294
38.294
38.294
38.294
38.294
38.294
38.294
38.294
38.294
38.294
38.294
38.294
38.294
38.294
38.294
38.294
38.294
38.294
38.294
38.294
38.294
38.294
38.294
38.294
38.294
38.294
38.294
38.294
38.294
38.294
38.294
38.294
38.294
38.294
38.294
38.294
38.294
38.294
