335.309
335.29
338.509
335.339
335.272
338.519
338.472
338.485
338.58
338.527
338.487
338.594
338.498
338.541
338.543
338.499
338.477
338.423
335.209
335.274
335.231
338.506
338.376
335.123
335.019
334.883
328.027
310.697
303.438
275.627
244.338
212.916
174.669
146.585
125.473
90.676
59.343
31.453
24.379
7.05899
-7.00598
-17.335
-27.894
-31.256
-27.913
-31.233
-34.82
-38.206
-31.317
-34.949
-38.31
-41.782
-38.347
-38.361
-34.823
-34.835
-38.331
-34.872
-45.312
-38.368
-38.388
-41.744
-41.808
-45.253
-45.168
-41.741
-45.326
-41.88
-45.409
-48.639
-48.772
-48.712
-45.308
-38.447
-42.003
-41.979
-45.339
-45.366
-48.828
-45.391
-45.331
-48.73
-48.73
-48.73
-48.73
-48.73
-48.73
-48.73
-48.73
-48.73
-48.73
-48.73
-48.73
-48.73
-48.73
-48.73
-48.73
-48.73
-48.73
-48.73
-48.73
-48.73
-48.73
-48.73
-48.73
-48.73
-48.73
-48.73
-48.73
-48.73
-48.73
-48.73
-48.73
-48.73
-48.73
-48.73
-48.73
-48.73
-48.73
-48.73
-48.73
-48.73
-48.73
-48.73
-48.73
-48.73
-48.73
-48.73
-48.73
-48.73
