118.24
138.289
147.264
144.312
136.299
144.287
150.289
151.251
145.623
131.623
152.661
144.98
171.035
143.046
147.074
148.132
148.093
151.09
160.126
144.101
154.06
157.076
146.083
149.726
149.331
155.336
136.332
139.729
129.32
150.693
133.706
139.754
149.761
144.796
152.779
152.799
150.817
156.035
143.041
153.041
144.099
135.033
154.084
150.685
129.654
149.683
158.124
152.598
154.043
157.563
156.69
162.149
175.499
177.663
171.328
182.084
170.152
171.238
162.568
166.589
161.583
183.892
184.826
178.81
167.481
184.398
161.268
167.072
177.032
174.969
171.983
156.943
161.601
173.548
161.544
168.546
165.508
173.123
172.555
168.524
156.197
162.623
160.955
172.237
163.953
179.951
171.96
167.946
166.918
168.921
166.875
174.425
158.163
165.564
157.085
139.567
165.52
158.546
152.082
158.578
158.213
160.136
138.739
141.755
139.601
149.596
145.522
159.606
153.729
154.575
139.63
156.085
165.679
151.706
133.648
149.794
148.785
138.657
119.776
146.692
152.568
143.568
149.535
142.532
150.529
165.553
150.592
159.649
162.98
146.088
