-129.24
-125.289
-131.264
-129.312
-129.299
-126.287
-130.289
-124.251
-132.623
-133.623
-134.661
-131.98
-131.035
-138.046
-132.074
-138.132
-131.093
-137.09
-131.126
-133.101
-133.06
-137.076
-132.083
-133.726
-126.331
-131.336
-126.332
-127.729
-124.32
-128.693
-128.706
-132.754
-128.761
-132.796
-129.779
-134.799
-128.817
-132.035
-136.041
-132.041
-138.099
-131.033
-137.084
-127.685
-128.654
-133.683
-136.124
-140.598
-139.043
-147.563
-141.69
-151.149
-148.499
-150.663
-160.328
-158.084
-158.152
-158.238
-162.568
-157.589
-161.583
-159.892
-164.826
-163.81
-161.481
-160.398
-157.268
-153.072
-152.032
-153.969
-152.983
-156.943
-155.601
-153.548
-154.544
-148.546
-154.508
-145.123
-150.555
-153.524
-145.197
-150.623
-152.955
-155.237
-158.953
-153.951
-153.96
-153.946
-152.918
-156.921
-158.875
-154.425
-145.163
-155.564
-152.085
-142.567
-143.52
-142.546
-143.082
-140.578
-138.213
-131.136
-128.739
-127.755
-127.601
-127.596
-132.522
-128.606
-132.729
-132.575
-129.63
-131.085
-132.679
-132.706
-132.648
-132.794
-132.785
-134.657
-129.776
-132.692
-129.568
-127.568
-129.535
-132.532
-132.529
-134.553
-134.592
-132.649
-130.98
-131.088
