-114.24
-110.289
-119.264
-104.312
-129.299
-113.287
-129.289
-99.251
-124.623
-122.623
-125.661
-114.98
-127.035
-121.046
-123.074
-112.132
-133.093
-115.09
-119.126
-131.101
-129.06
-123.076
-135.083
-123.726
-110.331
-120.336
-117.332
-129.729
-112.32
-124.693
-124.706
-124.754
-102.761
-105.796
-119.779
-129.799
-108.817
-119.035
-125.041
-125.041
-130.099
-129.033
-120.084
-111.685
-131.654
-122.683
-115.124
-121.598
-139.043
-127.563
-134.69
-143.149
-140.499
-148.663
-134.328
-149.084
-143.152
-155.238
-136.568
-145.589
-148.583
-151.892
-167.826
-129.81
-158.481
-152.398
-151.268
-149.072
-153.032
-150.969
-137.983
-135.943
-143.601
-141.548
-147.544
-140.546
-137.508
-145.123
-141.555
-137.524
-136.197
-158.623
-130.955
-154.237
-132.953
-167.951
-145.96
-148.946
-139.918
-144.921
-144.875
-137.425
-144.163
-148.564
-140.085
-122.567
-129.52
-134.546
-131.082
-124.578
-125.213
-120.136
-122.739
-102.755
-123.601
-124.596
-126.522
-132.606
-130.729
-127.575
-122.63
-109.085
-113.679
-111.706
-126.648
-130.794
-120.785
-113.657
-104.776
-116.692
-128.568
-99.568
-129.535
-123.532
-116.529
-136.553
-132.592
-126.649
-134.98
-131.088
