-108.24
-124.289
-113.264
-126.312
-95.299
-123.287
-118.289
-114.251
-123.623
-118.623
-119.661
-122.98
-128.035
-110.046
-107.074
-120.132
-112.093
-125.09
-128.126
-110.101
-118.06
-112.076
-111.083
-116.726
-108.331
-109.336
-126.332
-130.729
-122.32
-116.693
-128.706
-116.754
-112.761
-109.796
-118.779
-119.799
-110.817
-111.035
-126.041
-101.041
-116.099
-120.033
-120.084
-112.685
-113.654
-118.683
-117.124
-117.598
-127.043
-130.563
-129.69
-140.149
-145.499
-143.663
-144.328
-146.084
-139.152
-155.238
-135.568
-151.589
-161.583
-142.892
-156.826
-138.81
-147.481
-151.398
-155.268
-139.072
-119.032
-143.969
-134.983
-155.943
-138.601
-139.548
-141.544
-131.546
-142.508
-131.123
-141.555
-141.524
-129.197
-126.623
-138.955
-144.237
-157.953
-135.951
-141.96
-130.946
-146.918
-146.921
-145.875
-133.425
-120.163
-143.564
-135.085
-145.567
-130.52
-123.546
-118.082
-124.578
-130.213
-120.136
-115.739
-102.755
-118.601
-123.596
-109.522
-126.606
-114.729
-127.575
-120.63
-127.085
-129.679
-125.706
-122.648
-115.794
-122.785
-113.657
-123.776
-108.692
-122.568
-112.568
-120.535
-117.532
-114.529
-113.553
-113.592
-115.649
-126.98
-114.088
