138.24
137.289
126.264
134.312
135.299
131.287
138.289
137.251
134.623
134.623
137.661
145.98
137.035
143.046
141.074
138.132
131.093
134.09
143.126
147.101
148.06
149.076
143.083
139.726
132.331
142.336
131.332
133.729
127.32
134.693
139.706
134.754
139.761
144.796
129.779
139.799
131.817
132.035
143.041
133.041
139.099
136.033
137.084
134.685
138.654
142.683
133.124
136.598
150.043
149.563
141.69
150.149
158.499
161.663
170.328
170.084
160.152
156.238
162.568
167.589
168.583
160.892
171.826
164.81
165.481
161.398
163.268
155.072
167.032
154.969
159.983
170.943
164.601
159.548
151.544
162.546
162.508
150.123
155.555
154.524
153.197
151.623
163.955
156.237
168.953
165.951
164.96
159.946
158.918
168.921
162.875
150.425
147.163
154.564
147.085
151.567
155.52
149.546
158.082
148.578
137.213
138.136
137.739
142.755
134.601
134.596
128.522
131.606
135.729
126.575
139.63
145.085
137.679
135.706
139.648
138.794
138.785
133.657
139.776
142.692
143.568
140.568
134.535
128.532
134.529
127.553
130.592
144.649
148.98
142.088
