134.24
132.289
128.264
134.312
134.299
129.287
133.289
129.251
135.623
136.623
132.661
134.98
140.035
139.046
135.074
140.132
135.093
136.09
140.126
139.101
140.06
140.076
140.083
131.726
127.331
134.336
132.332
131.729
127.32
131.693
130.706
132.754
135.761
137.796
137.779
131.799
131.817
136.035
141.041
136.041
139.099
135.033
140.084
130.685
130.654
132.683
134.124
142.598
147.043
150.563
151.69
148.149
153.499
158.663
160.328
155.084
157.152
161.238
160.568
165.589
158.583
167.892
168.826
168.81
163.481
158.398
158.268
161.072
156.032
160.969
160.983
161.943
153.601
152.548
152.544
158.546
156.508
155.123
152.555
153.524
154.197
153.623
155.955
164.237
160.953
160.951
155.96
160.946
160.918
159.921
160.875
158.425
153.163
151.564
150.085
149.567
149.52
145.546
143.082
142.578
140.213
135.136
130.739
131.755
135.601
135.596
137.522
132.606
136.729
136.575
131.63
140.085
131.679
137.706
136.648
136.794
135.785
132.657
136.776
135.692
131.568
130.568
136.535
137.532
132.529
131.553
136.592
135.649
134.98
135.088
