138.24
139.289
135.264
135.312
137.299
139.287
141.289
135.251
136.623
144.623
141.661
139.98
136.035
144.046
155.074
149.132
131.093
137.09
139.126
139.101
142.06
150.076
145.083
137.726
136.331
146.336
135.332
145.729
138.32
134.693
131.706
138.754
134.761
144.796
134.779
144.799
134.817
146.035
140.041
149.041
150.099
144.033
148.084
143.685
131.654
146.683
136.124
146.598
153.043
151.563
146.69
160.149
165.499
163.663
155.328
158.084
157.152
160.238
170.568
172.589
172.583
168.892
170.826
181.81
166.481
175.398
156.268
160.072
153.032
157.969
166.983
172.943
168.601
154.548
161.544
166.546
158.508
154.123
155.555
164.524
148.197
171.623
165.955
166.237
168.953
176.951
164.96
168.946
156.918
157.921
160.875
158.425
154.163
160.564
152.085
144.567
146.52
142.546
156.082
146.578
141.213
150.136
133.739
130.755
132.601
140.596
132.522
131.606
136.729
146.575
138.63
143.085
138.679
136.706
134.648
144.794
138.785
133.657
135.776
147.692
142.568
137.568
129.535
144.532
135.529
137.553
132.592
132.649
146.98
142.088
