-124.24
-130.289
-126.264
-126.312
-131.299
-124.287
-124.289
-130.251
-129.623
-129.623
-132.661
-136.98
-132.035
-132.046
-138.074
-136.132
-136.093
-131.09
-138.126
-133.101
-133.06
-136.076
-137.083
-133.726
-125.331
-130.336
-130.332
-127.729
-124.32
-132.693
-128.706
-127.754
-129.761
-132.796
-128.779
-127.799
-127.817
-138.035
-137.041
-137.041
-136.099
-137.033
-131.084
-132.685
-133.654
-127.683
-131.124
-136.598
-143.043
-142.563
-142.69
-145.149
-148.499
-153.663
-155.328
-152.084
-159.152
-154.238
-160.568
-157.589
-155.583
-164.892
-160.826
-159.81
-157.481
-160.398
-156.268
-157.072
-159.032
-157.969
-158.983
-153.943
-154.601
-148.548
-153.544
-155.546
-150.508
-147.123
-153.555
-149.524
-147.197
-153.623
-158.955
-162.237
-152.953
-153.951
-151.96
-153.946
-153.918
-157.921
-158.875
-155.425
-147.163
-153.564
-151.085
-143.567
-141.52
-143.546
-140.082
-136.578
-131.213
-132.136
-128.739
-134.755
-129.601
-132.596
-132.522
-134.606
-133.729
-133.575
-128.63
-132.085
-129.679
-134.706
-133.648
-129.794
-133.785
-128.657
-128.776
-127.692
-128.568
-127.568
-129.535
-134.532
-132.529
-127.553
-132.592
-128.649
-132.98
-133.088
