-103.24
-108.289
-114.264
-119.312
-106.299
-125.287
-125.289
-112.251
-128.623
-114.623
-113.661
-119.98
-130.035
-110.046
-107.074
-129.132
-122.093
-123.09
-124.126
-131.101
-116.06
-127.076
-127.083
-112.726
-128.331
-120.336
-118.332
-115.729
-124.32
-118.693
-118.706
-118.754
-109.761
-110.796
-111.779
-124.799
-114.817
-121.035
-125.041
-129.041
-120.099
-124.033
-138.084
-125.685
-126.654
-124.683
-138.124
-120.598
-128.043
-129.563
-120.69
-146.149
-138.499
-143.663
-149.328
-131.084
-136.152
-148.238
-147.568
-145.589
-157.583
-162.892
-145.826
-161.81
-134.481
-162.398
-160.268
-150.072
-137.032
-135.969
-138.983
-148.943
-129.601
-146.548
-143.544
-142.546
-146.508
-144.123
-127.555
-142.524
-131.197
-137.623
-156.955
-152.237
-137.953
-146.951
-144.96
-143.946
-153.918
-134.921
-152.875
-142.425
-146.163
-146.564
-142.085
-143.567
-141.52
-123.546
-127.082
-118.578
-123.213
-131.136
-113.739
-123.755
-117.601
-120.596
-113.522
-140.606
-130.729
-118.575
-110.63
-121.085
-118.679
-116.706
-113.648
-120.794
-110.785
-120.657
-127.776
-122.692
-123.568
-110.568
-118.535
-121.532
-110.529
-120.553
-127.592
-114.649
-120.98
-121.088
