124.24
135.289
141.264
140.312
127.299
137.287
138.289
140.251
139.623
129.623
137.661
131.98
149.035
135.046
143.074
139.132
143.093
146.09
143.126
138.101
145.06
143.076
142.083
143.726
136.331
138.336
130.332
136.729
126.32
137.693
131.706
134.754
139.761
141.796
137.779
147.799
144.817
145.035
136.041
143.041
138.099
137.033
148.084
130.685
127.654
138.683
142.124
150.598
143.043
150.563
153.69
147.149
160.499
162.663
171.328
165.084
169.152
173.238
167.568
161.589
159.583
171.892
169.826
162.81
157.481
171.398
163.268
157.072
163.032
162.969
166.983
156.943
159.601
161.548
158.544
155.546
163.508
159.123
166.555
160.524
146.197
159.623
157.955
160.237
163.953
166.951
155.96
160.946
156.918
157.921
160.875
162.425
150.163
158.564
152.085
142.567
159.52
151.546
148.082
145.578
153.213
147.136
137.739
138.755
133.601
143.596
132.522
138.606
139.729
147.575
140.63
143.085
148.679
142.706
135.648
143.794
133.785
131.657
126.776
137.692
132.568
142.568
145.535
139.532
144.529
147.553
133.592
147.649
149.98
148.088
