-128.24
-131.289
-120.264
-131.312
-121.299
-125.287
-120.289
-133.251
-124.623
-133.623
-134.661
-132.98
-131.035
-136.046
-133.074
-139.132
-132.093
-137.09
-128.126
-129.101
-135.06
-128.076
-129.083
-136.726
-132.331
-131.336
-129.332
-124.729
-130.32
-132.693
-135.706
-130.754
-130.761
-129.796
-130.779
-130.799
-136.817
-128.035
-138.041
-132.041
-132.099
-131.033
-134.084
-131.685
-134.654
-136.683
-139.124
-132.598
-140.043
-146.563
-143.69
-150.149
-157.499
-151.663
-157.328
-152.084
-159.152
-160.238
-158.568
-155.589
-151.583
-163.892
-154.826
-154.81
-151.481
-162.398
-151.268
-154.072
-149.032
-160.969
-152.983
-154.943
-150.601
-156.548
-154.544
-151.546
-150.508
-144.123
-151.555
-156.524
-152.197
-154.623
-153.955
-156.237
-157.953
-148.951
-150.96
-157.946
-160.918
-148.921
-153.875
-150.425
-148.163
-154.564
-147.085
-142.567
-137.52
-146.546
-142.082
-135.578
-135.213
-133.136
-130.739
-136.755
-124.601
-131.596
-136.522
-129.606
-129.729
-131.575
-129.63
-140.085
-124.679
-126.706
-125.648
-129.794
-124.785
-129.657
-129.776
-128.692
-130.568
-122.568
-126.535
-131.532
-128.529
-127.553
-126.592
-124.649
-129.98
-132.088
