148.24
147.289
130.264
138.312
148.299
144.287
151.289
144.251
133.623
140.623
150.661
141.98
144.035
159.046
146.074
141.132
141.093
151.09
148.126
146.101
157.06
158.076
149.083
139.726
135.331
142.336
145.332
148.729
133.32
145.693
160.706
136.754
145.761
159.796
139.779
146.799
137.817
150.035
152.041
149.041
146.099
138.033
144.084
140.685
149.654
151.683
133.124
146.598
167.043
158.563
147.69
153.149
152.499
165.663
178.328
180.084
172.152
160.238
174.568
188.589
173.583
167.892
170.826
175.81
165.481
167.398
177.268
165.072
177.032
155.969
170.983
184.943
168.601
164.548
158.544
176.546
176.508
156.123
163.555
167.524
154.197
161.623
168.955
167.237
179.953
174.951
179.96
171.946
160.918
185.921
173.875
154.425
149.163
166.564
152.085
161.567
171.52
156.546
173.082
164.578
147.213
148.136
144.739
146.755
140.601
135.596
138.522
128.606
144.729
131.575
151.63
156.085
141.679
136.706
144.648
155.794
155.785
138.657
162.776
149.692
151.568
140.568
144.535
137.532
141.529
150.553
135.592
142.649
148.98
158.088
