-110.24
-107.289
-115.264
-100.312
-126.299
-109.287
-131.289
-94.251
-125.623
-124.623
-127.661
-109.98
-124.035
-122.046
-120.074
-107.132
-130.093
-112.09
-114.126
-133.101
-131.06
-125.076
-132.083
-124.726
-106.331
-120.336
-113.332
-130.729
-109.32
-124.693
-126.706
-119.754
-99.761
-100.796
-121.779
-126.799
-103.817
-121.035
-121.041
-127.041
-125.099
-126.033
-116.084
-108.685
-128.654
-117.683
-117.124
-121.598
-135.043
-122.563
-135.69
-138.149
-142.499
-144.663
-130.328
-144.084
-143.152
-156.238
-133.568
-146.589
-145.583
-147.892
-164.826
-126.81
-160.481
-148.398
-147.268
-145.072
-150.032
-146.969
-134.983
-132.943
-145.601
-142.548
-143.544
-141.546
-137.508
-140.123
-138.555
-138.524
-133.197
-158.623
-125.955
-149.237
-127.953
-162.951
-141.96
-149.946
-134.918
-146.921
-145.875
-139.425
-141.163
-143.564
-141.085
-122.567
-129.52
-129.546
-133.082
-124.578
-127.213
-120.136
-123.739
-104.755
-125.601
-119.596
-121.522
-127.606
-126.729
-122.575
-119.63
-110.085
-110.679
-107.706
-121.648
-127.794
-116.785
-110.657
-104.776
-116.692
-125.568
-100.568
-124.535
-119.532
-113.529
-132.553
-128.592
-123.649
-135.98
-133.088
