125.24
131.289
137.264
135.312
128.299
133.287
139.289
136.251
141.623
131.623
134.661
133.98
150.035
137.046
143.074
139.132
144.093
143.09
140.126
138.101
146.06
143.076
137.083
139.726
136.331
138.336
132.332
137.729
127.32
138.693
132.706
134.754
139.761
138.796
133.779
144.799
141.817
142.035
137.041
143.041
140.099
137.033
149.084
131.685
128.654
135.683
142.124
145.598
145.043
151.563
149.69
147.149
161.499
158.663
166.328
165.084
165.152
169.238
169.568
162.589
156.583
166.892
169.826
164.81
159.481
166.398
159.268
159.072
160.032
159.969
162.983
152.943
159.601
157.548
154.544
155.546
159.508
155.123
161.555
160.524
146.197
160.623
158.955
162.237
158.953
162.951
155.96
157.946
157.918
154.921
162.875
163.425
150.163
154.564
152.085
142.567
160.52
151.546
150.082
146.578
149.213
149.136
133.739
138.755
133.601
144.596
132.522
139.606
135.729
142.575
137.63
138.085
145.679
139.706
131.648
144.794
134.785
131.657
127.776
137.692
134.568
139.568
145.535
140.532
141.529
144.553
128.592
144.649
144.98
143.088
