-114.24
-122.289
-103.264
-119.312
-129.299
-110.287
-128.289
-120.251
-111.623
-115.623
-112.661
-113.98
-103.035
-119.046
-126.074
-127.132
-128.093
-117.09
-105.126
-116.101
-118.06
-93.076
-117.083
-111.726
-100.331
-110.336
-119.332
-113.729
-126.32
-124.693
-124.706
-115.754
-128.761
-124.796
-132.779
-125.799
-111.817
-116.035
-101.041
-110.041
-119.099
-117.033
-113.084
-97.685
-123.654
-110.683
-125.124
-123.598
-120.043
-138.563
-131.69
-142.149
-127.499
-139.663
-151.328
-139.084
-149.152
-142.238
-138.568
-144.589
-149.583
-165.892
-146.826
-145.81
-141.481
-149.398
-125.268
-140.072
-144.032
-136.969
-140.983
-137.943
-140.601
-128.548
-133.544
-120.546
-137.508
-145.123
-134.555
-143.524
-139.197
-124.623
-146.955
-150.237
-142.953
-156.951
-139.96
-134.946
-147.918
-146.921
-148.875
-128.425
-144.163
-154.564
-143.085
-142.567
-135.52
-120.546
-124.082
-122.578
-133.213
-122.136
-122.739
-121.755
-120.601
-110.596
-120.522
-121.606
-119.729
-131.575
-118.63
-123.085
-116.679
-103.706
-126.648
-101.794
-118.785
-117.657
-132.776
-105.692
-122.568
-107.568
-121.535
-140.532
-105.529
-100.553
-117.592
-107.649
-114.98
-110.088
