139.24
137.289
132.264
139.312
136.299
139.287
134.289
145.251
150.623
148.623
136.661
157.98
147.035
151.046
156.074
135.132
132.093
147.09
158.126
162.101
152.06
139.076
139.083
143.726
141.331
147.336
146.332
124.729
137.32
142.693
155.706
132.754
142.761
149.796
139.779
162.799
132.817
156.035
142.041
148.041
149.099
154.033
148.084
148.685
146.654
143.683
145.124
155.598
153.043
153.563
168.69
163.149
167.499
164.663
175.328
174.084
176.152
171.238
170.568
164.589
171.583
186.892
190.826
177.81
167.481
174.398
168.268
171.072
183.032
159.969
177.983
161.943
179.601
155.548
169.544
174.546
167.508
164.123
167.555
174.524
172.197
164.623
165.955
177.237
165.953
162.951
173.96
167.946
159.918
169.921
158.875
167.425
167.163
176.564
149.085
160.567
164.52
178.546
159.082
145.578
148.213
152.136
152.739
152.755
150.601
143.596
136.522
150.606
147.729
147.575
147.63
142.085
144.679
149.706
162.648
155.794
135.785
158.657
152.776
159.692
141.568
166.568
140.535
135.532
146.529
144.553
147.592
140.649
153.98
147.088
