138.24
139.289
142.264
135.312
142.299
158.287
133.289
150.251
140.623
153.623
132.661
151.98
153.035
145.046
149.074
153.132
150.093
140.09
154.126
148.101
142.06
144.076
163.083
129.726
142.331
132.336
138.332
151.729
157.32
147.693
147.706
153.754
141.761
140.796
146.779
159.799
139.817
153.035
152.041
160.041
153.099
144.033
160.084
165.685
129.654
138.683
135.124
140.598
164.043
141.563
169.69
158.149
160.499
168.663
173.328
164.084
147.152
176.238
178.568
178.589
184.583
168.892
163.826
172.81
168.481
183.398
155.268
174.072
169.032
179.969
174.983
176.943
176.601
176.548
185.544
169.546
166.508
157.123
160.555
153.524
161.197
170.623
159.955
177.237
176.953
159.951
177.96
185.946
183.918
168.921
183.875
161.425
165.163
172.564
156.085
152.567
155.52
163.546
159.082
152.578
143.213
131.136
154.739
152.755
147.601
157.596
146.522
149.606
156.729
150.575
136.63
154.085
145.679
143.706
145.648
145.794
143.785
154.657
138.776
146.692
147.568
147.568
148.535
139.532
153.529
154.553
145.592
157.649
144.98
144.088
