140.24
142.289
144.264
130.312
140.299
155.287
130.289
148.251
140.623
149.623
134.661
142.98
149.035
144.046
147.074
146.132
140.093
142.09
146.126
145.101
139.06
140.076
155.083
129.726
145.331
131.336
133.332
147.729
147.32
143.693
142.706
145.754
138.761
141.796
144.779
150.799
136.817
151.035
144.041
153.041
150.099
146.033
155.084
157.685
126.654
142.683
133.124
136.598
158.043
145.563
160.69
159.149
161.499
164.663
177.328
168.084
151.152
173.238
168.568
174.589
176.583
164.892
166.826
169.81
165.481
175.398
157.268
169.072
170.032
175.969
173.983
174.943
169.601
173.548
180.544
166.546
168.508
154.123
158.555
155.524
158.197
168.623
156.955
167.237
171.953
156.951
170.96
175.946
173.918
172.921
181.875
157.425
155.163
168.564
154.085
154.567
158.52
155.546
155.082
149.578
139.213
133.136
150.739
151.755
150.601
154.596
149.522
146.606
152.729
142.575
136.63
156.085
144.679
140.706
142.648
142.794
145.785
147.657
129.776
141.692
138.568
148.568
139.535
138.532
149.529
150.553
147.592
148.649
139.98
142.088
