-124.24
-126.289
-126.264
-129.312
-131.299
-130.287
-131.289
-130.251
-128.623
-134.623
-129.661
-132.98
-137.035
-131.046
-136.074
-136.132
-131.093
-131.09
-133.126
-136.101
-137.06
-133.076
-131.083
-133.726
-124.331
-131.336
-124.332
-128.729
-131.32
-134.693
-134.706
-128.754
-128.761
-129.796
-132.779
-134.799
-134.817
-137.035
-138.041
-132.041
-133.099
-133.033
-133.084
-129.685
-127.654
-133.683
-133.124
-139.598
-139.043
-148.563
-141.69
-147.149
-153.499
-150.663
-155.328
-152.084
-154.152
-157.238
-157.568
-162.589
-157.583
-160.892
-163.826
-159.81
-155.481
-161.398
-156.268
-154.072
-158.032
-151.969
-156.983
-156.943
-155.601
-150.548
-155.544
-153.546
-149.508
-145.123
-148.555
-154.524
-147.197
-150.623
-157.955
-157.237
-152.953
-153.951
-151.96
-153.946
-157.918
-158.921
-156.875
-155.425
-147.163
-153.564
-145.085
-147.567
-142.52
-148.546
-143.082
-134.578
-138.213
-138.136
-128.739
-129.755
-134.601
-133.596
-133.522
-129.606
-128.729
-132.575
-127.63
-131.085
-129.679
-128.706
-129.648
-132.794
-133.785
-133.657
-127.776
-129.692
-129.568
-128.568
-129.535
-129.532
-134.529
-133.553
-133.592
-132.649
-130.98
-137.088
