138.24
131.289
133.264
138.312
134.299
128.287
136.289
129.251
139.623
141.623
137.661
138.98
138.035
137.046
133.074
144.132
133.093
141.09
140.126
144.101
140.06
143.076
140.083
134.726
131.331
134.336
135.332
130.729
130.32
136.693
135.706
135.754
135.761
137.796
135.779
131.799
134.817
134.035
145.041
139.041
138.099
140.033
139.084
128.685
134.654
130.683
132.124
140.598
152.043
149.563
154.69
151.149
152.499
161.663
165.328
154.084
162.152
165.238
158.568
163.589
158.583
170.892
171.826
172.81
168.481
158.398
156.268
164.072
161.032
159.969
164.983
165.943
156.601
151.548
156.544
163.546
155.508
159.123
156.555
152.524
152.197
158.623
154.955
163.237
165.953
163.951
160.96
158.946
159.918
159.921
160.875
157.425
157.163
151.564
154.085
149.567
147.52
145.546
147.082
140.578
144.213
135.136
130.739
130.755
134.601
135.596
135.522
136.606
140.729
139.575
136.63
144.085
129.679
136.706
141.648
140.794
138.785
131.657
141.776
134.692
131.568
133.568
134.535
142.532
130.529
136.553
135.592
135.649
132.98
140.088
