-115.24
-124.289
-130.264
-123.312
-119.299
-122.287
-133.289
-121.251
-121.623
-124.623
-125.661
-124.98
-123.035
-130.046
-129.074
-131.132
-127.093
-133.09
-137.126
-134.101
-132.06
-127.076
-130.083
-126.726
-125.331
-126.336
-130.332
-131.729
-113.32
-133.693
-121.706
-126.754
-125.761
-121.796
-128.779
-127.799
-128.817
-131.035
-129.041
-122.041
-121.099
-137.033
-137.084
-126.685
-137.654
-121.683
-129.124
-125.598
-139.043
-151.563
-143.69
-148.149
-138.499
-141.663
-154.328
-155.084
-151.152
-142.238
-149.568
-145.589
-155.583
-146.892
-150.826
-157.81
-150.481
-153.398
-155.268
-151.072
-156.032
-150.969
-154.983
-147.943
-147.601
-147.548
-152.544
-156.546
-148.508
-145.123
-143.555
-145.524
-139.197
-151.623
-148.955
-150.237
-148.953
-151.951
-158.96
-156.946
-155.918
-154.921
-147.875
-146.425
-135.163
-146.564
-155.085
-139.567
-143.52
-139.546
-134.082
-138.578
-132.213
-124.136
-124.739
-134.755
-122.601
-129.596
-121.522
-126.606
-123.729
-123.575
-124.63
-128.085
-129.679
-125.706
-126.648
-133.794
-127.785
-130.657
-125.776
-127.692
-124.568
-122.568
-131.535
-125.532
-126.529
-122.553
-133.592
-117.649
-129.98
-139.088
