138.24
141.289
144.264
135.312
144.299
155.287
135.289
152.251
140.623
149.623
134.661
146.98
153.035
147.046
151.074
149.132
145.093
141.09
150.126
149.101
139.06
139.076
160.083
129.726
143.331
129.336
138.332
146.729
152.32
147.693
142.706
150.754
141.761
140.796
148.779
155.799
141.817
155.035
147.041
156.041
154.099
146.033
155.084
162.685
131.654
140.683
131.124
140.598
161.043
143.563
164.69
159.149
160.499
168.663
175.328
166.084
149.152
178.238
173.568
178.589
180.583
169.892
164.826
172.81
168.481
180.398
156.268
169.072
170.032
180.969
171.983
172.943
172.601
177.548
180.544
169.546
167.508
158.123
157.555
155.524
162.197
166.623
154.955
172.237
171.953
155.951
173.96
180.946
178.918
170.921
185.875
161.425
160.163
172.564
153.085
152.567
156.52
158.546
155.082
154.578
138.213
131.136
150.739
154.755
149.601
157.596
148.522
149.606
151.729
145.575
136.63
154.085
147.679
140.706
146.648
146.794
144.785
150.657
133.776
141.692
142.568
148.568
144.535
136.532
153.529
154.553
146.592
152.649
144.98
145.088
