124.24
130.289
130.264
133.312
131.299
125.287
124.289
136.251
145.623
137.623
129.661
138.98
145.035
137.046
148.074
138.132
137.093
136.09
147.126
142.101
144.06
142.076
132.083
132.726
133.331
138.336
142.332
128.729
126.32
132.693
137.706
132.754
133.761
130.796
139.779
140.799
129.817
142.035
138.041
143.041
137.099
146.033
137.084
134.685
132.654
129.683
138.124
144.598
140.043
149.563
146.69
153.149
161.499
154.663
161.328
167.084
164.152
165.238
163.568
163.589
163.583
166.892
178.826
166.81
160.481
169.398
167.268
163.072
168.032
153.969
163.983
164.943
168.601
152.548
161.544
166.546
160.508
156.123
155.555
159.524
158.197
154.623
159.955
162.237
164.953
158.951
161.96
159.946
159.918
160.921
157.875
159.425
155.163
160.564
148.085
146.567
157.52
159.546
147.082
145.578
137.213
143.136
144.739
138.755
141.601
135.596
138.522
145.606
132.729
138.575
138.63
142.085
133.679
143.706
144.648
140.794
129.785
144.657
136.776
142.692
133.568
144.568
132.535
135.532
142.529
127.553
142.592
134.649
139.98
138.088
