-112.24
-122.289
-108.264
-117.312
-133.299
-115.287
-128.289
-120.251
-110.623
-113.623
-117.661
-116.98
-108.035
-123.046
-124.074
-132.132
-131.093
-115.09
-109.126
-116.101
-123.06
-97.076
-122.083
-114.726
-105.331
-109.336
-124.332
-118.729
-125.32
-123.693
-127.706
-115.754
-126.761
-128.796
-130.779
-128.799
-111.817
-115.035
-104.041
-114.041
-122.099
-122.033
-116.084
-102.685
-122.654
-113.683
-124.124
-122.598
-124.043
-143.563
-131.69
-140.149
-130.499
-139.663
-150.328
-138.084
-152.152
-146.238
-143.568
-144.589
-148.583
-169.892
-145.826
-150.81
-146.481
-148.398
-129.268
-145.072
-142.032
-139.969
-140.983
-140.943
-144.601
-128.548
-131.544
-119.546
-141.508
-144.123
-132.555
-147.524
-142.197
-122.623
-146.955
-155.237
-141.953
-155.951
-143.96
-139.946
-152.918
-146.921
-151.875
-127.425
-147.163
-152.564
-148.085
-147.567
-140.52
-118.546
-127.082
-122.578
-132.213
-127.136
-126.739
-119.755
-120.601
-115.596
-118.522
-120.606
-119.729
-130.575
-116.63
-126.085
-121.679
-102.706
-130.648
-105.794
-117.785
-120.657
-132.776
-109.692
-127.568
-105.568
-124.535
-140.532
-105.529
-105.553
-117.592
-110.649
-118.98
-115.088
