-109.24
-118.289
-110.264
-126.312
-132.299
-116.287
-126.289
-125.251
-117.623
-122.623
-119.661
-125.98
-112.035
-127.046
-127.074
-130.132
-129.093
-115.09
-111.126
-120.101
-131.06
-106.076
-130.083
-116.726
-108.331
-117.336
-127.332
-126.729
-129.32
-130.693
-132.706
-118.754
-124.761
-131.796
-126.779
-130.799
-119.817
-121.035
-113.041
-118.041
-125.099
-123.033
-119.084
-112.685
-125.654
-116.683
-129.124
-131.598
-122.043
-141.563
-139.69
-136.149
-135.499
-145.663
-149.328
-142.084
-155.152
-151.238
-146.568
-141.589
-152.583
-166.892
-146.826
-160.81
-148.481
-155.398
-131.268
-141.072
-148.032
-143.969
-143.983
-148.943
-146.601
-138.548
-135.544
-125.546
-143.508
-142.123
-139.555
-149.524
-144.197
-130.623
-151.955
-157.237
-141.953
-158.951
-146.96
-141.946
-148.918
-142.921
-152.875
-136.425
-146.163
-150.564
-149.085
-143.567
-138.52
-123.546
-135.082
-120.578
-132.213
-126.136
-126.739
-122.755
-122.601
-117.596
-120.522
-127.606
-122.729
-133.575
-124.63
-129.085
-119.679
-109.706
-127.648
-109.794
-119.785
-127.657
-135.776
-112.692
-126.568
-107.568
-121.535
-136.532
-106.529
-113.553
-121.592
-113.649
-122.98
-113.088
