121.24
135.289
149.264
143.312
134.299
135.287
146.289
147.251
144.623
131.623
146.661
142.98
162.035
141.046
145.074
146.132
145.093
147.09
155.126
142.101
152.06
155.076
145.083
146.726
142.331
147.336
137.332
138.729
125.32
142.693
137.706
140.754
145.761
146.796
142.779
146.799
151.817
149.035
141.041
157.041
140.099
133.033
152.084
140.685
121.654
146.683
150.124
150.598
150.043
155.563
155.69
155.149
169.499
169.663
174.328
177.084
172.152
170.238
163.568
168.589
164.583
179.892
182.826
170.81
163.481
183.398
159.268
158.072
169.032
165.969
169.983
153.943
163.601
165.548
162.544
166.546
168.508
168.123
164.555
166.524
152.197
165.623
160.955
164.237
166.953
177.951
163.96
161.946
170.918
161.921
166.875
170.425
149.163
164.564
158.085
138.567
161.52
151.546
154.082
156.578
156.213
153.136
131.739
143.755
135.601
151.596
142.522
150.606
146.729
151.575
143.63
152.085
156.679
146.706
131.648
139.794
145.785
137.657
121.776
138.692
145.568
140.568
151.535
146.532
147.529
157.553
141.592
150.649
160.98
144.088
