-120.24
-126.289
-121.264
-126.312
-127.299
-125.287
-133.289
-127.251
-123.623
-135.623
-129.661
-129.98
-132.035
-131.046
-138.074
-137.132
-133.093
-126.09
-133.126
-136.101
-133.06
-129.076
-133.083
-135.726
-125.331
-133.336
-126.332
-123.729
-131.32
-130.693
-136.706
-123.754
-125.761
-131.796
-133.779
-130.799
-135.817
-137.035
-135.041
-128.041
-134.099
-135.033
-134.084
-125.685
-123.654
-135.683
-129.124
-135.598
-141.043
-143.563
-143.69
-148.149
-155.499
-151.663
-156.328
-154.084
-154.152
-152.238
-152.568
-159.589
-158.583
-162.892
-158.826
-156.81
-156.481
-162.398
-151.268
-150.072
-154.032
-146.969
-158.983
-153.943
-152.601
-151.548
-155.544
-149.546
-145.508
-140.123
-148.555
-151.524
-147.197
-150.623
-153.955
-157.237
-154.953
-153.951
-153.96
-149.946
-154.918
-159.921
-157.875
-157.425
-149.163
-154.564
-141.085
-142.567
-138.52
-149.546
-145.082
-136.578
-139.213
-138.136
-123.739
-130.755
-135.601
-135.596
-133.522
-131.606
-125.729
-127.575
-128.63
-127.085
-126.679
-123.706
-130.648
-133.794
-135.785
-133.657
-124.776
-124.692
-129.568
-128.568
-125.535
-130.532
-135.529
-128.553
-130.592
-134.649
-126.98
-137.088
