137.24
132.289
126.264
128.312
136.299
128.287
133.289
127.251
134.623
135.623
133.661
144.98
140.035
140.046
134.074
140.132
144.093
144.09
139.126
135.101
140.06
139.076
143.083
137.726
139.331
132.336
131.332
129.729
136.32
142.693
132.706
136.754
135.761
128.796
139.779
134.799
132.817
145.035
138.041
132.041
138.099
138.033
143.084
131.685
140.654
134.683
143.124
148.598
144.043
145.563
148.69
148.149
157.499
158.663
165.328
160.084
155.152
166.238
163.568
165.589
167.583
171.892
160.826
171.81
159.481
158.398
157.268
158.072
160.032
161.969
154.983
161.943
156.601
156.548
155.544
162.546
157.508
151.123
155.555
155.524
146.197
150.623
164.955
169.237
159.953
162.951
161.96
160.946
158.918
162.921
158.875
157.425
160.163
161.564
154.085
145.567
149.52
153.546
151.082
148.578
143.213
144.136
135.739
136.755
130.601
140.596
134.522
134.606
134.729
128.575
135.63
138.085
135.679
140.706
131.648
134.794
140.785
141.657
135.776
135.692
142.568
141.568
128.535
131.532
128.529
142.553
142.592
140.649
134.98
140.088
