141.24
138.289
138.264
133.312
147.299
143.287
145.289
135.251
149.623
142.623
137.661
153.98
152.035
147.046
141.074
147.132
157.093
165.09
158.126
147.101
141.06
147.076
157.083
154.726
163.331
148.336
156.332
136.729
156.32
147.693
141.706
141.754
146.761
138.796
142.779
141.799
145.817
153.035
144.041
144.041
148.099
151.033
168.084
138.685
146.654
143.683
151.124
159.598
163.043
163.563
151.69
153.149
166.499
170.663
176.328
180.084
172.152
170.238
180.568
173.589
176.583
178.892
168.826
182.81
161.481
160.398
166.268
168.072
184.032
163.969
167.983
163.943
163.601
171.548
182.544
167.546
164.508
168.123
162.555
169.524
163.197
154.623
176.955
178.237
174.953
173.951
183.96
167.946
175.918
179.921
174.875
165.425
179.163
170.564
168.085
155.567
154.52
161.546
168.082
160.578
155.213
152.136
138.739
145.755
144.601
150.596
137.522
144.606
146.729
148.575
151.63
146.085
152.679
148.706
137.648
150.794
144.785
155.657
142.776
133.692
154.568
145.568
137.535
129.532
133.529
146.553
149.592
155.649
145.98
161.088
