151.24
147.289
148.264
131.312
130.299
135.287
136.289
137.251
153.623
145.623
142.661
148.98
141.035
140.046
145.074
150.132
138.093
138.09
149.126
142.101
148.06
135.076
142.083
138.726
125.331
137.336
127.332
137.729
142.32
141.693
134.706
137.754
138.761
142.796
135.779
135.799
148.817
140.035
148.041
144.041
154.099
144.033
145.084
152.685
136.654
144.683
144.124
149.598
157.043
175.563
149.69
175.149
157.499
160.663
172.328
168.084
174.152
173.238
176.568
171.589
161.583
182.892
182.826
176.81
167.481
163.398
169.268
165.072
170.032
169.969
181.983
155.943
171.601
157.548
160.544
154.546
180.508
164.123
162.555
162.524
171.197
159.623
179.955
175.237
172.953
154.951
176.96
166.946
171.918
160.921
172.875
152.425
150.163
164.564
169.085
154.567
153.52
156.546
150.082
153.578
133.213
130.136
144.739
149.755
145.601
145.596
149.522
136.606
146.729
154.575
138.63
149.085
138.679
131.706
146.648
141.794
139.785
132.657
141.776
146.692
149.568
151.568
149.535
142.532
140.529
139.553
134.592
139.649
145.98
148.088
