-108.24
-108.289
-109.264
-105.312
-129.299
-99.287
-112.289
-110.251
-111.623
-118.623
-114.661
-115.98
-117.035
-128.046
-128.074
-116.132
-115.093
-111.09
-118.126
-114.101
-123.06
-128.076
-130.083
-119.726
-127.331
-119.336
-131.332
-121.729
-124.32
-115.693
-109.706
-103.754
-111.761
-126.796
-118.779
-95.799
-108.817
-137.035
-119.041
-128.041
-143.099
-130.033
-125.084
-114.685
-116.654
-110.683
-125.124
-133.598
-127.043
-130.563
-128.69
-125.149
-124.499
-148.663
-147.328
-139.084
-136.152
-141.238
-142.568
-141.589
-141.583
-149.892
-145.826
-149.81
-139.481
-156.398
-132.268
-139.072
-138.032
-138.969
-145.983
-128.943
-152.601
-126.548
-146.544
-142.546
-144.508
-137.123
-146.555
-124.524
-141.197
-147.623
-137.955
-147.237
-154.953
-139.951
-152.96
-131.946
-138.918
-161.921
-156.875
-149.425
-131.163
-155.564
-139.085
-135.567
-124.52
-112.546
-127.082
-127.578
-116.213
-119.136
-110.739
-124.755
-118.601
-107.596
-113.522
-130.606
-124.729
-105.575
-107.63
-111.085
-124.679
-119.706
-121.648
-118.794
-124.785
-109.657
-104.776
-118.692
-105.568
-107.568
-125.535
-122.532
-117.529
-111.553
-103.592
-113.649
-117.98
-125.088
