124.24
133.289
128.264
133.312
134.299
129.287
128.289
136.251
145.623
136.623
127.661
138.98
143.035
141.046
146.074
136.132
135.093
135.09
147.126
147.101
149.06
141.076
132.083
132.726
138.331
138.336
147.332
126.729
126.32
136.693
136.706
131.754
137.761
135.796
139.779
144.799
129.817
147.035
137.041
146.041
140.099
149.033
140.084
137.685
137.654
132.683
143.124
143.598
143.043
147.563
150.69
151.149
160.499
153.663
164.328
165.084
162.152
170.238
167.568
163.589
163.583
170.892
177.826
170.81
163.481
169.398
165.268
161.072
167.032
156.969
163.983
162.943
172.601
152.548
166.544
165.546
165.508
154.123
160.555
159.524
162.197
159.623
158.955
162.237
168.953
163.951
165.96
159.946
157.918
164.921
155.875
158.425
158.163
164.564
148.085
145.567
156.52
157.546
151.082
143.578
142.213
146.136
142.739
141.755
146.601
138.596
136.522
149.606
135.729
138.575
137.63
141.085
132.679
146.706
148.648
143.794
127.785
148.657
140.776
147.692
133.568
144.568
135.535
138.532
145.529
126.553
146.592
134.649
142.98
136.088
