129.24
133.289
129.264
133.312
132.299
128.287
134.289
133.251
130.623
136.623
135.661
139.98
141.035
135.046
140.074
134.132
134.093
136.09
134.126
139.101
139.06
141.076
136.083
130.726
134.331
134.336
127.332
135.729
129.32
131.693
131.706
131.754
135.761
137.796
131.779
137.799
130.817
134.035
139.041
134.041
136.099
135.033
139.084
136.685
136.654
137.683
135.124
139.598
147.043
150.563
144.69
149.149
156.499
158.663
164.328
160.084
162.152
157.238
158.568
160.589
165.583
161.892
163.826
162.81
163.481
160.398
165.268
157.072
162.032
156.969
156.983
161.943
157.601
156.548
153.544
157.546
157.508
150.123
156.555
151.524
148.197
153.623
159.955
158.237
160.953
156.951
155.96
156.946
161.918
159.921
155.875
152.425
149.163
157.564
150.085
149.567
146.52
145.546
148.082
144.578
135.213
139.136
131.739
135.755
137.601
131.596
130.522
131.606
137.729
130.575
130.63
141.085
130.679
137.706
136.648
136.794
136.785
136.657
132.776
137.692
135.568
136.568
136.535
131.532
130.529
130.553
130.592
135.649
140.98
134.088
