139.24
153.289
138.264
137.312
145.299
140.287
157.289
142.251
143.623
151.623
155.661
152.98
132.035
163.046
170.074
167.132
138.093
137.09
136.126
150.101
142.06
163.076
144.083
150.726
156.331
150.336
155.332
140.729
150.32
143.693
149.706
159.754
137.761
148.796
142.779
147.799
150.817
152.035
140.041
171.041
161.099
153.033
140.084
161.685
129.654
167.683
138.124
152.598
168.043
154.563
155.69
180.149
183.499
177.663
167.328
171.084
162.152
163.238
182.568
181.589
191.583
176.892
183.826
183.81
168.481
183.398
157.268
168.072
164.032
173.969
180.983
185.943
180.601
155.548
175.544
169.546
167.508
173.123
161.555
168.524
162.197
180.623
170.955
181.237
186.953
182.951
169.96
186.946
167.918
167.921
158.875
167.425
175.163
169.564
166.085
153.567
156.52
142.546
174.082
158.578
148.213
167.136
149.739
146.755
140.601
157.596
145.522
136.606
148.729
145.575
144.63
152.085
161.679
161.706
149.648
161.794
133.785
135.657
145.776
155.692
150.568
150.568
147.535
148.532
143.529
139.553
143.592
151.649
156.98
151.088
