-114.24
-102.289
-122.264
-115.312
-98.299
-121.287
-134.289
-110.251
-126.623
-111.623
-126.661
-109.98
-125.035
-119.046
-125.074
-111.132
-106.093
-115.09
-125.126
-143.101
-130.06
-126.076
-119.083
-118.726
-119.331
-101.336
-113.332
-107.729
-113.32
-108.693
-109.706
-110.754
-128.761
-129.796
-126.779
-114.799
-110.817
-112.035
-125.041
-105.041
-121.099
-113.033
-104.084
-128.685
-127.654
-122.683
-126.124
-113.598
-125.043
-136.563
-123.69
-126.149
-133.499
-146.663
-145.328
-142.084
-146.152
-143.238
-148.568
-141.589
-138.583
-150.892
-140.826
-148.81
-146.481
-135.398
-150.268
-134.072
-130.032
-138.969
-138.983
-134.943
-126.601
-137.548
-144.544
-157.546
-145.508
-127.123
-130.555
-141.524
-138.197
-129.623
-121.955
-134.237
-147.953
-135.951
-146.96
-133.946
-149.918
-139.921
-145.875
-140.425
-153.163
-124.564
-128.085
-122.567
-120.52
-138.546
-128.082
-123.578
-109.213
-124.136
-98.739
-104.755
-118.601
-132.596
-104.522
-119.606
-124.729
-112.575
-123.63
-125.085
-128.679
-117.706
-129.648
-111.794
-119.785
-115.657
-119.776
-126.692
-113.568
-114.568
-113.535
-110.532
-127.529
-121.553
-109.592
-114.649
-123.98
-131.088
