144.24
136.289
132.264
129.312
138.299
136.287
144.289
134.251
135.623
135.623
134.661
151.98
151.035
147.046
139.074
144.132
149.093
156.09
145.126
147.101
143.06
150.076
149.083
147.726
154.331
140.336
148.332
135.729
149.32
141.693
137.706
139.754
144.761
140.796
139.779
140.799
142.817
151.035
138.041
138.041
146.099
143.033
154.084
136.685
144.654
146.683
143.124
153.598
154.043
155.563
152.69
147.149
159.499
174.663
169.328
171.084
170.152
168.238
172.568
167.589
168.583
181.892
159.826
179.81
163.481
164.398
167.268
167.072
170.032
160.969
160.983
156.943
163.601
158.548
169.544
164.546
162.508
164.123
155.555
167.524
155.197
156.623
174.955
172.237
166.953
173.951
176.96
167.946
165.918
178.921
159.875
160.425
172.163
165.564
162.085
149.567
152.52
152.546
162.082
155.578
153.213
149.136
137.739
144.755
135.601
151.596
132.522
140.606
139.729
140.575
145.63
145.085
141.679
147.706
132.648
142.794
141.785
152.657
135.776
128.692
146.568
142.568
129.535
133.532
132.529
148.553
149.592
149.649
139.98
150.088
