144.24
137.289
128.264
131.312
140.299
133.287
141.289
136.251
132.623
131.623
134.661
147.98
146.035
147.046
141.074
144.132
149.093
151.09
141.126
142.101
143.06
146.076
144.083
143.726
150.331
137.336
143.332
130.729
149.32
142.693
134.706
139.754
141.761
140.796
140.779
141.799
139.817
146.035
138.041
133.041
143.099
138.033
150.084
138.685
146.654
146.683
144.124
155.598
155.043
151.563
153.69
147.149
160.499
169.663
165.328
166.084
170.152
169.238
167.568
167.589
168.583
176.892
156.826
181.81
165.481
165.398
164.268
167.072
170.032
161.969
155.983
156.943
164.601
154.548
165.544
165.546
164.508
161.123
157.555
162.524
150.197
152.623
175.955
173.237
162.953
175.951
171.96
163.946
165.918
175.921
160.875
161.425
168.163
162.564
158.085
146.567
149.52
154.546
159.082
156.578
150.213
149.136
138.739
144.755
137.601
148.596
132.522
137.606
141.729
135.575
142.63
147.085
141.679
149.706
132.648
139.794
143.785
153.657
136.776
130.692
143.568
142.568
125.535
128.532
132.529
143.553
145.592
146.649
136.98
145.088
