-130.24
-133.289
-117.264
-124.312
-118.299
-123.287
-112.289
-130.251
-121.623
-130.623
-130.661
-134.98
-125.035
-130.046
-129.074
-130.132
-130.093
-134.09
-128.126
-133.101
-129.06
-130.076
-128.083
-127.726
-133.331
-122.336
-121.332
-116.729
-129.32
-129.693
-137.706
-132.754
-127.761
-133.796
-128.779
-133.799
-134.817
-125.035
-133.041
-125.041
-132.099
-132.033
-132.084
-129.685
-130.654
-131.683
-133.124
-122.598
-137.043
-137.563
-135.69
-146.149
-153.499
-149.663
-156.328
-144.084
-156.152
-158.238
-156.568
-150.589
-147.583
-160.892
-151.826
-151.81
-141.481
-164.398
-148.268
-151.072
-147.032
-157.969
-155.983
-146.943
-141.601
-148.548
-153.544
-143.546
-142.508
-142.123
-144.555
-157.524
-156.197
-152.623
-144.955
-154.237
-155.953
-150.951
-140.96
-154.946
-157.918
-143.921
-149.875
-152.425
-147.163
-156.564
-149.085
-133.567
-135.52
-136.546
-145.082
-127.578
-133.213
-135.136
-123.739
-126.755
-114.601
-126.596
-126.522
-126.606
-127.729
-128.575
-124.63
-141.085
-121.679
-123.706
-117.648
-121.794
-118.785
-124.657
-131.776
-130.692
-132.568
-114.568
-123.535
-129.532
-130.529
-124.553
-130.592
-122.649
-124.98
-127.088
