153.24
148.289
132.264
155.312
146.299
147.287
150.289
156.251
149.623
157.623
136.661
149.98
140.035
153.046
137.074
160.132
136.093
161.09
146.126
161.101
138.06
158.076
153.083
137.726
147.331
143.336
134.332
146.729
147.32
139.693
139.706
149.754
149.761
151.796
137.779
146.799
152.817
144.035
148.041
158.041
147.099
150.033
147.084
142.685
140.654
145.683
143.124
147.598
151.043
172.563
168.69
173.149
180.499
172.663
174.328
161.084
172.152
169.238
170.568
173.589
169.583
180.892
173.826
184.81
191.481
170.398
158.268
161.072
178.032
174.969
174.983
168.943
169.601
156.548
178.544
177.546
170.508
183.123
162.555
175.524
172.197
162.623
156.955
174.237
176.953
169.951
169.96
168.946
158.918
165.921
173.875
162.425
174.163
159.564
176.085
160.567
152.52
154.546
153.082
147.578
163.213
142.136
143.739
136.755
150.601
154.596
140.522
146.606
157.729
143.575
153.63
159.085
132.679
144.706
152.648
143.794
152.785
154.657
146.776
135.692
147.568
147.568
150.535
157.532
134.529
158.553
136.592
143.649
147.98
147.088
