122.24
133.289
145.264
140.312
126.299
136.287
138.289
144.251
137.623
128.623
137.661
136.98
154.035
138.046
141.074
144.132
143.093
144.09
147.126
141.101
150.06
147.076
141.083
143.726
140.331
143.336
134.332
134.729
124.32
142.693
136.706
132.754
142.761
144.796
137.779
145.799
149.817
148.035
136.041
147.041
136.099
137.033
153.084
135.685
125.654
143.683
147.124
148.598
146.043
148.563
157.69
152.149
163.499
161.663
170.328
168.084
168.152
172.238
166.568
164.589
164.583
169.892
172.826
165.81
161.481
175.398
163.268
157.072
167.032
162.969
170.983
156.943
157.601
161.548
157.544
158.546
167.508
159.123
164.555
158.524
150.197
163.623
157.955
160.237
167.953
169.951
160.96
158.946
161.918
156.921
159.875
167.425
150.163
161.564
156.085
141.567
159.52
151.546
151.082
148.578
151.213
152.136
135.739
136.755
133.601
146.596
132.522
142.606
143.729
150.575
140.63
146.085
151.679
145.706
135.648
143.794
137.785
129.657
125.776
135.692
135.568
141.568
143.535
144.532
148.529
152.553
137.592
152.649
153.98
147.088
