142.24
138.289
135.264
133.312
143.299
145.287
147.289
136.251
144.623
138.623
134.661
154.98
149.035
149.046
142.074
142.132
152.093
165.09
155.126
149.101
141.06
147.076
152.083
154.726
158.331
148.336
151.332
138.729
151.32
143.693
138.706
142.754
141.761
138.796
142.779
143.799
147.817
154.035
146.041
146.041
148.099
151.033
163.084
133.685
147.654
144.683
151.124
156.598
158.043
158.563
153.69
150.149
162.499
170.663
171.328
176.084
172.152
165.238
177.568
174.589
176.583
180.892
163.826
182.81
162.481
161.398
166.268
165.072
179.032
163.969
168.983
158.943
163.601
166.548
177.544
167.546
166.508
170.123
163.555
170.524
159.197
154.623
171.955
180.237
170.953
175.951
179.96
169.946
175.918
180.921
169.875
167.425
176.163
171.564
164.085
150.567
155.52
157.546
163.082
157.578
156.213
154.136
135.739
147.755
139.601
147.596
134.522
145.606
141.729
144.575
146.63
143.085
149.679
143.706
134.648
150.794
144.785
157.657
137.776
128.692
150.568
141.568
133.535
130.532
134.529
147.553
151.592
157.649
141.98
157.088
