154.24
143.289
142.264
148.312
154.299
140.287
147.289
138.251
156.623
148.623
143.661
143.98
144.035
163.046
172.074
148.132
161.093
150.09
154.126
151.101
154.06
140.076
163.083
132.726
150.331
150.336
154.332
148.729
149.32
139.693
139.706
146.754
153.761
141.796
148.779
143.799
154.817
147.035
165.041
153.041
146.099
147.033
145.084
146.685
141.654
147.683
151.124
167.598
158.043
147.563
167.69
176.149
176.499
164.663
169.328
169.084
177.152
164.238
177.568
178.589
180.583
173.892
185.826
181.81
176.481
174.398
163.268
168.072
161.032
160.969
176.983
166.943
176.601
166.548
162.544
166.546
171.508
165.123
158.555
172.524
160.197
158.623
165.955
178.237
169.953
169.951
172.96
167.946
182.918
174.921
166.875
154.425
166.163
158.564
167.085
160.567
145.52
148.546
149.082
162.578
149.213
165.136
153.739
145.755
153.601
136.596
145.522
149.606
142.729
158.575
137.63
145.085
142.679
152.706
129.648
145.794
145.785
138.657
148.776
136.692
145.568
152.568
157.535
124.532
141.529
145.553
146.592
152.649
144.98
149.088
