128.24
129.289
128.264
129.312
132.299
127.287
133.289
133.251
131.623
137.623
130.661
140.98
140.035
139.046
139.074
134.132
140.093
141.09
136.126
139.101
139.06
139.076
134.083
130.726
128.331
134.336
132.332
135.729
127.32
132.693
135.706
136.754
137.761
135.796
131.779
132.799
130.817
139.035
139.041
140.041
136.099
139.033
141.084
131.685
136.654
132.683
136.124
144.598
142.043
150.563
151.69
154.149
153.499
151.663
160.328
160.084
160.152
160.238
164.568
159.589
164.583
162.892
162.826
162.81
159.481
158.398
158.268
160.072
157.032
159.969
161.983
161.943
151.601
151.548
156.544
157.546
151.508
154.123
151.555
152.524
153.197
152.623
161.955
165.237
159.953
154.951
161.96
159.946
160.918
155.921
160.875
153.425
150.163
153.564
148.085
150.567
144.52
144.546
143.082
144.578
135.213
136.136
131.739
136.755
130.601
132.596
131.522
132.606
135.729
131.575
137.63
135.085
130.679
135.706
136.648
135.794
132.785
132.657
137.776
131.692
132.568
132.568
131.535
136.532
135.529
131.553
135.592
135.649
140.98
139.088
