-123.24
-117.289
-123.264
-127.312
-121.299
-134.287
-132.289
-129.251
-126.623
-126.623
-131.661
-128.98
-134.035
-138.046
-134.074
-128.132
-128.093
-126.09
-130.126
-139.101
-129.06
-129.076
-135.083
-125.726
-124.331
-122.336
-120.332
-129.729
-124.32
-126.693
-130.706
-124.754
-128.761
-132.796
-130.779
-127.799
-123.817
-123.035
-134.041
-123.041
-123.099
-128.033
-126.084
-131.685
-126.654
-130.683
-126.124
-132.598
-137.043
-149.563
-142.69
-149.149
-145.499
-146.663
-153.328
-151.084
-151.152
-154.238
-159.568
-156.589
-155.583
-159.892
-151.826
-158.81
-158.481
-153.398
-151.268
-151.072
-151.032
-155.969
-153.983
-150.943
-145.601
-146.548
-151.544
-159.546
-149.508
-141.123
-154.555
-147.524
-143.197
-149.623
-143.955
-153.237
-160.953
-147.951
-149.96
-151.946
-157.918
-149.921
-153.875
-148.425
-148.163
-141.564
-145.085
-136.567
-139.52
-134.546
-136.082
-137.578
-129.213
-136.136
-118.739
-123.755
-128.601
-132.596
-124.522
-121.606
-130.729
-118.575
-136.63
-136.085
-129.679
-128.706
-129.648
-128.794
-126.785
-124.657
-136.776
-131.692
-131.568
-131.568
-119.535
-126.532
-131.529
-134.553
-126.592
-128.649
-134.98
-135.088
