-118.24
-119.289
-124.264
-130.312
-115.299
-123.287
-127.289
-120.251
-129.623
-121.623
-116.661
-119.98
-137.035
-117.046
-123.074
-141.132
-126.093
-132.09
-131.126
-134.101
-125.06
-131.076
-127.083
-124.726
-133.331
-119.336
-127.332
-123.729
-125.32
-131.693
-126.706
-124.754
-128.761
-118.796
-126.779
-127.799
-124.817
-126.035
-132.041
-129.041
-125.099
-135.033
-137.084
-129.685
-128.654
-129.683
-136.124
-124.598
-135.043
-139.563
-139.69
-149.149
-153.499
-153.663
-148.328
-144.084
-146.152
-153.238
-150.568
-158.589
-157.583
-162.892
-149.826
-157.81
-146.481
-163.398
-159.268
-159.072
-151.032
-147.969
-143.983
-160.943
-142.601
-152.548
-149.544
-147.546
-141.508
-150.123
-137.555
-146.524
-139.197
-137.623
-156.955
-152.237
-151.953
-151.951
-150.96
-146.946
-153.918
-150.921
-151.875
-157.425
-147.163
-144.564
-138.085
-153.567
-149.52
-137.546
-135.082
-130.578
-126.213
-134.136
-126.739
-125.755
-123.601
-129.596
-127.522
-139.606
-135.729
-123.575
-124.63
-125.085
-131.679
-121.706
-120.648
-122.794
-122.785
-127.657
-131.776
-129.692
-128.568
-120.568
-124.535
-130.532
-121.529
-127.553
-122.592
-124.649
-130.98
-122.088
