142.24
132.289
125.264
126.312
139.299
126.287
136.289
132.251
133.623
133.623
131.661
144.98
138.035
143.046
132.074
143.132
142.093
149.09
137.126
138.101
139.06
137.076
143.083
137.726
144.331
135.336
134.332
132.729
140.32
140.693
135.706
136.754
133.761
131.796
142.779
139.799
136.817
149.035
138.041
131.041
141.099
142.033
148.084
134.685
139.654
137.683
141.124
148.598
147.043
143.563
151.69
151.149
157.499
162.663
163.328
164.084
160.152
166.238
163.568
170.589
166.583
174.892
158.826
171.81
163.481
156.398
162.268
163.072
164.032
160.969
152.983
159.943
161.601
156.548
160.544
162.546
157.508
156.123
154.555
159.524
149.197
148.623
167.955
169.237
159.953
166.951
161.96
164.946
157.918
166.921
156.875
160.425
160.163
159.564
154.085
143.567
152.52
157.546
151.082
152.578
146.213
143.136
139.739
141.755
129.601
140.596
134.522
133.606
137.729
132.575
139.63
137.085
139.679
139.706
129.648
137.794
144.785
146.657
133.776
133.692
140.568
140.568
126.535
129.532
131.529
147.553
142.592
144.649
139.98
143.088
