-112.24
-120.289
-117.264
-104.312
-118.299
-114.287
-131.289
-127.251
-113.623
-125.623
-127.661
-117.98
-123.035
-128.046
-125.074
-127.132
-128.093
-125.09
-123.126
-126.101
-119.06
-119.076
-133.083
-127.726
-109.331
-121.336
-118.332
-103.729
-124.32
-120.693
-128.706
-112.754
-122.761
-127.796
-129.779
-123.799
-135.817
-124.035
-119.041
-126.041
-136.099
-126.033
-131.084
-121.685
-107.654
-127.683
-124.124
-127.598
-131.043
-131.563
-128.69
-139.149
-142.499
-136.663
-151.328
-145.084
-152.152
-144.238
-148.568
-152.589
-144.583
-161.892
-152.826
-157.81
-145.481
-152.398
-136.268
-143.072
-145.032
-129.969
-156.983
-154.943
-142.601
-157.548
-146.544
-127.546
-132.508
-134.123
-141.555
-140.524
-138.197
-137.623
-140.955
-153.237
-143.953
-143.951
-147.96
-141.946
-146.918
-149.921
-156.875
-143.425
-139.163
-145.564
-135.085
-138.567
-132.52
-140.546
-134.082
-129.578
-128.213
-124.136
-126.739
-131.755
-123.601
-119.596
-121.522
-110.606
-122.729
-115.575
-123.63
-130.085
-110.679
-118.706
-126.648
-134.794
-131.785
-136.657
-124.776
-120.692
-127.568
-112.568
-124.535
-127.532
-125.529
-123.553
-125.592
-124.649
-114.98
-139.088
