-119.24
-132.289
-123.264
-119.312
-132.299
-114.287
-122.289
-127.251
-124.623
-126.623
-129.661
-127.98
-126.035
-131.046
-136.074
-128.132
-138.093
-128.09
-140.126
-131.101
-131.06
-135.076
-139.083
-131.726
-128.331
-126.336
-127.332
-123.729
-123.32
-130.693
-125.706
-122.754
-125.761
-131.796
-126.779
-118.799
-119.817
-135.035
-140.041
-140.041
-137.099
-135.033
-126.084
-130.685
-124.654
-122.683
-134.124
-135.598
-139.043
-145.563
-135.69
-139.149
-148.499
-155.663
-154.328
-149.084
-156.152
-150.238
-158.568
-153.589
-152.583
-159.892
-152.826
-158.81
-152.481
-163.398
-148.268
-148.072
-154.032
-148.969
-161.983
-144.943
-156.601
-141.548
-157.544
-151.546
-150.508
-138.123
-155.555
-140.524
-138.197
-155.623
-161.955
-159.237
-153.953
-150.951
-153.96
-150.946
-150.918
-155.921
-155.875
-158.425
-143.163
-150.564
-148.085
-139.567
-140.52
-133.546
-130.082
-132.578
-131.213
-125.136
-126.739
-132.755
-127.601
-131.596
-129.522
-130.606
-132.729
-124.575
-124.63
-127.085
-126.679
-131.706
-129.648
-127.794
-135.785
-124.657
-120.776
-130.692
-121.568
-117.568
-132.535
-133.532
-125.529
-120.553
-127.592
-125.649
-129.98
-131.088
