-120.24
-129.289
-128.264
-126.312
-127.299
-126.287
-131.289
-121.251
-124.623
-123.623
-128.661
-131.98
-126.035
-133.046
-132.074
-138.132
-133.093
-133.09
-135.126
-137.101
-135.06
-126.076
-134.083
-128.726
-125.331
-124.336
-127.332
-131.729
-121.32
-130.693
-129.706
-129.754
-122.761
-128.796
-131.779
-129.799
-131.817
-134.035
-133.041
-127.041
-128.099
-135.033
-138.084
-130.685
-134.654
-129.683
-132.124
-132.598
-140.043
-148.563
-144.69
-152.149
-145.499
-150.663
-157.328
-153.084
-150.152
-148.238
-157.568
-152.589
-159.583
-154.892
-154.826
-159.81
-154.481
-158.398
-157.268
-157.072
-155.032
-155.969
-154.983
-151.943
-144.601
-146.548
-154.544
-155.546
-152.508
-146.123
-143.555
-144.524
-141.197
-156.623
-147.955
-152.237
-156.953
-149.951
-158.96
-153.946
-158.918
-155.921
-154.875
-149.425
-143.163
-154.564
-154.085
-143.567
-150.52
-142.546
-135.082
-141.578
-140.213
-127.136
-128.739
-135.755
-131.601
-134.596
-128.522
-132.606
-130.729
-127.575
-130.63
-137.085
-135.679
-127.706
-128.648
-134.794
-130.785
-128.657
-127.776
-129.692
-126.568
-130.568
-129.535
-129.532
-128.529
-125.553
-133.592
-122.649
-137.98
-137.088
