-125.24
-111.289
-125.264
-119.312
-111.299
-120.287
-132.289
-118.251
-127.623
-117.623
-124.661
-123.98
-130.035
-131.046
-127.074
-124.132
-115.093
-116.09
-126.126
-142.101
-127.06
-122.076
-130.083
-125.726
-118.331
-109.336
-115.332
-114.729
-119.32
-118.693
-122.706
-112.754
-131.761
-133.796
-124.779
-119.799
-117.817
-118.035
-131.041
-112.041
-122.099
-123.033
-117.084
-128.685
-124.654
-134.683
-126.124
-123.598
-133.043
-144.563
-131.69
-136.149
-144.499
-144.663
-150.328
-148.084
-153.152
-147.238
-152.568
-151.589
-140.583
-153.892
-148.826
-149.81
-150.481
-143.398
-151.268
-141.072
-141.032
-146.969
-145.983
-139.943
-133.601
-144.548
-140.544
-160.546
-146.508
-132.123
-137.555
-137.524
-146.197
-136.623
-130.955
-141.237
-148.953
-137.951
-151.96
-143.946
-155.918
-145.921
-153.875
-138.425
-151.163
-136.564
-131.085
-134.567
-123.52
-135.546
-132.082
-125.578
-110.213
-120.136
-107.739
-119.755
-132.601
-132.596
-118.522
-120.606
-123.729
-112.575
-123.63
-132.085
-129.679
-129.706
-136.648
-122.794
-125.785
-117.657
-125.776
-125.692
-123.568
-122.568
-117.535
-122.532
-131.529
-128.553
-122.592
-125.649
-127.98
-133.088
