140.24
138.289
135.264
140.312
143.299
133.287
137.289
136.251
148.623
141.623
142.661
144.98
140.035
149.046
153.074
136.132
153.093
142.09
149.126
141.101
156.06
140.076
146.083
131.726
135.331
141.336
144.332
144.729
139.32
135.693
138.706
142.754
141.761
136.796
141.779
137.799
141.817
138.035
150.041
143.041
144.099
148.033
139.084
137.685
136.654
142.683
141.124
156.598
154.043
147.563
160.69
159.149
159.499
167.663
153.328
157.084
162.152
165.238
172.568
174.589
168.583
156.892
172.826
171.81
166.481
158.398
167.268
157.072
152.032
165.969
165.983
157.943
169.601
157.548
166.544
153.546
159.508
156.123
159.555
165.524
151.197
159.623
160.955
175.237
164.953
167.951
161.96
156.946
170.918
173.921
165.875
151.425
155.163
154.564
156.085
155.567
144.52
154.546
143.082
150.578
145.213
146.136
139.739
136.755
150.601
133.596
141.522
138.606
137.729
143.575
136.63
138.085
140.679
141.706
125.648
141.794
142.785
132.657
139.776
137.692
136.568
135.568
146.535
131.532
142.529
138.553
141.592
143.649
137.98
143.088
