136.24
130.289
135.264
142.312
141.299
130.287
134.289
133.251
146.623
133.623
140.661
143.98
144.035
141.046
148.074
138.132
144.093
138.09
148.126
139.101
148.06
137.076
142.083
133.726
134.331
138.336
136.332
134.729
135.32
129.693
134.706
135.754
139.761
134.796
134.779
134.799
140.817
133.035
151.041
144.041
140.099
139.033
137.084
135.685
140.654
133.683
138.124
146.598
151.043
150.563
153.69
156.149
156.499
160.663
157.328
160.084
159.152
165.238
169.568
167.589
159.583
157.892
170.826
163.81
163.481
159.398
166.268
159.072
156.032
163.969
162.983
153.943
164.601
155.548
162.544
154.546
155.508
152.123
155.555
161.524
150.197
162.623
159.955
171.237
161.953
163.951
153.96
160.946
162.918
169.921
157.875
154.425
153.163
151.564
157.085
151.567
143.52
146.546
142.082
147.578
143.213
144.136
134.739
131.755
143.601
131.596
140.522
141.606
140.729
140.575
138.63
141.085
137.679
140.706
127.648
140.794
135.785
135.657
139.776
132.692
138.568
139.568
138.535
130.532
139.529
135.553
143.592
141.649
139.98
137.088
