153.24
151.289
130.264
160.312
145.299
150.287
150.289
159.251
147.623
155.623
139.661
147.98
138.035
157.046
136.074
165.132
136.093
165.09
145.126
160.101
142.06
158.076
158.083
137.726
145.331
146.336
138.332
150.729
145.32
144.693
139.706
152.754
154.761
154.796
135.779
150.799
152.817
148.035
151.041
156.041
146.099
153.033
145.084
147.685
144.654
144.683
143.124
146.598
149.043
177.563
166.69
173.149
178.499
170.663
178.328
161.084
172.152
172.238
169.568
171.589
167.583
185.892
176.826
187.81
196.481
169.398
157.268
164.072
177.032
179.969
178.983
172.943
167.601
154.548
183.544
176.546
168.508
188.123
161.555
173.524
170.197
166.623
156.955
177.237
174.953
172.951
172.96
171.946
157.918
163.921
172.875
167.425
179.163
163.564
175.085
164.567
156.52
154.546
151.082
151.578
163.213
146.136
142.739
135.755
149.601
159.596
138.522
150.606
162.729
148.575
152.63
162.085
135.679
142.706
151.648
143.794
157.785
159.657
144.776
134.692
147.568
151.568
148.535
157.532
134.529
163.553
139.592
147.649
145.98
145.088
