150.24
146.289
134.264
150.312
142.299
140.287
142.289
147.251
146.623
158.623
138.661
142.98
142.035
151.046
138.074
150.132
133.093
153.09
149.126
152.101
136.06
154.076
150.083
141.726
139.331
134.336
136.332
142.729
140.32
141.693
137.706
145.754
140.761
153.796
135.779
139.799
150.817
146.035
150.041
155.041
149.099
145.033
146.084
139.685
143.654
135.683
141.124
148.598
150.043
168.563
164.69
165.149
172.499
170.663
172.328
157.084
167.152
170.238
167.568
164.589
166.583
174.892
175.826
184.81
182.481
167.398
160.268
161.072
173.032
173.969
171.983
160.943
165.601
153.548
171.544
174.546
163.508
175.123
161.555
171.524
162.197
158.623
158.955
173.237
168.953
171.951
166.96
169.946
156.918
157.921
170.875
166.425
165.163
150.564
173.085
156.567
150.52
151.546
155.082
146.578
154.213
139.136
145.739
133.755
147.601
147.596
138.522
146.606
153.729
139.575
152.63
157.085
129.679
141.706
156.648
141.794
149.785
146.657
143.776
135.692
142.568
142.568
141.535
152.532
130.529
149.553
134.592
144.649
144.98
146.088
