-118.24
-130.289
-115.264
-112.312
-127.299
-123.287
-112.289
-125.251
-130.623
-117.623
-134.661
-121.98
-119.035
-145.046
-110.074
-125.132
-128.093
-129.09
-121.126
-119.101
-118.06
-133.076
-137.083
-119.726
-107.331
-118.336
-123.332
-103.729
-106.32
-119.693
-131.706
-126.754
-127.761
-109.796
-125.779
-134.799
-131.817
-116.035
-115.041
-135.041
-129.099
-118.033
-119.084
-118.685
-123.654
-125.683
-134.124
-130.598
-125.043
-147.563
-128.69
-141.149
-142.499
-132.663
-142.328
-153.084
-148.152
-152.238
-152.568
-155.589
-163.583
-144.892
-149.826
-161.81
-147.481
-150.398
-146.268
-131.072
-142.032
-139.969
-141.983
-144.943
-148.601
-149.548
-148.544
-132.546
-150.508
-134.123
-135.555
-150.524
-138.197
-146.623
-141.955
-157.237
-154.953
-142.951
-154.96
-152.946
-148.918
-159.921
-157.875
-154.425
-140.163
-142.564
-146.085
-126.567
-136.52
-137.546
-122.082
-130.578
-133.213
-119.136
-107.739
-120.755
-114.601
-117.596
-123.522
-117.606
-123.729
-129.575
-112.63
-121.085
-133.679
-117.706
-125.648
-122.794
-120.785
-122.657
-122.776
-123.692
-126.568
-120.568
-117.535
-127.532
-121.529
-123.553
-135.592
-123.649
-126.98
-126.088
