138.24
131.289
133.264
127.312
131.299
128.287
132.289
125.251
138.623
135.623
136.661
143.98
140.035
134.046
139.074
141.132
134.093
136.09
140.126
133.101
141.06
138.076
133.083
134.726
125.331
132.336
132.332
133.729
132.32
133.693
134.706
131.754
131.761
135.796
135.779
133.799
134.817
134.035
139.041
140.041
139.099
136.033
134.084
135.685
136.654
139.683
139.124
143.598
151.043
153.563
144.69
158.149
152.499
156.663
167.328
160.084
160.152
160.238
168.568
165.589
162.583
167.892
167.826
160.81
159.481
158.398
158.268
155.072
162.032
161.969
164.983
153.943
151.601
151.548
155.544
154.546
158.508
159.123
159.555
156.524
154.197
161.623
165.955
161.237
156.953
154.951
162.96
158.946
160.918
158.921
159.875
153.425
147.163
157.564
159.085
147.567
147.52
151.546
146.082
145.578
134.213
132.136
136.739
140.755
141.601
135.596
135.522
129.606
138.729
138.575
132.63
140.085
136.679
128.706
136.648
140.794
130.785
130.657
136.776
134.692
137.568
138.568
141.535
138.532
130.529
134.553
135.592
139.649
131.98
139.088
