128.24
128.289
134.264
132.312
134.299
128.287
127.289
129.251
137.623
130.623
137.661
140.98
140.035
136.046
141.074
136.132
141.093
140.09
139.126
136.101
140.06
134.076
139.083
137.726
132.331
133.336
134.332
132.729
133.32
130.693
130.706
132.754
136.761
131.796
130.779
130.799
137.817
135.035
141.041
141.041
139.099
136.033
140.084
130.685
137.654
130.683
139.124
143.598
141.043
146.563
151.69
153.149
158.499
157.663
159.328
155.084
157.152
162.238
164.568
163.589
158.583
161.892
166.826
162.81
164.481
160.398
163.268
155.072
160.032
156.969
159.983
154.943
158.601
157.548
158.544
153.546
152.508
153.123
152.555
158.524
154.197
158.623
156.955
163.237
160.953
159.951
156.96
156.946
155.918
160.921
155.875
152.425
149.163
152.564
153.085
150.567
144.52
149.546
143.082
142.578
140.213
139.136
137.739
130.755
136.601
132.596
137.522
135.606
135.729
130.575
130.63
141.085
130.679
131.706
130.648
136.794
131.785
131.657
137.776
131.692
131.568
130.568
136.535
131.532
136.529
132.553
136.592
137.649
135.98
136.088
