134.24
133.289
129.264
127.312
133.299
128.287
134.289
127.251
135.623
132.623
137.661
138.98
140.035
136.046
139.074
141.132
135.093
136.09
135.126
134.101
141.06
135.076
134.083
130.726
127.331
134.336
132.332
130.729
133.32
135.693
135.706
131.754
132.761
131.796
137.779
135.799
130.817
135.035
140.041
140.041
135.099
136.033
135.084
132.685
132.654
135.683
141.124
139.598
148.043
149.563
145.69
154.149
153.499
156.663
164.328
157.084
160.152
156.238
163.568
165.589
158.583
167.892
167.826
162.81
160.481
158.398
159.268
155.072
162.032
161.969
160.983
154.943
152.601
151.548
156.544
151.546
158.508
155.123
156.555
153.524
149.197
156.623
160.955
163.237
156.953
156.951
159.96
160.946
155.918
155.921
155.875
153.425
148.163
153.564
155.085
144.567
144.52
146.546
142.082
142.578
135.213
134.136
137.739
137.755
136.601
135.596
130.522
130.606
135.729
135.575
132.63
135.085
131.679
130.706
131.648
136.794
130.785
132.657
137.776
131.692
132.568
135.568
136.535
135.532
130.529
130.553
130.592
135.649
133.98
139.088
