-124.24
-132.289
-128.264
-123.312
-131.299
-119.287
-126.289
-125.251
-129.623
-125.623
-127.661
-131.98
-129.035
-134.046
-139.074
-131.132
-136.093
-131.09
-139.126
-130.101
-130.06
-133.076
-137.083
-130.726
-127.331
-131.336
-130.332
-127.729
-121.32
-129.693
-124.706
-127.754
-125.761
-129.796
-125.779
-123.799
-122.817
-139.035
-139.041
-139.041
-136.099
-138.033
-131.084
-129.685
-129.654
-127.683
-133.124
-138.598
-138.043
-144.563
-138.69
-142.149
-148.499
-154.663
-157.328
-152.084
-154.152
-154.238
-157.568
-153.589
-157.583
-164.892
-156.826
-161.81
-157.481
-162.398
-153.268
-152.072
-159.032
-153.969
-159.983
-149.943
-156.601
-144.548
-155.544
-156.546
-150.508
-142.123
-153.555
-145.524
-142.197
-153.623
-159.955
-162.237
-152.953
-154.951
-152.96
-155.946
-150.918
-154.921
-155.875
-156.425
-142.163
-148.564
-153.085
-138.567
-138.52
-138.546
-135.082
-136.578
-131.213
-128.136
-129.739
-136.755
-125.601
-129.596
-133.522
-134.606
-130.729
-128.575
-128.63
-127.085
-124.679
-131.706
-128.648
-131.794
-135.785
-123.657
-123.776
-129.692
-125.568
-122.568
-131.535
-136.532
-128.529
-124.553
-127.592
-123.649
-132.98
-130.088
