-121.24
-129.289
-113.264
-117.312
-127.299
-126.287
-117.289
-125.251
-128.623
-115.623
-134.661
-126.98
-124.035
-144.046
-114.074
-124.132
-132.093
-127.09
-124.126
-123.101
-123.06
-132.076
-136.083
-123.726
-110.331
-121.336
-122.332
-107.729
-106.32
-119.693
-129.706
-129.754
-126.761
-113.796
-125.779
-133.799
-129.817
-116.035
-119.041
-138.041
-133.099
-123.033
-119.084
-117.685
-122.654
-128.683
-132.124
-130.598
-123.043
-150.563
-126.69
-140.149
-140.499
-135.663
-145.328
-156.084
-146.152
-152.238
-157.568
-158.589
-162.583
-148.892
-152.826
-160.81
-151.481
-155.398
-146.268
-136.072
-141.032
-137.969
-144.983
-148.943
-151.601
-154.548
-153.544
-136.546
-150.508
-132.123
-138.555
-153.524
-138.197
-146.623
-140.955
-155.237
-157.953
-141.951
-154.96
-157.946
-147.918
-157.921
-155.875
-152.425
-145.163
-147.564
-145.085
-129.567
-135.52
-137.546
-127.082
-129.578
-132.213
-123.136
-112.739
-125.755
-117.601
-120.596
-122.522
-117.606
-122.729
-128.575
-115.63
-121.085
-132.679
-121.706
-125.648
-120.794
-123.785
-125.657
-121.776
-127.692
-129.568
-120.568
-122.535
-127.532
-124.529
-127.553
-135.592
-122.649
-126.98
-131.088
