136.24
130.289
129.264
138.312
133.299
137.287
138.289
128.251
134.623
142.623
141.661
136.98
138.035
145.046
145.074
145.132
133.093
133.09
137.126
134.101
145.06
146.076
145.083
136.726
132.331
139.336
131.332
137.729
131.32
131.693
134.706
139.754
136.761
140.796
130.779
136.799
133.817
140.035
138.041
144.041
140.099
140.033
140.084
135.685
130.654
137.683
138.124
141.598
151.043
148.563
148.69
153.149
161.499
155.663
157.328
156.084
160.152
154.238
163.568
163.589
169.583
164.892
172.826
171.81
167.481
168.398
157.268
162.072
156.032
152.969
159.983
164.943
160.601
154.548
161.544
157.546
151.508
153.123
151.555
156.524
152.197
162.623
160.955
162.237
163.953
166.951
165.96
165.946
153.918
155.921
154.875
155.425
153.163
156.564
154.085
146.567
142.52
143.546
147.082
141.578
140.213
142.136
135.739
131.755
135.601
131.596
135.522
129.606
137.729
138.575
135.63
133.085
140.679
134.706
133.648
137.794
136.785
135.657
128.776
139.692
139.568
134.568
130.535
140.532
139.529
129.553
135.592
128.649
139.98
144.088
