-124.24
-125.289
-131.264
-130.312
-125.299
-130.287
-130.289
-130.251
-134.623
-133.623
-134.661
-131.98
-137.035
-138.046
-136.074
-131.132
-137.093
-131.09
-133.126
-137.101
-133.06
-132.076
-136.083
-133.726
-129.331
-130.336
-124.332
-133.729
-125.32
-134.693
-133.706
-127.754
-134.761
-128.796
-133.779
-132.799
-132.817
-133.035
-136.041
-131.041
-132.099
-138.033
-136.084
-133.685
-129.654
-129.683
-131.124
-136.598
-139.043
-146.563
-142.69
-146.149
-148.499
-148.663
-155.328
-153.084
-154.152
-157.238
-161.568
-157.589
-157.583
-158.892
-160.826
-164.81
-161.481
-155.398
-161.268
-153.072
-153.032
-157.969
-156.983
-153.943
-148.601
-153.548
-148.544
-155.546
-153.508
-147.123
-155.555
-148.524
-145.197
-153.623
-152.955
-162.237
-157.953
-151.951
-152.96
-153.946
-153.918
-158.921
-156.875
-155.425
-146.163
-150.564
-147.085
-146.567
-142.52
-142.546
-145.082
-135.578
-137.213
-138.136
-127.739
-128.755
-132.601
-134.596
-127.522
-128.606
-134.729
-127.575
-133.63
-138.085
-132.679
-132.706
-129.648
-133.794
-128.785
-128.657
-134.776
-134.692
-134.568
-134.568
-128.535
-128.532
-134.529
-133.553
-129.592
-129.649
-137.98
-136.088
