-126.24
-125.289
-127.264
-124.312
-129.299
-121.287
-130.289
-126.251
-133.623
-129.623
-134.661
-131.98
-132.035
-140.046
-132.074
-139.132
-133.093
-133.09
-126.126
-133.101
-134.06
-133.076
-134.083
-128.726
-123.331
-128.336
-123.332
-124.729
-119.32
-129.693
-129.706
-134.754
-130.761
-127.796
-131.779
-129.799
-129.817
-128.035
-136.041
-133.041
-135.099
-128.033
-132.084
-128.685
-129.654
-134.683
-138.124
-136.598
-134.043
-149.563
-142.69
-151.149
-149.499
-145.663
-162.328
-158.084
-154.152
-159.238
-164.568
-157.589
-163.583
-159.892
-161.826
-163.81
-158.481
-156.398
-152.268
-148.072
-149.032
-149.969
-152.983
-156.943
-151.601
-153.548
-156.544
-143.546
-151.508
-147.123
-146.555
-154.524
-145.197
-150.623
-154.955
-155.237
-159.953
-153.951
-154.96
-155.946
-147.918
-157.921
-159.875
-154.425
-147.163
-157.564
-148.085
-144.567
-138.52
-143.546
-144.082
-136.578
-140.213
-132.136
-125.739
-127.755
-123.601
-127.596
-134.522
-125.606
-128.729
-127.575
-126.63
-133.085
-132.679
-129.706
-132.648
-127.794
-134.785
-131.657
-124.776
-128.692
-130.568
-129.568
-129.535
-128.532
-128.529
-130.553
-134.592
-134.649
-131.98
-132.088
