-123.24
-117.289
-125.264
-122.312
-117.299
-131.287
-129.289
-125.251
-126.623
-123.623
-133.661
-128.98
-135.035
-133.046
-130.074
-125.132
-124.093
-128.09
-130.126
-141.101
-131.06
-131.076
-135.083
-126.726
-120.331
-117.336
-117.332
-124.729
-119.32
-121.693
-125.706
-126.754
-125.761
-133.796
-125.779
-124.799
-124.817
-119.035
-135.041
-119.041
-124.099
-128.033
-126.084
-126.685
-121.654
-130.683
-126.124
-127.598
-139.043
-146.563
-143.69
-145.149
-146.499
-147.663
-154.328
-148.084
-152.152
-155.238
-156.568
-151.589
-151.583
-154.892
-151.826
-155.81
-155.481
-149.398
-152.268
-148.072
-152.032
-152.969
-148.983
-147.943
-141.601
-148.548
-146.544
-160.546
-146.508
-142.123
-149.555
-142.524
-143.197
-144.623
-138.955
-149.237
-155.953
-143.951
-150.96
-153.946
-158.918
-146.921
-153.875
-148.425
-150.163
-137.564
-146.085
-138.567
-135.52
-136.546
-132.082
-138.578
-125.213
-133.136
-118.739
-118.755
-129.601
-132.596
-119.522
-121.606
-132.729
-114.575
-131.63
-133.085
-129.679
-123.706
-131.648
-123.794
-126.785
-126.657
-132.776
-131.692
-127.568
-128.568
-116.535
-121.532
-131.529
-136.553
-128.592
-123.649
-135.98
-132.088
