-123.24
-128.289
-111.264
-109.312
-120.299
-123.287
-109.289
-122.251
-124.623
-119.623
-128.661
-114.98
-114.035
-144.046
-105.074
-117.132
-126.093
-125.09
-113.126
-117.101
-111.06
-132.076
-125.083
-119.726
-111.331
-117.336
-118.332
-96.729
-102.32
-123.693
-130.706
-120.754
-131.761
-107.796
-117.779
-136.799
-129.817
-109.035
-113.041
-133.041
-121.099
-120.033
-114.084
-123.685
-120.654
-118.683
-123.124
-126.598
-117.043
-151.563
-127.69
-134.149
-140.499
-131.663
-136.328
-142.084
-141.152
-146.238
-152.568
-159.589
-154.583
-143.892
-147.826
-157.81
-138.481
-152.398
-136.268
-131.072
-143.032
-140.969
-134.983
-130.943
-152.601
-144.548
-146.544
-124.546
-147.508
-136.123
-136.555
-149.524
-131.197
-147.623
-140.955
-144.237
-157.953
-144.951
-153.96
-149.946
-141.918
-152.921
-144.875
-151.425
-134.163
-135.564
-139.085
-127.567
-131.52
-142.546
-116.082
-129.578
-128.213
-118.136
-102.739
-120.755
-117.601
-119.596
-120.522
-120.606
-124.729
-129.575
-106.63
-118.085
-130.679
-109.706
-113.648
-127.794
-123.785
-116.657
-117.776
-122.692
-122.568
-122.568
-108.535
-125.532
-119.529
-108.553
-134.592
-118.649
-119.98
-117.088
