143.24
138.289
144.264
133.312
132.299
129.287
135.289
133.251
146.623
137.623
140.661
145.98
144.035
136.046
144.074
142.132
135.093
130.09
147.126
134.101
139.06
132.076
138.083
135.726
125.331
139.336
129.332
136.729
133.32
143.693
135.706
135.754
135.761
138.796
131.779
131.799
142.817
144.035
146.041
141.041
146.099
145.033
141.084
143.685
140.654
139.683
140.124
145.598
154.043
165.563
152.69
171.149
153.499
153.663
170.328
167.084
166.152
168.238
176.568
167.589
164.583
179.892
173.826
173.81
167.481
160.398
164.268
163.072
163.032
167.969
177.983
153.943
164.601
159.548
155.544
155.546
171.508
166.123
160.555
159.524
168.197
158.623
169.955
166.237
163.953
157.951
172.96
160.946
163.918
163.921
169.875
156.425
148.163
166.564
166.085
150.567
151.52
149.546
151.082
151.578
131.213
128.136
141.739
142.755
141.601
136.596
145.522
128.606
141.729
151.575
136.63
140.085
139.679
129.706
138.648
142.794
136.785
132.657
140.776
137.692
139.568
148.568
142.535
145.532
142.529
136.553
137.592
142.649
137.98
140.088
