147.24
134.289
136.264
143.312
138.299
131.287
134.289
138.251
139.623
151.623
135.661
141.98
142.035
143.046
131.074
147.132
129.093
139.09
147.126
148.101
141.06
147.076
149.083
133.726
129.331
132.336
139.332
139.729
138.32
140.693
132.706
139.754
138.761
145.796
132.779
129.799
143.817
138.035
145.041
146.041
141.099
143.033
142.084
132.685
135.654
137.683
134.124
142.598
148.043
159.563
152.69
160.149
162.499
161.663
171.328
156.084
167.152
167.238
166.568
161.589
161.583
173.892
174.826
182.81
172.481
160.398
160.268
164.072
164.032
166.969
163.983
163.943
158.601
149.548
159.544
162.546
154.508
169.123
156.555
158.524
160.197
159.623
158.955
169.237
166.953
164.951
159.96
166.946
157.918
161.921
163.875
160.425
163.163
149.564
163.085
150.567
145.52
142.546
149.082
138.578
143.213
138.136
133.739
132.755
141.601
133.596
137.522
138.606
147.729
136.575
145.63
146.085
133.679
138.706
145.648
137.794
142.785
139.657
145.776
132.692
134.568
143.568
138.535
146.532
134.529
146.553
133.592
139.649
135.98
143.088
