-131.24
-129.289
-124.264
-131.312
-124.299
-124.287
-124.289
-131.251
-127.623
-133.623
-132.661
-131.98
-131.035
-136.046
-138.074
-138.132
-136.093
-137.09
-131.126
-133.101
-138.06
-132.076
-133.083
-134.726
-131.331
-129.336
-129.332
-127.729
-130.32
-132.693
-133.706
-129.754
-128.761
-127.796
-133.779
-134.799
-134.817
-133.035
-136.041
-131.041
-131.099
-131.033
-137.084
-129.685
-133.654
-134.683
-138.124
-135.598
-143.043
-146.563
-146.69
-150.149
-155.499
-150.663
-160.328
-157.084
-157.152
-158.238
-162.568
-155.589
-156.583
-163.892
-159.826
-158.81
-155.481
-160.398
-155.268
-157.072
-153.032
-158.969
-157.983
-157.943
-149.601
-154.548
-153.544
-155.546
-153.508
-147.123
-155.555
-155.524
-150.197
-154.623
-157.955
-156.237
-156.953
-151.951
-153.96
-157.946
-158.918
-151.921
-153.875
-148.425
-152.163
-154.564
-147.085
-142.567
-141.52
-146.546
-140.082
-140.578
-133.213
-131.136
-133.739
-134.755
-127.601
-129.596
-134.522
-132.606
-134.729
-134.575
-129.63
-138.085
-128.679
-129.706
-129.648
-134.794
-127.785
-133.657
-129.776
-133.692
-128.568
-127.568
-129.535
-134.532
-128.529
-127.553
-129.592
-127.649
-132.98
-137.088
