144.24
135.289
131.264
143.312
135.299
137.287
138.289
144.251
150.623
147.623
139.661
162.98
150.035
149.046
160.074
140.132
136.093
152.09
158.126
166.101
156.06
139.076
144.083
148.726
141.331
146.336
146.332
123.729
141.32
141.693
160.706
131.754
140.761
147.796
137.779
165.799
136.817
159.035
141.041
151.041
148.099
153.033
153.084
146.685
146.654
148.683
150.124
160.598
151.043
157.563
168.69
167.149
171.499
169.663
179.328
178.084
179.152
169.238
169.568
164.589
169.583
190.892
193.826
177.81
166.481
174.398
167.268
174.072
187.032
162.969
181.983
166.943
182.601
153.548
168.544
177.546
170.508
168.123
167.555
178.524
172.197
162.623
170.955
175.237
165.953
167.951
178.96
166.946
159.918
167.921
157.875
165.425
172.163
174.564
148.085
164.567
167.52
181.546
158.082
148.578
153.213
151.136
150.739
155.755
150.601
141.596
139.522
153.606
145.729
146.575
152.63
145.085
142.679
148.706
167.648
155.794
138.785
163.657
157.776
164.692
141.568
164.568
144.535
133.532
144.529
149.553
145.592
143.649
156.98
146.088
