-125.24
-114.289
-121.264
-123.312
-119.299
-127.287
-130.289
-122.251
-126.623
-125.623
-128.661
-128.98
-132.035
-133.046
-130.074
-126.132
-119.093
-125.09
-127.126
-141.101
-131.06
-126.076
-137.083
-127.726
-115.331
-114.336
-113.332
-119.729
-121.32
-121.693
-120.706
-121.754
-127.761
-135.796
-120.779
-121.799
-120.817
-121.035
-135.041
-114.041
-126.099
-130.033
-122.084
-128.685
-123.654
-132.683
-126.124
-123.598
-140.043
-147.563
-138.69
-140.149
-142.499
-147.663
-156.328
-149.084
-152.152
-156.238
-156.568
-153.589
-146.583
-151.892
-151.826
-152.81
-151.481
-146.398
-154.268
-149.072
-148.032
-153.969
-143.983
-143.943
-138.601
-143.548
-142.544
-156.546
-147.508
-139.123
-144.555
-144.524
-144.197
-141.623
-134.955
-149.237
-155.953
-144.951
-147.96
-149.946
-158.918
-143.921
-154.875
-145.425
-150.163
-139.564
-141.085
-139.567
-131.52
-133.546
-134.082
-133.578
-120.213
-129.136
-115.739
-119.755
-130.601
-134.596
-121.522
-123.606
-127.729
-109.575
-133.63
-135.085
-130.679
-125.706
-132.648
-125.794
-128.785
-121.657
-129.776
-127.692
-128.568
-125.568
-117.535
-123.532
-133.529
-132.553
-129.592
-124.649
-132.98
-132.088
