-127.24
-117.289
-119.264
-123.312
-127.299
-127.287
-129.289
-116.251
-129.623
-134.623
-129.661
-129.98
-134.035
-135.046
-134.074
-127.132
-133.093
-131.09
-128.126
-134.101
-137.06
-133.076
-134.083
-135.726
-117.331
-123.336
-127.332
-136.729
-123.32
-124.693
-135.706
-132.754
-121.761
-126.796
-128.779
-133.799
-124.817
-134.035
-134.041
-133.041
-134.099
-135.033
-129.084
-127.685
-136.654
-136.683
-130.124
-136.598
-142.043
-137.563
-142.69
-148.149
-152.499
-148.663
-151.328
-155.084
-157.152
-157.238
-153.568
-159.589
-158.583
-158.892
-162.826
-148.81
-160.481
-159.398
-161.268
-153.072
-151.032
-154.969
-153.983
-148.943
-152.601
-148.548
-152.544
-151.546
-150.508
-153.123
-147.555
-145.524
-145.197
-157.623
-146.955
-153.237
-150.953
-161.951
-155.96
-155.946
-151.918
-153.921
-145.875
-141.425
-143.163
-147.564
-149.085
-139.567
-133.52
-137.546
-135.082
-138.578
-136.213
-135.136
-131.739
-124.755
-125.601
-133.596
-134.522
-130.606
-129.729
-131.575
-132.63
-134.085
-132.679
-120.706
-132.648
-124.794
-127.785
-123.657
-120.776
-130.692
-126.568
-124.568
-134.535
-130.532
-131.529
-130.553
-130.592
-133.649
-138.98
-129.088
