135.24
138.289
137.264
151.312
141.299
138.287
138.289
135.251
158.623
145.623
146.661
150.98
143.035
157.046
146.074
149.132
144.093
160.09
154.126
155.101
154.06
138.076
150.083
146.726
146.331
144.336
151.332
134.729
135.32
148.693
139.706
151.754
151.761
137.796
124.779
147.799
142.817
142.035
147.041
158.041
157.099
151.033
159.084
134.685
158.654
160.683
149.124
153.598
160.043
162.563
175.69
169.149
165.499
160.663
170.328
168.084
157.152
184.238
194.568
181.589
161.583
179.892
176.826
167.81
177.481
174.398
179.268
178.072
162.032
169.969
175.983
180.943
160.601
166.548
165.544
176.546
163.508
152.123
172.555
165.524
165.197
172.623
171.955
187.237
176.953
159.951
171.96
175.946
166.918
163.921
159.875
167.425
152.163
163.564
169.085
143.567
161.52
152.546
157.082
151.578
151.213
155.136
130.739
147.755
146.601
132.596
143.522
141.606
159.729
148.575
142.63
149.085
144.679
140.706
146.648
149.794
148.785
134.657
151.776
141.692
139.568
138.568
156.535
161.532
159.529
149.553
150.592
154.649
146.98
159.088
