126.24
137.289
125.264
131.312
132.299
132.287
133.289
144.251
148.623
138.623
135.661
145.98
146.035
150.046
150.074
139.132
135.093
133.09
145.126
150.101
152.06
141.076
133.083
135.726
142.331
140.336
145.332
127.729
134.32
132.693
146.706
131.754
139.761
142.796
142.779
150.799
125.817
144.035
145.041
142.041
143.099
148.033
147.084
143.685
144.654
136.683
145.124
151.598
147.043
149.563
160.69
154.149
168.499
161.663
166.328
168.084
164.152
170.238
165.568
162.589
164.583
174.892
177.826
174.81
165.481
172.398
165.268
169.072
176.032
159.969
169.983
159.943
175.601
149.548
169.544
162.546
164.508
161.123
163.555
162.524
165.197
163.623
161.955
169.237
169.953
161.951
162.96
159.946
159.918
165.921
163.875
161.425
166.163
168.564
153.085
152.567
164.52
165.546
154.082
145.578
140.213
143.136
151.739
140.755
150.601
135.596
133.522
154.606
140.729
144.575
146.63
139.085
136.679
142.706
151.648
145.794
126.785
152.657
149.776
157.692
135.568
153.568
138.535
137.532
145.529
133.553
145.592
138.649
145.98
139.088
