-121.24
-123.289
-127.264
-132.312
-119.299
-131.287
-131.289
-122.251
-131.623
-124.623
-125.661
-128.98
-135.035
-127.046
-132.074
-139.132
-128.093
-134.09
-134.126
-137.101
-129.06
-136.076
-129.083
-129.726
-133.331
-119.336
-128.332
-133.729
-124.32
-134.693
-135.706
-125.754
-125.761
-123.796
-128.779
-136.799
-128.817
-133.035
-133.041
-133.041
-133.099
-133.033
-140.084
-131.685
-129.654
-130.683
-134.124
-133.598
-139.043
-149.563
-147.69
-152.149
-152.499
-149.663
-151.328
-154.084
-150.152
-154.238
-157.568
-162.589
-157.583
-160.892
-155.826
-160.81
-155.481
-161.398
-162.268
-158.072
-154.032
-151.969
-148.983
-159.943
-150.601
-149.548
-150.544
-150.546
-149.508
-152.123
-146.555
-149.524
-146.197
-145.623
-157.955
-153.237
-159.953
-154.951
-154.96
-150.946
-157.918
-153.921
-153.875
-156.425
-145.163
-147.564
-146.085
-150.567
-148.52
-141.546
-144.082
-140.578
-133.213
-135.136
-124.739
-123.755
-124.601
-129.596
-126.522
-136.606
-133.729
-126.575
-128.63
-132.085
-134.679
-126.706
-124.648
-129.794
-124.785
-129.657
-134.776
-128.692
-129.568
-128.568
-133.535
-132.532
-130.529
-133.553
-131.592
-127.649
-132.98
-132.088
