-118.24
-131.289
-127.264
-132.312
-115.299
-131.287
-131.289
-121.251
-127.623
-129.623
-125.661
-136.98
-130.035
-126.046
-130.074
-127.132
-129.093
-137.09
-131.126
-130.101
-134.06
-131.076
-129.083
-126.726
-117.331
-116.336
-129.332
-136.729
-126.32
-129.693
-136.706
-131.754
-131.761
-119.796
-123.779
-125.799
-119.817
-127.035
-128.041
-128.041
-128.099
-133.033
-130.084
-123.685
-125.654
-126.683
-134.124
-136.598
-139.043
-138.563
-146.69
-149.149
-154.499
-148.663
-150.328
-154.084
-151.152
-155.238
-156.568
-163.589
-160.583
-148.892
-162.826
-150.81
-153.481
-153.398
-158.268
-154.072
-147.032
-146.969
-145.983
-150.943
-151.601
-149.548
-150.544
-143.546
-150.508
-152.123
-150.555
-145.524
-144.197
-140.623
-152.955
-159.237
-159.953
-144.951
-146.96
-150.946
-150.918
-152.921
-149.875
-148.425
-135.163
-152.564
-149.085
-140.567
-149.52
-137.546
-137.082
-137.578
-139.213
-132.136
-123.739
-124.755
-127.601
-126.596
-126.522
-126.606
-128.729
-130.575
-122.63
-133.085
-136.679
-130.706
-127.648
-123.794
-127.785
-124.657
-128.776
-120.692
-129.568
-126.568
-120.535
-125.532
-128.529
-123.553
-123.592
-136.649
-130.98
-130.088
