130.24
133.289
132.264
139.312
136.299
134.287
129.289
132.251
151.623
138.623
138.661
143.98
139.035
144.046
147.074
143.132
135.093
148.09
143.126
143.101
148.06
138.076
141.083
142.726
136.331
136.336
141.332
134.729
129.32
140.693
141.706
142.754
145.761
135.796
128.779
140.799
136.817
136.035
140.041
149.041
143.099
143.033
152.084
133.685
144.654
143.683
147.124
153.598
150.043
156.563
168.69
153.149
160.499
162.663
164.328
163.084
161.152
178.238
177.568
164.589
161.583
173.892
178.826
165.81
166.481
164.398
160.268
166.072
157.032
165.969
165.983
173.943
159.601
162.548
161.544
166.546
154.508
155.123
162.555
162.524
158.197
163.623
162.955
176.237
165.953
157.951
168.96
170.946
160.918
156.921
158.875
161.425
151.163
156.564
157.085
150.567
154.52
148.546
152.082
151.578
147.213
148.136
127.739
144.755
134.601
127.596
138.522
142.606
148.729
137.575
135.63
146.085
136.679
138.706
145.648
147.794
138.785
129.657
143.776
135.692
135.568
132.568
147.535
148.532
142.529
136.553
145.592
143.649
139.98
147.088
