-126.24
-121.289
-126.264
-131.312
-121.299
-132.287
-132.289
-127.251
-131.623
-130.623
-135.661
-128.98
-134.035
-138.046
-133.074
-131.132
-133.093
-126.09
-128.126
-139.101
-129.06
-134.076
-133.083
-129.726
-129.331
-125.336
-120.332
-128.729
-122.32
-129.693
-135.706
-129.754
-131.761
-130.796
-133.779
-132.799
-128.817
-128.035
-132.041
-126.041
-127.099
-133.033
-131.084
-135.685
-129.654
-129.683
-126.124
-131.598
-140.043
-148.563
-142.69
-148.149
-144.499
-144.663
-156.328
-149.084
-150.152
-153.238
-157.568
-159.589
-158.583
-159.892
-155.826
-161.81
-162.481
-152.398
-156.268
-154.072
-150.032
-159.969
-157.983
-153.943
-148.601
-149.548
-150.544
-157.546
-149.508
-144.123
-157.555
-145.524
-147.197
-154.623
-148.955
-157.237
-159.953
-146.951
-149.96
-155.946
-155.918
-154.921
-156.875
-151.425
-146.163
-145.564
-149.085
-141.567
-137.52
-137.546
-140.082
-137.578
-133.213
-139.136
-123.739
-123.755
-127.601
-135.596
-128.522
-125.606
-130.729
-123.575
-134.63
-134.085
-133.679
-127.706
-129.648
-133.794
-129.785
-123.657
-135.776
-131.692
-134.568
-130.568
-124.535
-125.532
-129.529
-134.553
-131.592
-131.649
-137.98
-133.088
