-111.24
-124.289
-116.264
-126.312
-94.299
-128.287
-117.289
-112.251
-122.623
-116.623
-117.661
-122.98
-126.035
-108.046
-112.074
-123.132
-115.093
-128.09
-126.126
-115.101
-121.06
-110.076
-115.083
-119.726
-111.331
-109.336
-125.332
-135.729
-120.32
-115.693
-132.706
-121.754
-116.761
-108.796
-116.779
-117.799
-108.817
-114.035
-125.041
-106.041
-115.099
-124.033
-120.084
-115.685
-116.654
-121.683
-121.124
-120.598
-132.043
-133.563
-133.69
-139.149
-150.499
-142.663
-143.328
-149.084
-138.152
-154.238
-135.568
-155.589
-164.583
-140.892
-161.826
-138.81
-146.481
-151.398
-160.268
-138.072
-124.032
-146.969
-132.983
-154.943
-142.601
-139.548
-146.544
-136.546
-147.508
-130.123
-145.555
-146.524
-129.197
-126.623
-142.955
-143.237
-155.953
-140.951
-139.96
-134.946
-149.918
-144.921
-143.875
-137.425
-125.163
-147.564
-135.085
-143.567
-129.52
-122.546
-121.082
-124.578
-128.213
-120.136
-118.739
-102.755
-122.601
-126.596
-114.522
-129.606
-119.729
-126.575
-119.63
-127.085
-129.679
-125.706
-122.648
-113.794
-120.785
-118.657
-123.776
-107.692
-120.568
-117.568
-123.535
-117.532
-119.529
-111.553
-113.592
-119.649
-130.98
-118.088
