134.24
147.289
137.264
137.312
134.299
137.287
146.289
141.251
145.623
142.623
150.661
140.98
138.035
146.046
157.074
156.132
134.093
135.09
140.126
141.101
142.06
153.076
142.083
143.726
143.331
148.336
138.332
143.729
143.32
136.693
139.706
147.754
136.761
142.796
139.779
141.799
136.817
143.035
143.041
151.041
153.099
152.033
146.084
150.685
129.654
153.683
137.124
148.598
157.043
148.563
154.69
170.149
168.499
168.663
158.328
164.084
154.152
162.238
172.568
176.589
180.583
171.892
180.826
185.81
163.481
172.398
152.268
161.072
156.032
159.969
175.983
176.943
166.601
158.548
164.544
169.546
161.508
161.123
159.555
167.524
150.197
174.623
163.955
167.237
177.953
178.951
165.96
175.946
158.918
161.921
162.875
161.425
159.163
165.564
156.085
148.567
148.52
145.546
165.082
149.578
147.213
156.136
134.739
138.755
134.601
148.596
138.522
133.606
137.729
146.575
138.63
146.085
141.679
143.706
133.648
148.794
137.785
138.657
139.776
155.692
144.568
144.568
139.535
144.532
143.529
138.553
139.592
135.649
148.98
147.088
