-116.24
-129.289
-122.264
-121.312
-129.299
-105.287
-124.289
-128.251
-117.623
-123.623
-126.661
-120.98
-123.035
-126.046
-133.074
-124.132
-133.093
-126.09
-136.126
-123.101
-124.06
-132.076
-130.083
-129.726
-125.331
-123.336
-129.332
-125.729
-125.32
-125.693
-118.706
-119.754
-121.761
-127.796
-126.779
-108.799
-121.817
-133.035
-131.041
-133.041
-141.099
-135.033
-128.084
-124.685
-121.654
-120.683
-134.124
-133.598
-142.043
-148.563
-131.69
-138.149
-140.499
-154.663
-157.328
-145.084
-146.152
-147.238
-155.568
-150.589
-149.583
-154.892
-154.826
-151.81
-143.481
-162.398
-138.268
-148.072
-157.032
-142.969
-152.983
-141.943
-148.601
-136.548
-151.544
-152.546
-151.508
-135.123
-156.555
-136.524
-140.197
-149.623
-156.955
-151.237
-148.953
-148.951
-156.96
-149.946
-143.918
-157.921
-153.875
-158.425
-147.163
-149.564
-145.085
-134.567
-137.52
-126.546
-120.082
-128.578
-122.213
-126.136
-121.739
-136.755
-120.601
-124.596
-124.522
-127.606
-130.729
-120.575
-121.63
-118.085
-125.679
-128.706
-128.648
-123.794
-133.785
-117.657
-112.776
-127.692
-125.568
-117.568
-125.535
-131.532
-121.529
-117.553
-123.592
-124.649
-125.98
-131.088
