-127.24
-123.289
-101.264
-117.312
-104.299
-107.287
-104.289
-127.251
-114.623
-124.623
-123.661
-119.98
-127.035
-119.046
-128.074
-120.132
-121.093
-133.09
-124.126
-124.101
-130.06
-127.076
-126.083
-121.726
-119.331
-109.336
-116.332
-106.729
-112.32
-115.693
-122.706
-126.754
-115.761
-115.796
-131.779
-126.799
-128.817
-120.035
-129.041
-118.041
-126.099
-120.033
-134.084
-123.685
-124.654
-128.683
-128.124
-111.598
-124.043
-133.563
-126.69
-141.149
-137.499
-140.663
-135.328
-126.084
-143.152
-150.238
-145.568
-141.589
-138.583
-144.892
-145.826
-150.81
-134.481
-146.398
-141.268
-149.072
-142.032
-153.969
-157.983
-136.943
-123.601
-139.548
-147.544
-140.546
-128.508
-148.123
-128.555
-157.524
-152.197
-151.623
-135.955
-150.237
-160.953
-134.951
-130.96
-150.946
-149.918
-128.921
-134.875
-153.425
-139.163
-150.564
-138.085
-117.567
-122.52
-143.546
-140.082
-123.578
-134.213
-125.136
-116.739
-127.755
-108.601
-123.596
-127.522
-114.606
-116.729
-121.575
-118.63
-141.085
-114.679
-120.706
-107.648
-112.794
-113.785
-120.657
-126.776
-131.692
-131.568
-99.568
-116.535
-122.532
-109.529
-121.553
-114.592
-112.649
-105.98
-109.088
