127.24
127.289
126.264
132.312
131.299
132.287
132.289
133.251
136.623
142.623
135.661
140.98
144.035
138.046
144.074
139.132
139.093
145.09
141.126
144.101
142.06
142.076
132.083
134.726
127.331
134.336
131.332
134.729
130.32
130.693
134.706
136.754
137.761
138.796
130.779
132.799
133.817
137.035
142.041
139.041
141.099
138.033
141.084
131.685
141.654
137.683
139.124
149.598
145.043
155.563
156.69
154.149
152.499
154.663
163.328
160.084
159.152
163.238
167.568
157.589
162.583
165.892
165.826
160.81
162.481
161.398
156.268
164.072
155.032
164.969
166.983
166.943
156.601
156.548
154.544
161.546
150.508
153.123
156.555
152.524
157.197
155.623
159.955
169.237
158.953
157.951
161.96
158.946
159.918
160.921
160.875
157.425
149.163
151.564
152.085
148.567
148.52
142.546
147.082
144.578
140.213
140.136
130.739
134.755
130.601
131.596
131.522
135.606
140.729
129.575
136.63
140.085
134.679
133.706
139.648
140.794
136.785
131.657
135.776
134.692
131.568
131.568
134.535
136.532
140.529
130.553
139.592
133.649
140.98
138.088
