-114.24
-122.289
-115.264
-129.312
-132.299
-116.287
-125.289
-123.251
-121.623
-121.623
-122.661
-123.98
-115.035
-127.046
-126.074
-129.132
-129.093
-119.09
-116.126
-119.101
-131.06
-109.076
-130.083
-116.726
-113.331
-116.336
-125.332
-126.729
-127.32
-135.693
-137.706
-117.754
-129.761
-130.796
-125.779
-128.799
-123.817
-124.035
-117.041
-117.041
-129.099
-126.033
-123.084
-110.685
-125.654
-120.683
-127.124
-129.598
-127.043
-139.563
-137.69
-139.149
-135.499
-144.663
-147.328
-145.084
-153.152
-151.238
-150.568
-139.589
-156.583
-166.892
-144.826
-165.81
-151.481
-158.398
-131.268
-146.072
-147.032
-147.969
-146.983
-147.943
-144.601
-138.548
-140.544
-130.546
-146.508
-146.123
-142.555
-149.524
-142.197
-133.623
-150.955
-160.237
-140.953
-163.951
-145.96
-146.946
-152.918
-142.921
-150.875
-134.425
-145.163
-148.564
-148.085
-141.567
-136.52
-127.546
-133.082
-118.578
-130.213
-126.136
-126.739
-121.755
-121.601
-122.596
-118.522
-125.606
-126.729
-131.575
-123.63
-128.085
-119.679
-113.706
-131.648
-114.794
-122.785
-126.657
-135.776
-117.692
-129.568
-111.568
-121.535
-136.532
-111.529
-118.553
-119.592
-113.649
-127.98
-118.088
