-123.24
-126.289
-117.264
-120.312
-131.299
-123.287
-126.289
-123.251
-131.623
-120.623
-131.661
-128.98
-127.035
-143.046
-122.074
-133.132
-135.093
-130.09
-125.126
-125.101
-131.06
-129.076
-134.083
-126.726
-118.331
-122.336
-125.332
-115.729
-111.32
-120.693
-126.706
-137.754
-123.761
-122.796
-127.779
-131.799
-127.817
-118.035
-127.041
-136.041
-131.099
-125.033
-127.084
-124.685
-126.654
-132.683
-140.124
-132.598
-132.043
-150.563
-136.69
-143.149
-147.499
-137.663
-153.328
-160.084
-151.152
-156.238
-160.568
-160.589
-161.583
-157.892
-157.826
-161.81
-151.481
-156.398
-144.268
-145.072
-146.032
-145.969
-148.983
-153.943
-154.601
-152.548
-152.544
-139.546
-152.508
-139.123
-148.555
-156.524
-137.197
-149.623
-145.955
-153.237
-160.953
-145.951
-150.96
-154.946
-149.918
-156.921
-157.875
-156.425
-141.163
-154.564
-145.085
-136.567
-137.52
-140.546
-136.082
-131.578
-131.213
-128.136
-121.739
-129.755
-115.601
-118.596
-128.522
-122.606
-126.729
-128.575
-124.63
-124.085
-136.679
-127.706
-123.648
-128.794
-130.785
-123.657
-118.776
-124.692
-132.568
-122.568
-127.535
-125.532
-125.529
-127.553
-136.592
-131.649
-128.98
-134.088
