140.24
132.289
125.264
131.312
137.299
130.287
141.289
132.251
132.623
132.623
130.661
142.98
141.035
143.046
137.074
146.132
145.093
152.09
141.126
137.101
143.06
141.076
146.083
140.726
147.331
138.336
139.332
131.729
145.32
138.693
135.706
135.754
138.761
135.796
140.779
138.799
140.817
148.035
138.041
135.041
140.099
140.033
147.084
133.685
142.654
141.683
139.124
152.598
152.043
146.563
155.69
149.149
161.499
165.663
162.328
163.084
165.152
166.238
167.568
169.589
169.583
178.892
157.826
176.81
162.481
160.398
165.268
162.072
167.032
158.969
151.983
158.943
159.601
154.548
165.544
160.546
161.508
156.123
157.555
164.524
152.197
152.623
171.955
168.237
159.953
170.951
166.96
164.946
160.918
170.921
156.875
163.425
165.163
163.564
158.085
146.567
151.52
156.546
154.082
156.578
151.213
146.136
138.739
141.755
134.601
144.596
134.522
133.606
142.729
137.575
142.63
142.085
138.679
144.706
127.648
136.794
143.785
149.657
136.776
132.692
144.568
143.568
125.535
128.532
129.529
145.553
147.592
142.649
137.98
141.088
