140.24
144.289
134.264
136.312
139.299
136.287
142.289
134.251
133.623
133.623
138.661
141.98
140.035
146.046
143.074
140.132
134.093
142.09
145.126
145.101
150.06
153.076
145.083
138.726
136.331
142.336
132.332
138.729
130.32
137.693
147.706
137.754
141.761
154.796
133.779
140.799
130.817
137.035
147.041
142.041
137.099
134.033
136.084
137.685
147.654
148.683
131.124
133.598
159.043
152.563
139.69
153.149
155.499
167.663
169.328
172.084
165.152
157.238
168.568
175.589
174.583
164.892
169.826
167.81
167.481
165.398
172.268
165.072
169.032
157.969
167.983
177.943
167.601
155.548
156.544
170.546
171.508
153.123
158.555
159.524
156.197
155.623
166.955
164.237
178.953
162.951
174.96
163.946
161.918
178.921
170.875
154.425
150.163
158.564
150.085
159.567
157.52
147.546
161.082
157.578
140.213
147.136
135.739
144.755
137.601
131.596
136.522
128.606
136.729
129.575
141.63
145.085
140.679
132.706
136.648
147.794
143.785
137.657
149.776
146.692
144.568
142.568
142.535
136.532
134.529
137.553
134.592
141.649
146.98
148.088
