142.24
134.289
136.264
125.312
130.299
126.287
130.289
128.251
143.623
140.623
134.661
141.98
140.035
137.046
142.074
139.132
132.093
134.09
138.126
138.101
141.06
136.076
138.083
133.726
128.331
136.336
131.332
138.729
130.32
138.693
132.706
130.754
136.761
138.796
135.779
132.799
133.817
134.035
143.041
144.041
144.099
141.033
137.084
140.685
136.654
137.683
143.124
142.598
151.043
158.563
149.69
163.149
155.499
155.663
166.328
160.084
163.152
165.238
173.568
164.589
160.583
171.892
171.826
163.81
159.481
162.398
161.268
154.072
165.032
164.969
168.983
152.943
155.601
156.548
154.544
153.546
163.508
159.123
157.555
155.524
158.197
159.623
170.955
165.237
155.953
153.951
167.96
157.946
163.918
158.921
162.875
157.425
150.163
157.564
162.085
152.567
147.52
149.546
150.082
143.578
132.213
131.136
139.739
138.755
139.601
140.596
138.522
132.606
141.729
143.575
137.63
144.085
140.679
133.706
136.648
140.794
133.785
130.657
139.776
138.692
140.568
138.568
144.535
136.532
135.529
134.553
134.592
139.649
134.98
137.088
