-109.24
-118.289
-120.264
-99.312
-116.299
-106.287
-123.289
-123.251
-112.623
-118.623
-126.661
-115.98
-120.035
-131.046
-118.074
-130.132
-119.093
-122.09
-126.126
-124.101
-116.06
-111.076
-130.083
-129.726
-107.331
-118.336
-111.332
-97.729
-121.32
-121.693
-126.706
-109.754
-115.761
-131.796
-124.779
-113.799
-128.817
-117.035
-112.041
-125.041
-129.099
-117.033
-132.084
-119.685
-103.654
-124.683
-127.124
-128.598
-125.043
-128.563
-124.69
-137.149
-136.499
-136.663
-148.328
-148.084
-148.152
-141.238
-145.568
-145.589
-146.583
-152.892
-149.826
-159.81
-142.481
-144.398
-137.268
-146.072
-144.032
-130.969
-150.983
-149.943
-137.601
-155.548
-144.544
-131.546
-136.508
-131.123
-137.555
-138.524
-133.197
-133.623
-138.955
-144.237
-139.953
-133.951
-144.96
-133.946
-149.918
-145.921
-156.875
-143.425
-137.163
-141.564
-135.085
-133.567
-128.52
-143.546
-129.082
-131.578
-119.213
-121.136
-124.739
-129.755
-125.601
-116.596
-119.522
-106.606
-119.729
-106.575
-116.63
-127.085
-109.679
-114.706
-124.648
-132.794
-133.785
-133.657
-122.776
-115.692
-119.568
-112.568
-125.535
-130.532
-122.529
-120.553
-120.592
-114.649
-106.98
-137.088
