146.24
143.289
143.264
131.312
132.299
132.287
138.289
132.251
149.623
141.623
138.661
145.98
143.035
140.046
147.074
147.132
133.093
133.09
146.126
139.101
143.06
135.076
138.083
135.726
125.331
138.336
128.332
134.729
137.32
142.693
135.706
138.754
135.761
142.796
135.779
135.799
145.817
142.035
144.041
141.041
149.099
145.033
140.084
147.685
138.654
144.683
144.124
150.598
153.043
170.563
150.69
176.149
153.499
156.663
168.328
170.084
170.152
168.238
176.568
171.589
163.583
179.892
177.826
171.81
167.481
158.398
169.268
161.072
166.032
171.969
176.983
156.943
167.601
159.548
155.544
154.546
175.508
165.123
158.555
157.524
168.197
156.623
174.955
171.237
167.953
155.951
176.96
163.946
167.918
161.921
174.875
154.425
147.163
166.564
166.085
150.567
154.52
153.546
150.082
149.578
135.213
127.136
141.739
146.755
145.601
140.596
144.522
133.606
146.729
149.575
139.63
145.085
138.679
127.706
141.648
142.794
136.785
132.657
143.776
141.692
144.568
148.568
146.535
143.532
141.529
136.553
135.592
140.649
142.98
145.088
