142.24
138.289
139.264
132.312
136.299
151.287
131.289
145.251
137.623
144.623
135.661
138.98
149.035
146.046
148.074
141.132
141.093
137.09
146.126
141.101
139.06
141.076
150.083
130.726
147.331
131.336
133.332
147.729
147.32
140.693
144.706
142.754
138.761
142.796
146.779
150.799
132.817
152.035
144.041
150.041
146.099
141.033
150.084
152.685
128.654
142.683
128.124
133.598
155.043
145.563
156.69
160.149
158.499
159.663
172.328
169.084
153.152
170.238
170.568
174.589
173.583
166.892
168.826
166.81
166.481
171.398
159.268
165.072
165.032
171.969
170.983
170.943
165.601
169.548
175.544
163.546
169.508
150.123
160.555
156.524
155.197
170.623
156.955
163.237
167.953
158.951
170.96
175.946
170.918
167.921
177.875
153.425
156.163
165.564
156.085
155.567
159.52
152.546
150.082
144.578
136.213
129.136
150.739
146.755
152.601
151.596
150.522
142.606
147.729
143.575
138.63
153.085
146.679
140.706
142.648
137.794
142.785
149.657
124.776
136.692
135.568
149.568
139.535
139.532
145.529
145.553
149.592
150.649
136.98
144.088
