-124.24
-115.289
-122.264
-113.312
-130.299
-123.287
-125.289
-107.251
-132.623
-131.623
-126.661
-120.98
-133.035
-134.046
-130.074
-120.132
-129.093
-131.09
-130.126
-130.101
-140.06
-124.076
-136.083
-134.726
-114.331
-126.336
-124.332
-129.729
-120.32
-123.693
-132.706
-129.754
-114.761
-118.796
-126.779
-135.799
-116.817
-131.035
-130.041
-136.041
-137.099
-128.033
-126.084
-124.685
-133.654
-129.683
-129.124
-132.598
-134.043
-134.563
-137.69
-148.149
-150.499
-146.663
-147.328
-157.084
-149.152
-159.238
-146.568
-157.589
-156.583
-155.892
-163.826
-141.81
-158.481
-158.398
-156.268
-152.072
-153.032
-155.969
-146.983
-146.943
-150.601
-146.548
-148.544
-147.546
-144.508
-151.123
-145.555
-142.524
-139.197
-160.623
-143.955
-154.237
-145.953
-163.951
-149.96
-152.946
-144.918
-145.921
-142.875
-134.425
-140.163
-148.564
-144.085
-132.567
-136.52
-129.546
-132.082
-135.578
-134.213
-134.136
-123.739
-114.755
-123.601
-129.596
-133.522
-132.606
-132.729
-129.575
-125.63
-125.085
-123.679
-121.706
-128.648
-125.794
-127.785
-120.657
-118.776
-129.692
-128.568
-116.568
-138.535
-128.532
-125.529
-132.553
-134.592
-134.649
-140.98
-132.088
