132.24
133.289
134.264
148.312
143.299
139.287
133.289
135.251
153.623
145.623
146.661
150.98
144.035
152.046
143.074
144.132
140.093
155.09
149.126
156.101
151.06
139.076
147.083
142.726
148.331
139.336
151.332
135.729
137.32
148.693
135.706
148.754
152.761
137.796
125.779
142.799
143.817
138.035
144.041
160.041
157.099
151.033
154.084
135.685
155.654
157.683
149.124
155.598
161.043
162.563
175.69
164.149
160.499
160.663
167.328
168.084
159.152
186.238
190.568
177.589
162.583
175.892
176.826
163.81
172.481
171.398
174.268
173.072
158.032
169.969
170.983
182.943
161.601
167.548
162.544
172.546
164.508
153.123
167.555
165.524
160.197
167.623
167.955
189.237
172.953
159.951
173.96
175.946
168.918
164.921
160.875
162.425
153.163
159.564
166.085
145.567
156.52
153.546
158.082
152.578
151.213
151.136
131.739
144.755
141.601
132.596
140.522
143.606
155.729
145.575
143.63
149.085
144.679
140.706
147.648
149.794
149.785
134.657
147.776
142.692
140.568
140.568
151.535
158.532
154.529
144.553
151.592
151.649
147.98
155.088
