-109.24
-126.289
-126.264
-112.312
-112.299
-117.287
-131.289
-120.251
-118.623
-114.623
-108.661
-118.98
-112.035
-123.046
-126.074
-122.132
-126.093
-131.09
-132.126
-134.101
-127.06
-117.076
-118.083
-114.726
-121.331
-120.336
-117.332
-125.729
-106.32
-118.693
-113.706
-115.754
-120.761
-122.796
-120.779
-118.799
-119.817
-115.035
-123.041
-117.041
-115.099
-137.033
-131.084
-123.685
-135.654
-116.683
-116.124
-116.598
-132.043
-148.563
-149.69
-142.149
-125.499
-127.663
-146.328
-158.084
-146.152
-148.238
-146.568
-138.589
-145.583
-142.892
-146.826
-150.81
-136.481
-152.398
-156.268
-149.072
-154.032
-142.969
-148.983
-142.943
-143.601
-145.548
-142.544
-150.546
-144.508
-135.123
-124.555
-144.524
-138.197
-144.623
-141.955
-148.237
-140.953
-152.951
-155.96
-149.946
-155.918
-144.921
-137.875
-143.425
-127.163
-139.564
-151.085
-128.567
-138.52
-135.546
-135.082
-134.578
-125.213
-117.136
-112.739
-128.755
-120.601
-120.596
-126.522
-121.606
-122.729
-121.575
-118.63
-116.085
-118.679
-118.706
-121.648
-131.794
-120.785
-118.657
-121.776
-123.692
-125.568
-111.568
-134.535
-131.532
-109.529
-117.553
-128.592
-105.649
-115.98
-135.088
