139.24
136.289
142.264
149.312
144.299
136.287
143.289
138.251
157.623
149.623
151.661
150.98
141.035
156.046
144.074
149.132
142.093
159.09
157.126
155.101
158.06
142.076
154.083
144.726
145.331
142.336
154.332
138.729
138.32
153.693
139.706
150.754
156.761
142.796
124.779
147.799
140.817
146.035
146.041
162.041
157.099
155.033
157.084
137.685
156.654
165.683
152.124
151.598
160.043
165.563
179.69
174.149
170.499
158.663
175.328
171.084
157.152
183.238
192.568
181.589
159.583
178.892
179.826
170.81
182.481
173.398
184.268
177.072
165.032
174.969
179.983
179.943
160.601
166.548
164.544
176.546
163.508
152.123
170.555
168.524
170.197
172.623
174.955
186.237
180.953
163.951
175.96
175.946
164.918
168.921
164.875
167.425
156.163
168.564
169.085
142.567
166.52
152.546
161.082
150.578
150.213
158.136
130.739
146.755
150.601
137.596
141.522
139.606
162.729
153.575
147.63
152.085
148.679
138.706
145.648
148.794
148.785
137.657
151.776
146.692
143.568
143.568
160.535
166.532
163.529
154.553
150.592
159.649
144.98
157.088
