-120.24
-129.289
-130.264
-121.312
-124.299
-121.287
-131.289
-121.251
-121.623
-123.623
-128.661
-127.98
-126.035
-129.046
-132.074
-134.132
-130.093
-133.09
-137.126
-137.101
-131.06
-127.076
-135.083
-130.726
-125.331
-126.336
-129.332
-131.729
-116.32
-132.693
-124.706
-131.754
-124.761
-125.796
-126.779
-131.799
-133.817
-129.035
-129.041
-127.041
-124.099
-135.033
-140.084
-130.685
-135.654
-126.683
-133.124
-129.598
-137.043
-149.563
-146.69
-152.149
-141.499
-145.663
-154.328
-154.084
-151.152
-145.238
-152.568
-148.589
-160.583
-151.892
-150.826
-156.81
-154.481
-153.398
-158.268
-154.072
-155.032
-150.969
-154.983
-147.943
-146.601
-146.548
-150.544
-155.546
-147.508
-148.123
-143.555
-144.524
-138.197
-156.623
-147.955
-148.237
-153.953
-150.951
-158.96
-154.946
-154.918
-157.921
-150.875
-151.425
-140.163
-150.564
-155.085
-143.567
-146.52
-139.546
-137.082
-143.578
-137.213
-127.136
-123.739
-137.755
-127.601
-134.596
-124.522
-129.606
-126.729
-123.575
-127.63
-132.085
-132.679
-123.706
-130.648
-131.794
-131.785
-128.657
-124.776
-130.692
-122.568
-126.568
-130.535
-125.532
-130.529
-127.553
-133.592
-117.649
-134.98
-137.088
