-119.24
-127.289
-118.264
-120.312
-127.299
-124.287
-121.289
-124.251
-126.623
-115.623
-132.661
-124.98
-122.035
-143.046
-117.074
-129.132
-132.093
-130.09
-127.126
-121.101
-128.06
-131.076
-136.083
-123.726
-113.331
-119.336
-122.332
-112.729
-106.32
-117.693
-128.706
-133.754
-125.761
-117.796
-129.779
-131.799
-128.817
-119.035
-122.041
-136.041
-133.099
-122.033
-123.084
-121.685
-122.654
-127.683
-137.124
-129.598
-127.043
-150.563
-131.69
-140.149
-143.499
-138.663
-149.328
-155.084
-151.152
-151.238
-157.568
-161.589
-162.583
-152.892
-157.826
-163.81
-151.481
-158.398
-144.268
-141.072
-141.032
-142.969
-148.983
-148.943
-155.601
-154.548
-153.544
-140.546
-153.508
-135.123
-143.555
-151.524
-137.197
-146.623
-145.955
-153.237
-155.953
-141.951
-152.96
-155.946
-145.918
-157.921
-153.875
-151.425
-143.163
-151.564
-145.085
-132.567
-133.52
-141.546
-131.082
-127.578
-132.213
-123.136
-116.739
-130.755
-117.601
-119.596
-125.522
-117.606
-126.729
-128.575
-119.63
-126.085
-136.679
-124.706
-123.648
-123.794
-127.785
-123.657
-120.776
-126.692
-127.568
-124.568
-122.535
-125.532
-122.529
-127.553
-133.592
-127.649
-125.98
-130.088
