-115.24
-124.289
-130.264
-125.312
-120.299
-118.287
-135.289
-122.251
-116.623
-121.623
-121.661
-119.98
-118.035
-130.046
-125.074
-127.132
-123.093
-134.09
-139.126
-131.101
-129.06
-123.076
-127.083
-122.726
-127.331
-127.336
-126.332
-127.729
-114.32
-128.693
-117.706
-122.754
-122.761
-118.796
-129.779
-123.799
-123.817
-127.035
-129.041
-117.041
-118.099
-132.033
-139.084
-122.685
-134.654
-118.683
-126.124
-120.598
-136.043
-148.563
-144.69
-148.149
-133.499
-142.663
-149.328
-155.084
-153.152
-144.238
-146.568
-140.589
-151.583
-143.892
-151.826
-158.81
-145.481
-155.398
-155.268
-151.072
-157.032
-151.969
-155.983
-149.943
-143.601
-147.548
-147.544
-152.546
-150.508
-142.123
-139.555
-145.524
-139.197
-152.623
-149.955
-150.237
-143.953
-152.951
-158.96
-158.946
-156.918
-150.921
-143.875
-146.425
-136.163
-141.564
-157.085
-136.567
-139.52
-135.546
-130.082
-138.578
-127.213
-120.136
-126.739
-136.755
-122.601
-124.596
-123.522
-121.606
-118.729
-123.575
-126.63
-123.085
-125.679
-126.706
-122.648
-134.794
-127.785
-126.657
-125.776
-128.692
-126.568
-118.568
-133.535
-126.532
-122.529
-123.553
-134.592
-113.649
-124.98
-140.088
