135.24
137.289
135.264
128.312
137.299
142.287
132.289
138.251
141.623
141.623
135.661
130.98
146.035
138.046
142.074
138.132
138.093
131.09
142.126
143.101
132.06
138.076
147.083
133.726
138.331
125.336
130.332
136.729
137.32
140.693
135.706
140.754
131.761
146.796
136.779
145.799
135.817
142.035
142.041
148.041
143.099
143.033
143.084
142.685
129.654
131.683
133.124
135.598
147.043
144.563
148.69
159.149
150.499
151.663
160.328
163.084
157.152
165.238
164.568
164.589
167.583
163.892
171.826
164.81
167.481
168.398
162.268
163.072
165.032
160.969
167.983
163.943
163.601
158.548
161.544
159.546
160.508
147.123
157.555
150.524
153.197
164.623
159.955
163.237
162.953
163.951
162.96
167.946
164.918
163.921
164.875
153.425
153.163
160.564
150.085
147.567
155.52
144.546
149.082
142.578
137.213
132.136
144.739
134.755
143.601
144.596
138.522
139.606
138.729
138.575
137.63
143.085
141.679
135.706
137.648
140.794
139.785
141.657
129.776
129.692
128.568
141.568
138.535
144.532
141.529
142.553
139.592
139.649
134.98
136.088
