-116.24
-125.289
-120.264
-133.312
-129.299
-125.287
-128.289
-129.251
-128.623
-123.623
-130.661
-123.98
-120.035
-130.046
-123.074
-131.132
-131.093
-125.09
-125.126
-125.101
-131.06
-116.076
-131.083
-125.726
-117.331
-122.336
-128.332
-122.729
-125.32
-137.693
-133.706
-126.754
-133.761
-133.796
-128.779
-130.799
-127.817
-124.035
-125.041
-124.041
-131.099
-134.033
-121.084
-119.685
-123.654
-122.683
-125.124
-132.598
-135.043
-143.563
-135.69
-147.149
-144.499
-145.663
-153.328
-150.084
-157.152
-152.238
-153.568
-147.589
-153.583
-169.892
-152.826
-164.81
-153.481
-159.398
-140.268
-151.072
-151.032
-150.969
-156.983
-146.943
-147.601
-140.548
-147.544
-137.546
-149.508
-150.123
-149.555
-146.524
-143.197
-142.623
-150.955
-159.237
-141.953
-160.951
-143.96
-147.946
-149.918
-140.921
-150.875
-141.425
-150.163
-147.564
-150.085
-149.567
-139.52
-135.546
-139.082
-126.578
-134.213
-132.136
-124.739
-117.755
-128.601
-129.596
-122.522
-127.606
-129.729
-133.575
-128.63
-136.085
-123.679
-121.706
-133.648
-124.794
-129.785
-129.657
-132.776
-126.692
-127.568
-115.568
-126.535
-138.532
-114.529
-126.553
-127.592
-117.649
-126.98
-126.088
