-119.24
-126.289
-110.264
-109.312
-122.299
-125.287
-114.289
-126.251
-126.623
-118.623
-129.661
-123.98
-121.035
-147.046
-107.074
-120.132
-124.093
-129.09
-116.126
-120.101
-119.06
-134.076
-134.083
-121.726
-109.331
-120.336
-119.332
-99.729
-106.32
-121.693
-128.706
-121.754
-128.761
-109.796
-125.779
-134.799
-132.817
-112.035
-115.041
-131.041
-124.099
-119.033
-116.084
-120.685
-124.654
-126.683
-131.124
-131.598
-125.043
-149.563
-124.69
-137.149
-137.499
-132.663
-144.328
-150.084
-150.152
-149.238
-154.568
-157.589
-158.583
-145.892
-146.826
-161.81
-142.481
-150.398
-141.268
-133.072
-139.032
-139.969
-143.983
-139.943
-150.601
-145.548
-149.544
-132.546
-145.508
-135.123
-136.555
-151.524
-134.197
-146.623
-138.955
-152.237
-155.953
-143.951
-151.96
-153.946
-148.918
-155.921
-152.875
-149.425
-136.163
-138.564
-143.085
-128.567
-133.52
-139.546
-119.082
-132.578
-130.213
-120.136
-109.739
-122.755
-114.601
-118.596
-125.522
-119.606
-120.729
-129.575
-108.63
-122.085
-129.679
-113.706
-121.648
-124.794
-122.785
-124.657
-122.776
-125.692
-122.568
-120.568
-117.535
-128.532
-118.529
-118.553
-136.592
-120.649
-122.98
-127.088
