-106.24
-111.289
-119.264
-119.312
-111.299
-123.287
-123.289
-111.251
-131.623
-114.623
-116.661
-118.98
-128.035
-113.046
-111.074
-132.132
-120.093
-126.09
-123.126
-131.101
-120.06
-126.076
-127.083
-116.726
-126.331
-123.336
-118.332
-120.729
-122.32
-117.693
-118.706
-122.754
-113.761
-110.796
-111.779
-123.799
-112.817
-121.035
-129.041
-128.041
-118.099
-124.033
-138.084
-129.685
-126.654
-127.683
-136.124
-119.598
-126.043
-132.563
-125.69
-149.149
-141.499
-141.663
-153.328
-131.084
-136.152
-146.238
-147.568
-149.589
-161.583
-161.892
-145.826
-160.81
-132.481
-162.398
-159.268
-155.072
-141.032
-139.969
-138.983
-153.943
-134.601
-149.548
-143.544
-147.546
-144.508
-149.123
-130.555
-140.524
-131.197
-140.623
-159.955
-152.237
-141.953
-144.951
-147.96
-143.946
-151.918
-138.921
-156.875
-145.425
-144.163
-150.564
-140.085
-147.567
-146.52
-128.546
-132.082
-123.578
-126.213
-129.136
-113.739
-122.755
-115.601
-118.596
-118.522
-138.606
-134.729
-117.575
-115.63
-119.085
-123.679
-119.706
-118.648
-118.794
-108.785
-124.657
-126.776
-122.692
-123.568
-108.568
-117.535
-124.532
-109.529
-123.553
-126.592
-117.649
-123.98
-119.088
