133.24
137.289
127.264
136.312
135.299
128.287
133.289
138.251
130.623
135.623
138.661
142.98
139.035
138.046
138.074
133.132
133.093
135.09
139.126
142.101
143.06
146.076
139.083
135.726
133.331
137.336
126.332
134.729
127.32
136.693
134.706
129.754
135.761
141.796
131.779
136.799
133.817
133.035
144.041
134.041
139.099
133.033
138.084
135.685
135.654
142.683
134.124
138.598
151.043
149.563
142.69
152.149
160.499
161.663
167.328
165.084
161.152
156.238
162.568
164.589
163.583
160.892
167.826
166.81
167.481
163.398
165.268
156.072
162.032
154.969
159.983
165.943
161.601
156.548
153.544
162.546
162.508
150.123
156.555
156.524
148.197
152.623
159.955
157.237
163.953
160.951
160.96
160.946
159.918
163.921
158.875
152.425
149.163
156.564
148.085
147.567
150.52
150.546
153.082
148.578
138.213
138.136
134.739
138.755
135.601
131.596
128.522
131.606
136.729
128.575
134.63
146.085
134.679
135.706
135.648
140.794
139.785
134.657
136.776
137.692
140.568
136.568
134.535
130.532
135.529
128.553
130.592
140.649
144.98
137.088
