-115.24
-128.289
-118.264
-131.312
-106.299
-132.287
-127.289
-114.251
-125.623
-120.623
-119.661
-128.98
-134.035
-118.046
-127.074
-124.132
-121.093
-134.09
-135.126
-128.101
-131.06
-121.076
-125.083
-125.726
-110.331
-111.336
-126.332
-138.729
-126.32
-121.693
-132.706
-134.754
-123.761
-117.796
-116.779
-122.799
-118.817
-123.035
-125.041
-121.041
-121.099
-123.033
-124.084
-120.685
-122.654
-123.683
-131.124
-133.598
-132.043
-138.563
-144.69
-146.149
-151.499
-152.663
-147.328
-156.084
-155.152
-159.238
-147.568
-162.589
-162.583
-146.892
-164.826
-144.81
-149.481
-151.398
-160.268
-147.072
-139.032
-144.969
-143.983
-152.943
-148.601
-140.548
-147.544
-147.546
-148.508
-143.123
-147.555
-142.524
-137.197
-132.623
-144.955
-151.237
-155.953
-140.951
-142.96
-140.946
-153.918
-148.921
-147.875
-146.425
-126.163
-149.564
-144.085
-137.567
-142.52
-134.546
-139.082
-129.578
-136.213
-130.136
-119.739
-119.755
-128.601
-125.596
-122.522
-124.606
-130.729
-134.575
-120.63
-124.085
-132.679
-131.706
-129.648
-121.794
-124.785
-120.657
-124.776
-115.692
-130.568
-120.568
-124.535
-123.532
-130.529
-121.553
-121.592
-127.649
-132.98
-126.088
