-125.24
-129.289
-126.264
-130.312
-126.299
-130.287
-131.289
-125.251
-128.623
-127.623
-132.661
-131.98
-131.035
-137.046
-136.074
-137.132
-138.093
-133.09
-133.126
-136.101
-133.06
-131.076
-137.083
-128.726
-130.331
-124.336
-131.332
-129.729
-124.32
-133.693
-133.706
-132.754
-127.761
-133.796
-134.779
-128.799
-129.817
-133.035
-136.041
-132.041
-133.099
-133.033
-136.084
-134.685
-134.654
-128.683
-131.124
-135.598
-140.043
-147.563
-148.69
-150.149
-148.499
-154.663
-162.328
-158.084
-153.152
-153.238
-157.568
-156.589
-157.583
-158.892
-158.826
-163.81
-157.481
-162.398
-160.268
-157.072
-153.032
-158.969
-152.983
-156.943
-148.601
-149.548
-153.544
-155.546
-155.508
-145.123
-148.555
-149.524
-145.197
-155.623
-151.955
-155.237
-156.953
-153.951
-156.96
-158.946
-157.918
-153.921
-152.875
-154.425
-147.163
-153.564
-152.085
-147.567
-148.52
-141.546
-138.082
-141.578
-138.213
-132.136
-133.739
-134.755
-134.601
-134.596
-132.522
-132.606
-133.729
-132.575
-128.63
-137.085
-133.679
-132.706
-128.648
-133.794
-129.785
-128.657
-132.776
-128.692
-129.568
-133.568
-132.535
-132.532
-127.529
-129.553
-132.592
-127.649
-136.98
-136.088
