127.24
133.289
127.264
129.312
128.299
127.287
128.289
132.251
136.623
136.623
132.661
134.98
141.035
139.046
141.074
135.132
136.093
134.09
140.126
140.101
136.06
141.076
135.083
130.726
129.331
134.336
133.332
131.729
127.32
130.693
132.706
135.754
130.761
130.796
135.779
131.799
130.817
139.035
135.041
140.041
134.099
141.033
140.084
132.685
135.654
131.683
141.124
137.598
143.043
144.563
149.69
149.149
156.499
158.663
159.328
157.084
160.152
162.238
160.568
163.589
160.583
166.892
168.826
168.81
159.481
163.398
163.268
155.072
161.032
154.969
161.983
156.943
158.601
151.548
153.544
156.546
152.508
153.123
158.555
156.524
153.197
151.623
156.955
160.237
160.953
156.951
160.96
160.946
155.918
156.921
154.875
158.425
148.163
156.564
150.085
145.567
150.52
150.546
143.082
143.578
135.213
134.136
136.739
135.755
132.601
130.596
130.522
137.606
132.729
135.575
135.63
136.085
130.679
136.706
135.648
130.794
132.785
137.657
130.776
137.692
136.568
136.568
135.535
131.532
137.529
130.553
135.592
130.649
135.98
141.088
