138.24
148.289
134.264
134.312
143.299
142.287
155.289
138.251
146.623
150.623
156.661
148.98
135.035
153.046
164.074
165.132
134.093
134.09
139.126
151.101
139.06
156.076
146.083
147.726
151.331
151.336
146.332
141.729
142.32
140.693
147.706
151.754
134.761
145.796
138.779
149.799
143.817
149.035
142.041
161.041
155.099
155.033
144.084
157.685
130.654
161.683
135.124
150.598
165.043
150.563
157.69
172.149
177.499
167.663
164.328
168.084
159.152
160.238
174.568
178.589
188.583
174.892
181.826
184.81
168.481
175.398
161.268
171.072
160.032
168.969
176.983
184.943
171.601
159.548
167.544
172.546
160.508
164.123
156.555
170.524
158.197
177.623
166.955
174.237
182.953
177.951
164.96
183.946
161.918
169.921
159.875
161.425
168.163
169.564
163.085
147.567
148.52
144.546
172.082
155.578
144.213
158.136
142.739
142.755
132.601
158.596
141.522
132.606
143.729
146.575
141.63
148.085
151.679
151.706
141.648
151.794
135.785
139.657
142.776
152.692
147.568
147.568
143.535
147.532
145.529
141.553
145.592
143.649
147.98
155.088
