-129.24
-126.289
-113.264
-122.312
-113.299
-114.287
-110.289
-130.251
-122.623
-132.623
-125.661
-128.98
-127.035
-129.046
-130.074
-121.132
-126.093
-135.09
-126.126
-129.101
-131.06
-134.076
-125.083
-126.726
-125.331
-123.336
-112.332
-113.729
-121.32
-124.693
-130.706
-130.754
-118.761
-129.796
-127.779
-129.799
-132.817
-126.035
-136.041
-120.041
-135.099
-123.033
-136.084
-125.685
-123.654
-128.683
-130.124
-119.598
-127.043
-134.563
-134.69
-143.149
-143.499
-141.663
-150.328
-136.084
-151.152
-159.238
-153.568
-148.589
-146.583
-156.892
-147.826
-148.81
-143.481
-156.398
-145.268
-153.072
-139.032
-153.969
-157.983
-144.943
-133.601
-145.548
-146.544
-141.546
-135.508
-144.123
-142.555
-160.524
-154.197
-150.623
-136.955
-151.237
-157.953
-142.951
-132.96
-151.946
-150.918
-135.921
-140.875
-147.425
-143.163
-152.564
-142.085
-129.567
-134.52
-139.546
-141.082
-125.578
-136.213
-127.136
-125.739
-130.755
-116.601
-122.596
-130.522
-116.606
-118.729
-122.575
-124.63
-144.085
-117.679
-121.706
-110.648
-116.794
-108.785
-124.657
-128.776
-134.692
-135.568
-106.568
-115.535
-127.532
-122.529
-126.553
-129.592
-118.649
-115.98
-122.088
