138.24
140.289
136.264
128.312
136.299
147.287
133.289
146.251
139.623
139.623
136.661
133.98
144.035
141.046
143.074
143.132
136.093
134.09
147.126
142.101
140.06
141.076
150.083
131.726
147.331
132.336
129.332
144.729
144.32
142.693
140.706
143.754
134.761
144.796
141.779
151.799
132.817
149.035
146.041
146.041
143.099
142.033
147.084
152.685
130.654
137.683
129.124
134.598
150.043
142.563
152.69
160.149
154.499
155.663
167.328
165.084
154.152
166.238
171.568
169.589
170.583
166.892
169.826
166.81
168.481
167.398
160.268
167.072
162.032
167.969
170.983
165.943
167.601
164.548
170.544
159.546
165.508
150.123
160.555
151.524
150.197
166.623
156.955
164.237
168.953
160.951
171.96
171.946
166.918
164.921
173.875
154.425
157.163
161.564
151.085
150.567
156.52
147.546
146.082
139.578
133.213
130.136
152.739
141.755
152.601
147.596
146.522
143.606
147.729
139.575
140.63
149.085
148.679
137.706
139.648
137.794
142.785
145.657
125.776
137.692
136.568
145.568
140.535
141.532
142.529
145.553
144.592
146.649
138.98
139.088
