-112.24
-121.289
-118.264
-104.312
-115.299
-110.287
-128.289
-122.251
-110.623
-121.623
-124.661
-113.98
-123.035
-129.046
-121.074
-129.132
-123.093
-121.09
-125.126
-123.101
-121.06
-115.076
-133.083
-129.726
-105.331
-121.336
-115.332
-100.729
-121.32
-121.693
-130.706
-107.754
-119.761
-129.796
-129.779
-118.799
-131.817
-120.035
-115.041
-123.041
-132.099
-122.033
-132.084
-122.685
-108.654
-127.683
-125.124
-127.598
-128.043
-132.563
-123.69
-140.149
-139.499
-136.663
-148.328
-146.084
-148.152
-146.238
-149.568
-148.589
-146.583
-157.892
-153.826
-157.81
-142.481
-147.398
-137.268
-144.072
-142.032
-129.969
-153.983
-149.943
-137.601
-158.548
-143.544
-129.546
-134.508
-129.123
-137.555
-141.524
-138.197
-133.623
-141.955
-148.237
-144.953
-138.951
-144.96
-138.946
-148.918
-144.921
-156.875
-143.425
-140.163
-141.564
-135.085
-138.567
-127.52
-141.546
-134.082
-129.578
-124.213
-121.136
-123.739
-128.755
-125.601
-114.596
-118.522
-105.606
-123.729
-110.575
-120.63
-132.085
-107.679
-114.706
-127.648
-130.794
-131.785
-138.657
-121.776
-115.692
-123.568
-112.568
-124.535
-129.532
-127.529
-119.553
-125.592
-119.649
-111.98
-141.088
