-131.24
-121.289
-108.264
-122.312
-109.299
-110.287
-111.289
-130.251
-118.623
-127.623
-125.661
-128.98
-128.035
-126.046
-131.074
-122.132
-126.093
-135.09
-122.126
-126.101
-133.06
-134.076
-122.083
-126.726
-127.331
-118.336
-114.332
-109.729
-117.32
-124.693
-125.706
-125.754
-118.761
-125.796
-129.779
-129.799
-132.817
-122.035
-132.041
-121.041
-135.099
-125.033
-136.084
-127.685
-120.654
-128.683
-127.124
-114.598
-122.043
-136.563
-136.69
-139.149
-144.499
-141.663
-145.328
-133.084
-146.152
-154.238
-148.568
-148.589
-141.583
-152.892
-142.826
-150.81
-138.481
-153.398
-146.268
-148.072
-139.032
-155.969
-153.983
-140.943
-128.601
-141.548
-143.544
-143.546
-136.508
-144.123
-138.555
-161.524
-154.197
-150.623
-138.955
-151.237
-159.953
-143.951
-133.96
-148.946
-151.918
-136.921
-137.875
-149.425
-144.163
-153.564
-139.085
-126.567
-129.52
-141.546
-137.082
-125.578
-131.213
-128.136
-122.739
-131.755
-111.601
-124.596
-131.522
-118.606
-119.729
-122.575
-124.63
-139.085
-119.679
-122.706
-111.648
-118.794
-109.785
-121.657
-125.776
-129.692
-130.568
-108.568
-115.535
-129.532
-117.529
-123.553
-124.592
-113.649
-111.98
-118.088
