-125.24
-112.289
-122.264
-114.312
-131.299
-120.287
-127.289
-108.251
-132.623
-127.623
-122.661
-116.98
-133.035
-130.046
-126.074
-121.132
-129.093
-128.09
-127.126
-131.101
-136.06
-124.076
-136.083
-136.726
-111.331
-122.336
-121.332
-131.729
-121.32
-125.693
-129.706
-131.754
-111.761
-114.796
-126.779
-131.799
-111.817
-131.035
-127.041
-133.041
-132.099
-124.033
-127.084
-124.685
-134.654
-124.683
-124.124
-132.598
-136.043
-136.563
-133.69
-150.149
-147.499
-147.663
-147.328
-157.084
-144.152
-160.238
-141.568
-157.589
-158.583
-155.892
-165.826
-137.81
-155.481
-154.398
-157.268
-152.072
-150.032
-157.969
-143.983
-141.943
-150.601
-148.548
-150.544
-149.546
-139.508
-148.123
-145.555
-139.524
-141.197
-160.623
-138.955
-151.237
-140.953
-163.951
-151.96
-147.946
-140.918
-147.921
-144.875
-135.425
-140.163
-145.564
-145.085
-132.567
-133.52
-131.546
-133.082
-135.578
-129.213
-134.136
-123.739
-109.755
-124.601
-126.596
-134.522
-134.606
-129.729
-130.575
-127.63
-121.085
-124.679
-122.706
-128.648
-126.794
-127.785
-115.657
-113.776
-125.692
-130.568
-112.568
-134.535
-123.532
-125.529
-132.553
-131.592
-134.649
-142.98
-134.088
