126.24
133.289
133.264
135.312
128.299
128.287
134.289
132.251
141.623
128.623
135.661
133.98
146.035
137.046
140.074
136.132
146.093
144.09
140.126
139.101
143.06
139.076
132.083
136.726
132.331
133.336
132.332
139.729
129.32
135.693
133.706
136.754
134.761
134.796
134.779
139.799
137.817
144.035
134.041
139.041
135.099
138.033
146.084
133.685
128.654
130.683
138.124
146.598
141.043
153.563
145.69
148.149
156.499
155.663
163.328
165.084
165.152
165.238
164.568
158.589
157.583
167.892
169.826
166.81
160.481
162.398
161.268
159.072
161.032
154.969
157.983
153.943
156.601
154.548
154.544
150.546
154.508
152.123
157.555
162.524
148.197
156.623
155.955
159.237
154.953
159.951
157.96
159.946
159.918
154.921
158.875
159.425
151.163
156.564
153.085
144.567
155.52
148.546
146.082
142.578
145.213
144.136
135.739
133.755
128.601
139.596
129.522
135.606
135.729
137.575
134.63
139.085
142.679
140.706
128.648
139.794
134.785
128.657
128.776
139.692
130.568
139.568
140.535
135.532
136.529
140.553
130.592
141.649
141.98
140.088
