-129.24
-129.24
-129.289
-129.289
-129.264
-129.264
-129.312
-129.312
-129.299
-129.299
-129.287
-129.287
-129.289
-129.289
-129.251
-129.251
-132.623
-132.623
-132.623
-132.623
-132.661
-132.661
-135.98
-135.98
-136.035
-136.035
-136.046
-136.046
-136.074
-136.074
-136.132
-136.132
-136.093
-136.093
-136.09
-136.09
-136.126
-136.126
-136.101
-136.101
-136.06
-136.06
-136.076
-136.076
-136.083
-136.083
-132.726
-132.726
-129.331
-129.331
-129.336
-129.336
-129.332
-129.332
-132.729
-132.729
-129.32
-129.32
-132.693
-132.693
-132.706
-132.706
-132.754
-132.754
-132.761
-132.761
-132.796
-132.796
-132.779
-132.779
-132.799
-132.799
-132.817
-132.817
-136.035
-136.035
-136.041
-136.041
-136.041
-136.041
-136.099
-136.099
-136.033
-136.033
-136.084
-136.084
-132.685
-132.685
-132.654
-132.654
-132.683
-132.683
-136.124
-136.124
-139.598
-139.598
-143.043
-143.043
-146.563
-146.563
-146.69
-146.69
-150.149
-150.149
-153.499
-153.499
-153.663
-153.663
-160.328
-160.328
-157.084
-157.084
-157.152
-157.152
-157.238
-157.238
-160.568
-160.568
-160.589
-160.589
-160.583
-160.583
-163.892
-163.892
-163.826
-163.826
-163.81
-163.81
-160.481
-160.481
-160.398
-160.398
-160.268
-160.268
-157.072
-157.072
-157.032
-157.032
-156.969
-156.969
-156.983
-156.983
-156.943
-156.943
-153.601
-153.601
-153.548
-153.548
-153.544
-153.544
-153.546
-153.546
-153.508
-153.508
-150.123
-150.123
-153.555
-153.555
-153.524
-153.524
-150.197
-150.197
-153.623
-153.623
-156.955
-156.955
-160.237
-160.237
-156.953
-156.953
-156.951
-156.951
-156.96
-156.96
-156.946
-156.946
-156.918
-156.918
-156.921
-156.921
-156.875
-156.875
-153.425
-153.425
-150.163
-150.163
-153.564
-153.564
-150.085
-150.085
-146.567
-146.567
-146.52
-146.52
-146.546
-146.546
-143.082
-143.082
-139.578
-139.578
-136.213
-136.213
-136.136
-136.136
-132.739
-132.739
-132.755
-132.755
-132.601
-132.601
-132.596
-132.596
-132.522
-132.522
-132.606
-132.606
-132.729
-132.729
-132.575
-132.575
-132.63
-132.63
-136.085
-136.085
-132.679
-132.679
-132.706
-132.706
-132.648
-132.648
-132.794
-132.794
-132.785
-132.785
-132.657
-132.657
-132.776
-132.776
-132.692
-132.692
-132.568
-132.568
-132.568
-132.568
-132.535
-132.535
-132.532
-132.532
-132.529
-132.529
-132.553
-132.553
-132.592
-132.592
-132.649
-132.649
-135.98
-135.98
-136.088
-136.088
