-115.24
-114.289
-124.264
-127.312
-116.299
-120.287
-128.289
-116.251
-130.623
-122.623
-118.661
-120.98
-132.035
-114.046
-119.074
-142.132
-122.093
-128.09
-133.126
-135.101
-125.06
-128.076
-129.083
-120.726
-135.331
-121.336
-123.332
-118.729
-125.32
-127.693
-127.706
-126.754
-123.761
-113.796
-121.779
-128.799
-121.817
-123.035
-134.041
-129.041
-122.099
-131.033
-138.084
-125.685
-128.654
-130.683
-138.124
-119.598
-132.043
-141.563
-134.69
-151.149
-149.499
-150.663
-150.328
-141.084
-146.152
-155.238
-146.568
-155.589
-159.583
-164.892
-145.826
-158.81
-141.481
-158.398
-160.268
-159.072
-148.032
-149.969
-139.983
-156.943
-137.601
-148.548
-151.544
-149.546
-142.508
-147.123
-138.555
-148.524
-135.197
-139.623
-158.955
-149.237
-146.953
-146.951
-151.96
-147.946
-153.918
-146.921
-153.875
-154.425
-147.163
-146.564
-138.085
-155.567
-144.52
-138.546
-137.082
-127.578
-123.213
-136.136
-121.739
-125.755
-120.601
-125.596
-123.522
-141.606
-135.729
-118.575
-119.63
-122.085
-126.679
-122.706
-122.648
-117.794
-117.785
-129.657
-133.776
-130.692
-124.568
-116.568
-125.535
-127.532
-117.529
-127.553
-123.592
-119.649
-126.98
-117.088
