-109.24
-120.289
-116.264
-94.312
-113.299
-107.287
-118.289
-125.251
-107.623
-120.623
-121.661
-116.98
-122.035
-128.046
-120.074
-130.132
-120.093
-117.09
-127.126
-125.101
-116.06
-106.076
-132.083
-131.726
-103.331
-113.336
-106.332
-94.729
-117.32
-117.693
-128.706
-111.754
-112.761
-126.796
-125.779
-109.799
-124.817
-114.035
-107.041
-127.041
-131.099
-118.033
-133.084
-116.685
-98.654
-126.683
-124.124
-125.598
-125.043
-124.563
-125.69
-139.149
-133.499
-138.663
-145.328
-143.084
-150.152
-141.238
-141.568
-147.589
-143.583
-149.892
-150.826
-155.81
-143.481
-145.398
-133.268
-143.072
-141.032
-130.969
-150.983
-145.943
-132.601
-155.548
-146.544
-128.546
-132.508
-131.123
-132.555
-134.524
-130.197
-135.623
-134.955
-139.237
-141.953
-134.951
-140.96
-128.946
-145.918
-142.921
-152.875
-145.425
-132.163
-143.564
-135.085
-129.567
-128.52
-143.546
-131.082
-133.578
-114.213
-117.136
-120.739
-126.755
-122.601
-113.596
-119.522
-107.606
-119.729
-102.575
-116.63
-128.085
-105.679
-109.706
-126.648
-128.794
-130.785
-128.657
-118.776
-115.692
-114.568
-113.568
-127.535
-131.532
-123.529
-117.553
-115.592
-114.649
-107.98
-139.088
