132.24
133.289
127.264
129.312
132.299
129.287
128.289
127.251
131.623
136.623
130.661
139.98
135.035
136.046
134.074
136.132
139.093
140.09
136.126
136.101
135.06
134.076
140.083
132.726
134.331
133.336
133.332
131.729
133.32
137.693
132.706
131.754
130.761
130.796
135.779
136.799
132.817
140.035
139.041
134.041
140.099
134.033
139.084
131.685
135.654
136.683
139.124
144.598
141.043
145.563
144.69
149.149
158.499
153.663
160.328
155.084
156.152
161.238
159.568
165.589
163.583
168.892
162.826
166.81
160.481
160.398
159.268
160.072
155.032
161.969
154.983
156.943
152.601
158.548
157.544
157.546
158.508
148.123
152.555
151.524
148.197
151.623
159.955
164.237
159.953
159.951
161.96
156.946
154.918
159.921
154.875
158.425
155.163
157.564
154.085
145.567
149.52
150.546
148.082
144.578
139.213
141.136
131.739
131.755
132.601
137.596
130.522
136.606
131.729
130.575
130.63
140.085
136.679
136.706
132.648
130.794
135.785
137.657
136.776
137.692
137.568
137.568
130.535
131.532
130.529
137.553
137.592
137.649
135.98
141.088
