-117.24
-109.289
-119.264
-109.312
-133.299
-112.287
-128.289
-102.251
-129.623
-125.623
-123.661
-117.98
-131.035
-125.046
-123.074
-115.132
-131.093
-118.09
-124.126
-130.101
-134.06
-122.076
-134.083
-128.726
-109.331
-120.336
-120.332
-134.729
-117.32
-128.693
-124.706
-129.754
-105.761
-110.796
-122.779
-129.799
-112.817
-123.035
-124.041
-130.041
-129.099
-127.033
-124.084
-116.685
-130.654
-121.683
-120.124
-126.598
-138.043
-132.563
-134.69
-142.149
-145.499
-147.663
-139.328
-153.084
-146.152
-159.238
-139.568
-148.589
-153.583
-151.892
-166.826
-128.81
-157.481
-152.398
-155.268
-149.072
-152.032
-149.969
-140.983
-139.943
-147.601
-140.548
-145.544
-144.546
-136.508
-150.123
-141.555
-141.524
-136.197
-163.623
-134.955
-152.237
-132.953
-165.951
-148.96
-147.946
-142.918
-144.921
-143.875
-136.425
-143.163
-148.564
-143.085
-125.567
-134.52
-134.546
-130.082
-127.578
-125.213
-125.136
-125.739
-105.755
-122.601
-122.596
-131.522
-131.606
-129.729
-131.575
-122.63
-112.085
-118.679
-115.706
-126.648
-130.794
-124.785
-116.657
-109.776
-121.692
-126.568
-103.568
-132.535
-123.532
-119.529
-134.553
-132.592
-131.649
-139.98
-131.088
