145.24
138.289
139.264
129.312
134.299
126.287
130.289
128.251
142.623
139.623
137.661
141.98
145.035
136.046
145.074
138.132
130.093
132.09
142.126
136.101
141.06
134.076
138.083
131.726
126.331
134.336
129.332
138.729
128.32
138.693
130.706
130.754
136.761
138.796
133.779
131.799
138.817
139.035
147.041
143.041
142.099
146.033
141.084
145.685
136.654
140.683
142.124
140.598
155.043
161.563
154.69
166.149
153.499
153.663
171.328
164.084
168.152
168.238
172.568
163.589
160.583
176.892
175.826
168.81
162.481
161.398
166.268
158.072
164.032
164.969
173.983
155.943
159.601
160.548
152.544
156.546
166.508
162.123
160.555
155.524
163.197
159.623
169.955
168.237
159.953
153.951
167.96
162.946
163.918
163.921
166.875
157.425
148.163
161.564
166.085
151.567
147.52
149.546
148.082
148.578
132.213
130.136
138.739
138.755
137.601
138.596
141.522
130.606
141.729
146.575
137.63
142.085
140.679
131.706
134.648
139.794
136.785
128.657
142.776
138.692
140.568
143.568
143.535
141.532
139.529
137.553
132.592
143.649
137.98
140.088
