147.24
138.289
136.264
147.312
137.299
135.287
132.289
142.251
143.623
154.623
135.661
140.98
140.035
142.046
136.074
152.132
132.093
144.09
150.126
153.101
139.06
145.076
149.083
137.726
132.331
130.336
139.332
137.729
138.32
143.693
137.706
138.754
143.761
150.796
132.779
129.799
148.817
138.035
148.041
150.041
141.099
146.033
147.084
136.685
139.654
137.683
132.124
140.598
152.043
159.563
156.69
158.149
162.499
161.663
174.328
159.084
167.152
172.238
171.568
160.589
159.583
176.892
178.826
181.81
177.481
164.398
163.268
163.072
163.032
170.969
163.983
162.943
158.601
148.548
163.544
166.546
159.508
168.123
159.555
162.524
158.197
162.623
158.955
174.237
169.953
164.951
164.96
170.946
157.918
159.921
162.875
158.425
162.163
147.564
163.085
153.567
145.52
147.546
153.082
143.578
147.213
141.136
138.739
131.755
139.601
137.596
136.522
143.606
150.729
136.575
143.63
149.085
131.679
138.706
150.648
142.794
146.785
138.657
143.776
132.692
137.568
141.568
138.535
144.532
132.529
144.553
131.592
143.649
135.98
147.088
