151.24
140.289
138.264
147.312
150.299
135.287
140.289
139.251
152.623
139.623
141.661
145.98
147.035
154.046
166.074
138.132
158.093
152.09
152.126
149.101
156.06
143.076
159.083
134.726
145.331
147.336
152.332
148.729
144.32
137.693
140.706
144.754
143.761
142.796
143.779
136.799
149.817
149.035
164.041
145.041
147.099
146.033
142.084
145.685
138.654
150.683
148.124
169.598
159.043
143.563
168.69
169.149
171.499
167.663
159.328
164.084
169.152
166.238
179.568
174.589
170.583
164.892
176.826
180.81
173.481
171.398
165.268
166.072
159.032
160.969
172.983
159.943
173.601
158.548
163.544
164.546
168.508
161.123
161.555
168.524
156.197
161.623
162.955
181.237
165.953
173.951
169.96
164.946
174.918
173.921
168.875
153.425
162.163
154.564
164.085
161.567
147.52
149.546
146.082
158.578
152.213
157.136
151.739
142.755
154.601
134.596
142.522
145.606
145.729
149.575
139.63
141.085
138.679
149.706
131.648
142.794
147.785
136.657
140.776
138.692
144.568
143.568
153.535
127.532
143.529
139.553
138.592
145.649
141.98
148.088
