-125.24
-131.289
-129.264
-129.312
-131.299
-129.287
-129.289
-131.251
-128.623
-128.623
-132.661
-130.98
-132.035
-137.046
-131.074
-132.132
-133.093
-136.09
-137.126
-133.101
-138.06
-131.076
-138.083
-127.726
-124.331
-124.336
-125.332
-132.729
-124.32
-132.693
-129.706
-128.754
-132.761
-134.796
-128.779
-132.799
-134.817
-132.035
-132.041
-132.041
-131.099
-136.033
-132.084
-127.685
-127.654
-129.683
-132.124
-139.598
-138.043
-148.563
-141.69
-150.149
-150.499
-153.663
-160.328
-153.084
-159.152
-153.238
-157.568
-155.589
-162.583
-165.892
-158.826
-164.81
-155.481
-161.398
-155.268
-157.072
-159.032
-152.969
-151.983
-158.943
-153.601
-149.548
-155.544
-150.546
-155.508
-152.123
-154.555
-155.524
-146.197
-148.623
-157.955
-162.237
-153.953
-157.951
-152.96
-151.946
-153.918
-151.921
-153.875
-149.425
-151.163
-150.564
-152.085
-146.567
-143.52
-146.546
-145.082
-134.578
-133.213
-132.136
-132.739
-127.755
-128.601
-129.596
-134.522
-134.606
-132.729
-134.575
-129.63
-137.085
-127.679
-127.706
-134.648
-132.794
-134.785
-128.657
-134.776
-133.692
-132.568
-129.568
-133.535
-134.532
-128.529
-133.553
-132.592
-127.649
-132.98
-133.088
