159.24
154.289
144.264
134.312
133.299
137.287
138.289
139.251
153.623
145.623
138.661
148.98
149.035
139.046
144.074
157.132
148.093
145.09
156.126
146.101
145.06
132.076
155.083
141.726
126.331
139.336
125.332
134.729
152.32
141.693
138.706
136.754
149.761
149.796
142.779
142.799
149.817
147.035
153.041
149.041
158.099
151.033
153.084
156.685
137.654
140.683
146.124
147.598
171.043
171.563
153.69
187.149
158.499
161.663
183.328
176.084
175.152
181.238
180.568
173.589
169.583
187.892
189.826
185.81
169.481
174.398
176.268
175.072
181.032
170.969
183.983
165.943
172.601
154.548
171.544
161.546
193.508
172.123
165.555
169.524
172.197
161.623
186.955
177.237
168.953
166.951
185.96
165.946
171.918
169.921
172.875
157.425
154.163
168.564
173.085
158.567
157.52
156.546
151.082
154.578
136.213
131.136
144.739
147.755
157.601
158.596
151.522
136.606
148.729
167.575
134.63
162.085
147.679
128.706
160.648
146.794
135.785
133.657
137.776
149.692
149.568
152.568
151.535
149.532
147.529
140.553
138.592
142.649
150.98
142.088
