130.24
135.289
129.264
131.312
137.299
131.287
131.289
142.251
147.623
141.623
133.661
149.98
145.035
148.046
148.074
137.132
134.093
138.09
148.126
154.101
155.06
141.076
138.083
140.726
141.331
143.336
143.332
126.729
139.32
135.693
150.706
129.754
144.761
146.796
140.779
153.799
129.817
148.035
144.041
145.041
142.099
148.033
146.084
146.685
143.654
139.683
145.124
154.598
145.043
154.563
160.69
157.149
168.499
160.663
171.328
167.084
167.152
175.238
168.568
161.589
168.583
177.892
181.826
174.81
165.481
177.398
168.268
167.072
181.032
162.969
174.983
159.943
178.601
153.548
173.544
165.546
163.508
165.123
162.555
167.524
169.197
166.623
159.955
174.237
167.953
166.951
165.96
164.946
159.918
164.921
162.875
159.425
165.163
167.564
151.085
157.567
162.52
170.546
153.082
143.578
140.213
142.136
150.739
143.755
149.601
135.596
133.522
153.606
145.729
149.575
144.63
138.085
141.679
146.706
155.648
145.794
131.785
155.657
149.776
156.692
133.568
157.568
136.535
135.532
144.529
137.553
145.592
137.649
144.98
144.088
