-121.24
-127.289
-110.264
-109.312
-123.299
-126.287
-109.289
-121.251
-127.623
-119.623
-131.661
-119.98
-118.035
-148.046
-103.074
-120.132
-126.093
-130.09
-118.126
-115.101
-116.06
-136.076
-129.083
-118.726
-110.331
-121.336
-116.332
-99.729
-102.32
-121.693
-130.706
-118.754
-130.761
-106.796
-121.779
-134.799
-127.817
-109.035
-116.041
-133.041
-121.099
-119.033
-118.084
-121.685
-119.654
-121.683
-126.124
-131.598
-120.043
-151.563
-125.69
-139.149
-139.499
-134.663
-141.328
-146.084
-146.152
-151.238
-155.568
-158.589
-153.583
-141.892
-147.826
-157.81
-137.481
-151.398
-141.268
-134.072
-141.032
-140.969
-139.983
-135.943
-152.601
-147.548
-145.544
-127.546
-146.508
-136.123
-136.555
-152.524
-131.197
-147.623
-138.955
-148.237
-156.953
-143.951
-152.96
-154.946
-144.918
-155.921
-147.875
-149.425
-138.163
-135.564
-139.085
-125.567
-130.52
-141.546
-115.082
-129.578
-127.213
-122.136
-106.739
-123.755
-115.601
-118.596
-125.522
-120.606
-122.729
-129.575
-105.63
-117.085
-130.679
-114.706
-117.648
-126.794
-123.785
-121.657
-122.776
-126.692
-122.568
-120.568
-112.535
-123.532
-118.529
-113.553
-133.592
-116.649
-119.98
-122.088
