150.24
156.289
134.264
141.312
148.299
148.287
153.289
142.251
136.623
142.623
154.661
143.98
150.035
162.046
149.074
144.132
139.093
154.09
158.126
154.101
162.06
154.076
157.083
135.726
144.331
144.336
153.332
149.729
136.32
150.693
159.706
139.754
144.761
161.796
142.779
150.799
140.817
157.035
156.041
150.041
150.099
140.033
148.084
144.685
152.654
153.683
142.124
153.598
163.043
168.563
149.69
157.149
155.499
167.663
176.328
178.084
181.152
160.238
177.568
187.589
175.583
169.892
171.826
172.81
173.481
177.398
186.268
165.072
183.032
158.969
172.983
185.943
168.601
172.548
157.544
181.546
180.508
164.123
162.555
170.524
157.197
163.623
171.955
170.237
187.953
181.951
184.96
180.946
163.918
190.921
175.875
162.425
154.163
169.564
150.085
166.567
169.52
159.546
176.082
165.578
144.213
147.136
152.739
153.755
139.601
141.596
139.522
132.606
143.729
135.575
152.63
159.085
146.679
143.706
143.648
164.794
158.785
139.657
166.776
156.692
152.568
149.568
145.535
138.532
138.529
148.553
141.592
139.649
147.98
159.088
