-111.24
-125.289
-114.264
-126.312
-103.299
-133.287
-119.289
-116.251
-127.623
-124.623
-120.661
-125.98
-129.035
-112.046
-118.074
-126.132
-118.093
-132.09
-128.126
-123.101
-127.06
-113.076
-122.083
-124.726
-107.331
-112.336
-128.332
-135.729
-124.32
-118.693
-131.706
-124.754
-125.761
-113.796
-117.779
-119.799
-116.817
-116.035
-129.041
-113.041
-117.099
-127.033
-127.084
-116.685
-118.654
-125.683
-124.124
-128.598
-130.043
-130.563
-136.69
-144.149
-153.499
-144.663
-145.328
-152.084
-147.152
-156.238
-139.568
-158.589
-161.583
-150.892
-163.826
-141.81
-144.481
-148.398
-159.268
-148.072
-132.032
-147.969
-139.983
-154.943
-140.601
-136.548
-149.544
-144.546
-150.508
-137.123
-143.555
-143.524
-128.197
-129.623
-140.955
-146.237
-153.953
-136.951
-137.96
-137.946
-156.918
-149.921
-145.875
-143.425
-123.163
-146.564
-137.085
-140.567
-132.52
-131.546
-131.082
-127.578
-127.213
-123.136
-116.739
-111.755
-124.601
-127.596
-119.522
-127.606
-127.729
-131.575
-117.63
-123.085
-130.679
-129.706
-121.648
-111.794
-127.785
-117.657
-126.776
-113.692
-122.568
-118.568
-126.535
-125.532
-120.529
-115.553
-111.592
-126.649
-128.98
-128.088
