-119.24
-133.289
-120.264
-121.312
-134.299
-110.287
-122.289
-127.251
-120.623
-126.623
-124.661
-124.98
-127.035
-126.046
-138.074
-123.132
-133.093
-129.09
-140.126
-128.101
-127.06
-130.076
-134.083
-132.726
-124.331
-122.336
-127.332
-123.729
-123.32
-130.693
-122.706
-118.754
-121.761
-127.796
-126.779
-113.799
-120.817
-136.035
-135.041
-136.041
-139.099
-135.033
-126.084
-127.685
-119.654
-119.683
-134.124
-136.598
-141.043
-146.563
-131.69
-136.149
-143.499
-152.663
-156.328
-145.084
-151.152
-146.238
-155.568
-150.589
-152.583
-159.892
-154.826
-154.81
-147.481
-160.398
-143.268
-148.072
-156.032
-145.969
-156.983
-144.943
-153.601
-136.548
-154.544
-151.546
-151.508
-138.123
-155.555
-140.524
-138.197
-152.623
-156.955
-156.237
-148.953
-151.951
-155.96
-147.946
-146.918
-156.921
-151.875
-158.425
-145.163
-152.564
-143.085
-134.567
-136.52
-130.546
-125.082
-127.578
-126.213
-126.136
-121.739
-134.755
-123.601
-127.596
-129.522
-127.606
-133.729
-119.575
-119.63
-122.085
-123.679
-132.706
-131.648
-127.794
-131.785
-120.657
-116.776
-125.692
-123.568
-117.568
-129.535
-129.532
-126.529
-122.553
-128.592
-122.649
-130.98
-131.088
