116.24
143.289
146.264
143.312
140.299
149.287
150.289
156.251
149.623
136.623
155.661
143.98
175.035
147.046
145.074
153.132
146.093
154.09
158.126
142.101
157.06
160.076
146.083
154.726
154.331
158.336
134.332
144.729
127.32
155.693
133.706
139.754
149.761
143.796
156.779
152.799
153.817
156.035
147.041
158.041
148.099
138.033
154.084
154.685
134.654
149.683
163.124
150.598
157.043
160.563
156.69
160.149
173.499
181.663
169.328
185.084
170.152
174.238
165.568
171.589
161.583
187.892
184.826
182.81
170.481
188.398
166.268
165.072
177.032
172.969
175.983
160.943
165.601
178.548
164.544
167.546
163.508
176.123
177.555
171.524
159.197
167.623
159.955
177.237
168.953
183.951
170.96
172.946
164.918
167.921
164.875
178.425
163.163
164.564
157.085
142.567
170.52
157.546
155.082
162.578
158.213
165.136
137.739
145.755
139.601
154.596
145.522
159.606
153.729
158.575
138.63
159.085
164.679
154.706
137.648
149.794
146.785
142.657
124.776
151.692
156.568
146.568
153.535
142.532
153.529
163.553
149.592
163.649
166.98
151.088
