136.24
142.289
133.264
134.312
136.299
138.287
146.289
138.251
141.623
143.623
146.661
142.98
134.035
143.046
153.074
152.132
136.093
136.09
137.126
143.101
142.06
154.076
143.083
140.726
140.331
144.336
133.332
143.729
143.32
133.693
135.706
142.754
132.761
144.796
134.779
143.799
137.817
145.035
138.041
153.041
153.099
149.033
146.084
147.685
130.654
150.683
139.124
150.598
158.043
150.563
150.69
165.149
170.499
163.663
158.328
161.084
155.152
164.238
169.568
171.589
177.583
167.892
175.826
185.81
165.481
173.398
154.268
158.072
152.032
155.969
171.983
171.943
168.601
158.548
161.544
169.546
163.508
158.123
160.555
163.524
151.197
169.623
164.955
169.237
173.953
175.951
162.96
172.946
160.918
157.921
163.875
161.425
159.163
165.564
157.085
148.567
149.52
146.546
161.082
151.578
144.213
153.136
136.739
135.755
135.601
144.596
135.522
135.606
134.729
146.575
138.63
142.085
142.679
140.706
134.648
149.794
138.785
133.657
134.776
150.692
146.568
140.568
134.535
144.532
138.529
140.553
136.592
130.649
150.98
142.088
