-113.24
-124.289
-119.264
-117.312
-125.299
-106.287
-124.289
-125.251
-119.623
-118.623
-121.661
-121.98
-123.035
-128.046
-129.074
-121.132
-128.093
-123.09
-132.126
-124.101
-124.06
-132.076
-130.083
-125.726
-127.331
-125.336
-125.332
-127.729
-125.32
-125.693
-113.706
-114.754
-118.761
-123.796
-121.779
-109.799
-117.817
-135.035
-127.041
-130.041
-143.099
-132.033
-130.084
-126.685
-121.654
-117.683
-136.124
-133.598
-137.043
-143.563
-132.69
-135.149
-142.499
-151.663
-152.328
-145.084
-141.152
-143.238
-151.568
-147.589
-145.583
-154.892
-150.826
-152.81
-143.481
-159.398
-133.268
-148.072
-153.032
-144.969
-154.983
-142.943
-150.601
-136.548
-151.544
-147.546
-153.508
-131.123
-156.555
-138.524
-140.197
-146.623
-156.955
-146.237
-149.953
-143.951
-152.96
-144.946
-144.918
-158.921
-155.875
-155.425
-142.163
-150.564
-142.085
-134.567
-137.52
-121.546
-121.082
-125.578
-117.213
-127.136
-121.739
-138.755
-120.601
-119.596
-126.522
-127.606
-130.729
-116.575
-122.63
-114.085
-127.679
-128.706
-124.648
-119.794
-130.785
-114.657
-114.776
-123.692
-121.568
-117.568
-122.535
-126.532
-118.529
-119.553
-120.592
-120.649
-121.98
-131.088
