-110.24
-124.289
-118.264
-131.312
-106.299
-133.287
-123.289
-114.251
-127.623
-122.623
-120.661
-123.98
-134.035
-115.046
-123.074
-124.132
-121.093
-135.09
-132.126
-123.101
-131.06
-116.076
-120.083
-127.726
-105.331
-112.336
-128.332
-135.729
-123.32
-116.693
-129.706
-129.754
-124.761
-113.796
-116.779
-122.799
-119.817
-120.035
-127.041
-117.041
-117.099
-125.033
-125.084
-120.685
-117.654
-124.683
-128.124
-133.598
-128.043
-134.563
-140.69
-142.149
-152.499
-149.663
-148.328
-157.084
-152.152
-161.238
-144.568
-162.589
-159.583
-148.892
-161.826
-140.81
-149.481
-147.398
-162.268
-147.072
-136.032
-145.969
-139.983
-152.943
-144.601
-140.548
-147.544
-149.546
-148.508
-140.123
-143.555
-142.524
-133.197
-129.623
-144.955
-146.237
-152.953
-141.951
-137.96
-142.946
-154.918
-148.921
-143.875
-147.425
-122.163
-149.564
-141.085
-138.567
-137.52
-129.546
-136.082
-131.578
-132.213
-127.136
-116.739
-114.755
-129.601
-127.596
-119.522
-126.606
-127.729
-129.575
-120.63
-126.085
-134.679
-128.706
-124.648
-116.794
-125.785
-121.657
-126.776
-117.692
-127.568
-116.568
-126.535
-123.532
-125.529
-118.553
-116.592
-129.649
-127.98
-126.088
