126.24
131.289
130.264
133.312
132.299
125.287
126.289
137.251
140.623
134.623
130.661
133.98
145.035
139.046
145.074
135.132
139.093
138.09
143.126
138.101
139.06
139.076
134.083
134.726
129.331
134.336
138.332
130.729
127.32
128.693
137.706
134.754
133.761
130.796
135.779
135.799
130.817
142.035
135.041
144.041
138.099
141.033
138.084
130.685
133.654
131.683
139.124
141.598
142.043
144.563
148.69
149.149
161.499
156.663
162.328
162.084
164.152
160.238
159.568
163.589
165.583
166.892
173.826
168.81
157.481
166.398
168.268
159.072
165.032
154.969
164.983
159.943
163.601
149.548
156.544
161.546
156.508
153.123
157.555
160.524
158.197
154.623
161.955
158.237
164.953
160.951
163.96
160.946
159.918
156.921
158.875
161.425
152.163
155.564
149.085
143.567
154.52
155.546
147.082
142.578
134.213
139.136
140.739
135.755
136.601
135.596
133.522
141.606
132.729
139.575
134.63
139.085
135.679
140.706
139.648
135.794
130.785
140.657
133.776
137.692
135.568
139.568
133.535
136.532
137.529
128.553
139.592
135.649
135.98
139.088
