147.24
142.289
138.264
149.312
146.299
130.287
140.289
136.251
149.623
140.623
142.661
147.98
144.035
151.046
161.074
135.132
160.093
148.09
147.126
149.101
152.06
138.076
154.083
129.726
142.331
149.336
148.332
150.729
145.32
132.693
140.706
146.754
139.761
138.796
139.779
133.799
151.817
144.035
159.041
145.041
147.099
146.033
139.084
142.685
140.654
147.683
143.124
164.598
156.043
143.563
165.69
166.149
167.499
164.663
156.328
161.084
166.152
166.238
179.568
171.589
172.583
164.892
176.826
175.81
173.481
166.398
165.268
161.072
156.032
162.969
167.983
160.943
169.601
159.548
165.544
161.546
165.508
158.123
163.555
170.524
157.197
161.623
163.955
177.237
161.953
170.951
165.96
161.946
171.918
169.921
164.875
148.425
158.163
156.564
160.085
158.567
147.52
151.546
146.082
155.578
153.213
153.136
147.739
139.755
156.601
136.596
142.522
140.606
140.729
146.575
134.63
137.085
140.679
144.706
127.648
143.794
149.785
136.657
140.776
134.692
140.568
145.568
148.535
128.532
140.529
141.553
139.592
147.649
141.98
145.088
