150.24
145.289
132.264
155.312
147.299
144.287
147.289
151.251
150.623
158.623
137.661
146.98
140.035
154.046
137.074
155.132
136.093
158.09
148.126
156.101
135.06
153.076
153.083
139.726
144.331
138.336
134.332
141.729
144.32
139.693
141.706
144.754
145.761
151.796
134.779
142.799
154.817
145.035
148.041
154.041
147.099
145.033
149.084
138.685
142.654
140.683
145.124
147.598
148.043
167.563
164.69
169.149
177.499
168.663
176.328
162.084
172.152
170.238
167.568
168.589
171.583
177.892
174.826
184.81
187.481
171.398
158.268
161.072
173.032
176.969
169.983
164.943
169.601
151.548
174.544
178.546
167.508
179.123
164.555
171.524
167.197
162.623
156.955
171.237
171.953
171.951
171.96
168.946
154.918
162.921
173.875
164.425
170.163
154.564
176.085
155.567
149.52
150.546
155.082
149.578
159.213
137.136
145.739
133.755
145.601
150.596
136.522
146.606
157.729
143.575
155.63
160.085
127.679
141.706
154.648
140.794
152.785
149.657
142.776
135.692
147.568
147.568
146.535
152.532
135.529
153.553
138.592
143.649
149.98
144.088
