133.24
131.289
137.264
137.312
138.299
132.287
130.289
128.251
141.623
129.623
140.661
138.98
140.035
141.046
144.074
140.132
141.093
140.09
143.126
136.101
144.06
134.076
138.083
135.726
135.331
138.336
138.332
130.729
136.32
130.693
129.706
136.754
135.761
130.796
129.779
135.799
141.817
134.035
146.041
139.041
137.099
140.033
138.084
135.685
140.654
130.683
138.124
141.598
146.043
151.563
154.69
152.149
156.499
161.663
159.328
160.084
160.152
161.238
164.568
167.589
161.583
159.892
170.826
160.81
164.481
159.398
167.268
159.072
158.032
160.969
159.983
153.943
161.601
155.548
157.544
151.546
156.508
152.123
155.555
158.524
152.197
162.623
161.955
168.237
163.953
163.951
154.96
156.946
159.918
164.921
159.875
155.425
149.163
151.564
158.085
153.567
143.52
147.546
142.082
147.578
140.213
144.136
135.739
128.755
140.601
132.596
142.522
138.606
135.729
135.575
133.63
141.085
133.679
135.706
129.648
136.794
136.785
136.657
141.776
129.692
135.568
135.568
139.535
131.532
139.529
132.553
140.592
141.649
135.98
134.088
