128.24
128.289
134.264
132.312
128.299
129.287
134.289
129.251
137.623
130.623
131.661
134.98
141.035
134.046
140.074
136.132
141.093
141.09
141.126
136.101
139.06
135.076
134.083
132.726
133.331
129.336
127.332
135.729
129.32
137.693
135.706
136.754
136.761
135.796
130.779
136.799
132.817
141.035
134.041
141.041
135.099
134.033
141.084
135.685
130.654
131.683
134.124
142.598
141.043
150.563
145.69
148.149
152.499
152.663
163.328
162.084
161.152
161.238
160.568
158.589
158.583
167.892
166.826
168.81
160.481
164.398
163.268
160.072
157.032
155.969
154.983
155.943
153.601
156.548
156.544
152.546
151.508
154.123
153.555
157.524
149.197
157.623
156.955
160.237
156.953
155.951
154.96
160.946
156.918
155.921
159.875
156.425
148.163
153.564
155.085
146.567
151.52
150.546
142.082
143.578
141.213
139.136
137.739
130.755
130.601
136.596
130.522
130.606
132.729
137.575
131.63
135.085
137.679
135.706
130.648
136.794
136.785
130.657
130.776
136.692
131.568
135.568
135.535
135.532
131.529
136.553
132.592
136.649
138.98
136.088
