-118.24
-123.289
-118.264
-116.312
-119.299
-121.287
-129.289
-123.251
-120.623
-133.623
-131.661
-121.98
-123.035
-132.046
-139.074
-128.132
-132.093
-125.09
-130.126
-128.101
-128.06
-121.076
-136.083
-137.726
-116.331
-126.336
-123.332
-114.729
-134.32
-123.693
-138.706
-119.754
-122.761
-131.796
-130.779
-125.799
-139.817
-127.035
-131.041
-126.041
-137.099
-132.033
-133.084
-124.685
-115.654
-126.683
-128.124
-132.598
-139.043
-134.563
-138.69
-147.149
-152.499
-147.663
-153.328
-151.084
-153.152
-150.238
-149.568
-159.589
-156.583
-157.892
-154.826
-159.81
-152.481
-159.398
-143.268
-146.072
-150.032
-142.969
-153.983
-151.943
-149.601
-154.548
-148.544
-140.546
-137.508
-142.123
-139.555
-142.524
-143.197
-144.623
-150.955
-154.237
-149.953
-151.951
-146.96
-144.946
-153.918
-156.921
-156.875
-149.425
-145.163
-148.564
-143.085
-139.567
-139.52
-143.546
-143.082
-133.578
-136.213
-137.136
-125.739
-127.755
-131.601
-127.596
-128.522
-123.606
-125.729
-122.575
-130.63
-126.085
-119.679
-121.706
-126.648
-136.794
-134.785
-136.657
-128.776
-121.692
-128.568
-123.568
-127.535
-125.532
-128.529
-127.553
-131.592
-126.649
-120.98
-134.088
