148.24
147.289
130.264
135.312
143.299
144.287
147.289
139.251
133.623
136.623
146.661
138.98
146.035
155.046
142.074
143.132
143.093
147.09
150.126
143.101
158.06
159.076
146.083
135.726
137.331
144.336
140.332
144.729
135.32
142.693
155.706
136.754
147.761
154.796
135.779
141.799
133.817
146.035
153.041
150.041
141.099
133.033
145.084
140.685
151.654
152.683
134.124
141.598
164.043
154.563
142.69
149.149
152.499
165.663
173.328
180.084
167.152
156.238
171.568
183.589
173.583
162.892
167.826
171.81
166.481
164.398
177.268
165.072
173.032
155.969
171.983
181.943
163.601
164.548
154.544
173.546
178.508
156.123
160.555
167.524
155.197
156.623
163.955
169.237
176.953
171.951
181.96
172.946
160.918
180.921
173.875
155.425
146.163
162.564
149.085
157.567
167.52
157.546
168.082
165.578
148.213
145.136
139.739
146.755
135.601
135.596
139.522
128.606
139.729
131.575
146.63
152.085
138.679
131.706
139.648
150.794
151.785
140.657
159.776
149.692
146.568
140.568
146.535
134.532
137.529
146.553
136.592
137.649
148.98
155.088
