128.24
133.289
129.264
132.312
132.299
133.287
129.289
129.251
137.623
135.623
135.661
134.98
139.035
134.046
140.074
136.132
134.093
135.09
134.126
141.101
135.06
139.076
140.083
130.726
134.331
129.336
128.332
132.729
127.32
135.693
132.706
132.754
131.761
136.796
130.779
136.799
132.817
139.035
139.041
140.041
141.099
135.033
141.084
137.685
131.654
132.683
134.124
138.598
142.043
146.563
145.69
155.149
152.499
152.663
158.328
160.084
160.152
157.238
159.568
160.589
160.583
161.892
167.826
163.81
164.481
163.398
158.268
162.072
162.032
159.969
161.983
160.943
156.601
157.548
158.544
158.546
152.508
148.123
156.555
153.524
150.197
156.623
156.955
159.237
159.953
160.951
159.96
159.946
159.918
160.921
161.875
156.425
148.163
156.564
148.085
150.567
150.52
145.546
146.082
138.578
140.213
135.136
135.739
132.755
136.601
135.596
136.522
137.606
130.729
137.575
135.63
141.085
137.679
137.706
136.648
137.794
137.785
137.657
130.776
130.692
131.568
137.568
130.535
135.532
137.529
136.553
136.592
137.649
138.98
140.088
