146.24
141.289
135.264
147.312
142.299
140.287
137.289
142.251
148.623
158.623
140.661
139.98
139.035
146.046
134.074
150.132
130.093
148.09
149.126
153.101
137.06
150.076
147.083
136.726
136.331
130.336
137.332
137.729
136.32
142.693
137.706
141.754
141.761
153.796
130.779
134.799
147.817
142.035
146.041
150.041
145.099
146.033
146.084
136.685
138.654
135.683
136.124
145.598
151.043
163.563
161.69
162.149
167.499
165.663
173.328
157.084
167.152
172.238
169.568
165.589
162.583
176.892
177.826
179.81
182.481
163.398
161.268
162.072
168.032
175.969
167.983
161.943
161.601
153.548
168.544
169.546
163.508
172.123
162.555
166.524
157.197
160.623
158.955
173.237
168.953
167.951
163.96
169.946
156.918
159.921
167.875
162.425
162.163
146.564
168.085
157.567
150.52
151.546
152.082
147.578
151.213
139.136
141.739
130.755
144.601
142.596
135.522
142.606
155.729
134.575
147.63
152.085
129.679
138.706
153.648
142.794
145.785
141.657
143.776
132.692
137.568
139.568
138.535
148.532
130.529
144.553
131.592
141.649
139.98
146.088
