-132.24
-122.289
-104.264
-122.312
-109.299
-107.287
-108.289
-126.251
-113.623
-128.623
-127.661
-124.98
-125.035
-123.046
-126.074
-124.132
-121.093
-137.09
-122.126
-122.101
-129.06
-131.076
-124.083
-121.726
-123.331
-114.336
-114.332
-111.729
-117.32
-119.693
-122.706
-126.754
-120.761
-120.796
-131.779
-130.799
-128.817
-118.035
-129.041
-118.041
-130.099
-125.033
-138.084
-128.685
-122.654
-128.683
-128.124
-110.598
-124.043
-131.563
-131.69
-140.149
-141.499
-143.663
-140.328
-129.084
-143.152
-154.238
-145.568
-144.589
-138.583
-147.892
-144.826
-150.81
-134.481
-150.398
-146.268
-148.072
-141.032
-156.969
-155.983
-140.943
-123.601
-138.548
-145.544
-139.546
-132.508
-146.123
-133.555
-161.524
-150.197
-151.623
-133.955
-153.237
-160.953
-139.951
-129.96
-150.946
-148.918
-133.921
-133.875
-151.425
-139.163
-154.564
-136.085
-121.567
-125.52
-142.546
-139.082
-127.578
-132.213
-125.136
-119.739
-132.755
-106.601
-121.596
-127.522
-113.606
-121.729
-124.575
-121.63
-140.085
-114.679
-118.706
-106.648
-115.794
-111.785
-118.657
-126.776
-131.692
-131.568
-103.568
-116.535
-125.532
-114.529
-119.553
-119.592
-110.649
-108.98
-114.088
