142.24
141.289
129.264
137.312
134.299
136.287
137.289
135.251
133.623
133.623
140.661
143.98
141.035
141.046
145.074
137.132
135.093
137.09
147.126
147.101
151.06
149.076
146.083
139.726
137.331
142.336
129.332
138.729
130.32
133.693
142.706
138.754
142.761
149.796
128.779
142.799
131.817
137.035
142.041
138.041
138.099
134.033
137.084
132.685
142.654
145.683
133.124
135.598
155.043
152.563
140.69
154.149
156.499
164.663
169.328
174.084
165.152
154.238
165.568
171.589
171.583
159.892
170.826
168.81
164.481
166.398
167.268
160.072
170.032
157.969
164.983
173.943
169.601
157.548
156.544
166.546
167.508
150.123
154.555
159.524
158.197
151.623
161.955
160.237
173.953
163.951
169.96
164.946
163.918
173.921
165.875
149.425
151.163
153.564
150.085
154.567
153.52
148.546
163.082
152.578
137.213
142.136
136.739
141.755
133.601
132.596
132.522
130.606
133.729
130.575
143.63
145.085
137.679
134.706
138.648
143.794
143.785
132.657
144.776
142.692
146.568
139.568
137.535
131.532
134.529
132.553
134.592
142.649
147.98
145.088
