134.24
133.289
129.264
136.312
137.299
134.287
134.289
142.251
150.623
145.623
136.661
152.98
148.035
153.046
153.074
135.132
134.093
143.09
153.126
157.101
153.06
141.076
141.083
144.726
141.331
148.336
146.332
124.729
138.32
138.693
155.706
127.754
142.761
150.796
139.779
157.799
127.817
151.035
142.041
149.041
145.099
151.033
149.084
144.685
142.654
143.683
145.124
157.598
148.043
153.563
163.69
160.149
168.499
164.663
175.328
171.084
172.152
173.238
172.568
161.589
173.583
182.892
186.826
173.81
168.481
176.398
168.268
172.072
180.032
161.969
172.983
163.943
181.601
152.548
171.544
169.546
163.508
164.123
162.555
171.524
174.197
164.623
162.955
178.237
165.953
164.951
168.96
168.946
159.918
169.921
160.875
162.425
168.163
172.564
150.085
156.567
160.52
174.546
156.082
147.578
145.213
147.136
149.739
147.755
147.601
138.596
137.522
151.606
148.729
147.575
142.63
138.085
145.679
144.706
159.648
150.794
136.785
158.657
147.776
156.692
137.568
161.568
136.535
135.532
147.529
141.553
148.592
135.649
149.98
149.088
