-127.24
-130.289
-118.264
-121.312
-113.299
-118.287
-108.289
-130.251
-122.623
-130.623
-130.661
-131.98
-126.035
-127.046
-130.074
-125.132
-131.093
-135.09
-130.126
-128.101
-130.06
-132.076
-129.083
-124.726
-130.331
-123.336
-117.332
-117.729
-125.32
-129.693
-134.706
-128.754
-123.761
-129.796
-125.779
-134.799
-130.817
-126.035
-135.041
-120.041
-133.099
-127.033
-134.084
-124.685
-126.654
-128.683
-128.124
-118.598
-132.043
-138.563
-137.69
-148.149
-148.499
-145.663
-153.328
-141.084
-156.152
-159.238
-151.568
-152.589
-144.583
-160.892
-146.826
-151.81
-142.481
-159.398
-149.268
-152.072
-143.032
-153.969
-157.983
-148.943
-138.601
-148.548
-150.544
-139.546
-138.508
-143.123
-146.555
-158.524
-157.197
-154.623
-141.955
-151.237
-156.953
-146.951
-137.96
-150.946
-153.918
-139.921
-145.875
-152.425
-147.163
-157.564
-146.085
-133.567
-132.52
-137.546
-145.082
-129.578
-135.213
-131.136
-123.739
-128.755
-115.601
-121.596
-128.522
-121.606
-122.729
-125.575
-124.63
-142.085
-122.679
-125.706
-113.648
-116.794
-113.785
-124.657
-133.776
-132.692
-134.568
-111.568
-119.535
-130.532
-125.529
-124.553
-127.592
-122.649
-120.98
-127.088
