-111.24
-122.289
-114.264
-126.312
-99.299
-128.287
-115.289
-111.251
-122.623
-119.623
-120.661
-121.98
-129.035
-112.046
-115.074
-128.132
-115.093
-133.09
-129.126
-118.101
-124.06
-110.076
-118.083
-124.726
-109.331
-108.336
-130.332
-135.729
-124.32
-115.693
-132.706
-119.754
-120.761
-108.796
-119.779
-116.799
-111.817
-118.035
-130.041
-110.041
-113.099
-127.033
-124.084
-118.685
-115.654
-120.683
-119.124
-125.598
-132.043
-132.563
-133.69
-144.149
-148.499
-146.663
-146.328
-154.084
-143.152
-153.238
-140.568
-158.589
-163.583
-145.892
-164.826
-141.81
-145.481
-150.398
-159.268
-143.072
-127.032
-149.969
-135.983
-154.943
-142.601
-138.548
-151.544
-140.546
-151.508
-133.123
-145.555
-145.524
-129.197
-124.623
-141.955
-143.237
-154.953
-138.951
-138.96
-137.946
-152.918
-149.921
-142.875
-140.425
-123.163
-146.564
-138.085
-141.567
-133.52
-127.546
-126.082
-127.578
-128.213
-118.136
-116.739
-106.755
-125.601
-124.596
-119.522
-128.606
-122.729
-126.575
-119.63
-125.085
-132.679
-124.706
-121.648
-111.794
-124.785
-118.657
-128.776
-110.692
-123.568
-115.568
-122.535
-121.532
-122.529
-110.553
-112.592
-122.649
-130.98
-123.088
