-118.24
-127.289
-120.264
-133.312
-131.299
-121.287
-124.289
-126.251
-125.623
-125.623
-126.661
-123.98
-115.035
-127.046
-125.074
-132.132
-127.093
-122.09
-121.126
-122.101
-131.06
-113.076
-128.083
-120.726
-113.331
-119.336
-130.332
-124.729
-125.32
-139.693
-135.706
-122.754
-129.761
-135.796
-130.779
-131.799
-127.817
-124.035
-120.041
-120.041
-133.099
-129.033
-121.084
-115.685
-123.654
-119.683
-125.124
-128.598
-130.043
-139.563
-136.69
-143.149
-140.499
-142.663
-150.328
-145.084
-152.152
-149.238
-149.568
-142.589
-155.583
-166.892
-149.826
-164.81
-150.481
-156.398
-135.268
-146.072
-152.032
-147.969
-151.983
-146.943
-142.601
-136.548
-143.544
-134.546
-145.508
-150.123
-146.555
-147.524
-140.197
-137.623
-150.955
-160.237
-143.953
-162.951
-145.96
-149.946
-150.918
-142.921
-150.875
-137.425
-150.163
-148.564
-152.085
-145.567
-136.52
-130.546
-136.082
-121.578
-130.213
-129.136
-124.739
-119.755
-125.601
-125.596
-122.522
-123.606
-131.729
-130.575
-123.63
-132.085
-118.679
-116.706
-135.648
-119.794
-126.785
-131.657
-134.776
-121.692
-128.568
-111.568
-121.535
-134.532
-109.529
-122.553
-124.592
-113.649
-126.98
-121.088
