143.24
129.289
138.264
143.312
134.299
132.287
134.289
134.251
139.623
146.623
135.661
142.98
143.035
140.046
131.074
149.132
131.093
139.09
144.126
148.101
138.06
142.076
145.083
134.726
129.331
134.336
135.332
134.729
134.32
136.693
133.706
140.754
135.761
142.796
133.779
131.799
139.817
139.035
145.041
143.041
141.099
139.033
144.084
132.685
132.654
134.683
131.124
139.598
150.043
154.563
153.69
155.149
157.499
161.663
168.328
153.084
162.152
169.238
161.568
163.589
162.583
169.892
169.826
177.81
168.481
157.398
161.268
164.072
165.032
162.969
163.983
165.943
154.601
150.548
161.544
163.546
154.508
164.123
156.555
155.524
156.197
156.623
159.955
166.237
168.953
161.951
160.96
163.946
157.918
158.921
164.875
155.425
160.163
149.564
159.085
147.567
146.52
143.546
145.082
139.578
143.213
134.136
129.739
134.755
138.601
135.596
139.522
134.606
143.729
137.575
140.63
147.085
134.679
140.706
146.648
139.794
137.785
134.657
146.776
132.692
129.568
138.568
133.535
146.532
134.529
141.553
133.592
135.649
130.98
143.088
