-125.24
-115.289
-123.264
-118.312
-114.299
-123.287
-131.289
-122.251
-126.623
-122.623
-124.661
-123.98
-129.035
-130.046
-127.074
-122.132
-120.093
-121.09
-129.126
-142.101
-127.06
-127.076
-133.083
-129.726
-117.331
-109.336
-115.332
-119.729
-122.32
-122.693
-121.706
-116.754
-129.761
-136.796
-122.779
-117.799
-117.817
-123.035
-130.041
-111.041
-127.099
-127.033
-117.084
-128.685
-124.654
-134.683
-126.124
-123.598
-136.043
-149.563
-135.69
-141.149
-142.499
-144.663
-153.328
-146.084
-153.152
-152.238
-156.568
-149.589
-143.583
-152.892
-153.826
-147.81
-148.481
-142.398
-155.268
-146.072
-144.032
-149.969
-144.983
-144.943
-138.601
-144.548
-144.544
-158.546
-149.508
-135.123
-141.555
-140.524
-146.197
-136.623
-129.955
-144.237
-151.953
-140.951
-149.96
-146.946
-158.918
-144.921
-151.875
-141.425
-150.163
-140.564
-136.085
-134.567
-126.52
-135.546
-135.082
-130.578
-115.213
-124.136
-110.739
-119.755
-132.601
-135.596
-121.522
-123.606
-127.729
-111.575
-128.63
-130.085
-127.679
-127.706
-134.648
-127.794
-130.785
-117.657
-125.776
-128.692
-123.568
-120.568
-117.535
-125.532
-129.529
-128.553
-125.592
-124.649
-127.98
-133.088
