-126.24
-126.289
-130.264
-131.312
-124.299
-131.287
-129.289
-125.251
-134.623
-128.623
-129.661
-131.98
-133.035
-132.046
-137.074
-138.132
-132.093
-137.09
-138.126
-136.101
-133.06
-136.076
-133.083
-129.726
-131.331
-124.336
-131.332
-132.729
-124.32
-133.693
-134.706
-128.754
-128.761
-127.796
-132.779
-134.799
-132.817
-133.035
-136.041
-137.041
-137.099
-138.033
-138.084
-129.685
-128.654
-133.683
-137.124
-136.598
-143.043
-147.563
-146.69
-151.149
-155.499
-153.663
-156.328
-158.084
-153.152
-157.238
-156.568
-161.589
-157.583
-158.892
-158.826
-158.81
-160.481
-161.398
-160.268
-158.072
-159.032
-151.969
-152.983
-157.943
-153.601
-149.548
-153.544
-155.546
-153.508
-150.123
-150.555
-154.524
-150.197
-150.623
-157.955
-156.237
-158.953
-158.951
-152.96
-153.946
-157.918
-157.921
-151.875
-154.425
-150.163
-150.564
-150.085
-148.567
-148.52
-146.546
-143.082
-139.578
-133.213
-138.136
-129.739
-127.755
-127.601
-127.596
-129.522
-134.606
-133.729
-129.575
-128.63
-131.085
-133.679
-129.706
-128.648
-129.794
-127.785
-127.657
-133.776
-127.692
-132.568
-132.568
-132.535
-132.532
-134.529
-133.553
-129.592
-132.649
-131.98
-132.088
