156.24
154.289
145.264
135.312
128.299
137.287
140.289
140.251
155.623
147.623
138.661
150.98
146.035
139.046
146.074
152.132
143.093
141.09
157.126
141.101
145.06
132.076
150.083
138.726
127.331
141.336
126.332
136.729
148.32
142.693
138.706
138.754
146.761
145.796
142.779
137.799
146.817
144.035
150.041
150.041
153.099
148.033
149.084
156.685
139.654
142.683
148.124
148.598
166.043
172.563
153.69
184.149
154.499
163.663
179.328
178.084
176.152
181.238
180.568
173.589
165.583
189.892
185.826
180.81
165.481
171.398
171.268
172.072
178.032
171.969
180.983
160.943
174.601
155.548
167.544
161.546
189.508
172.123
160.555
164.524
168.197
156.623
181.955
178.237
170.953
161.951
181.96
162.946
173.918
166.921
169.875
157.425
154.163
169.564
174.085
153.567
159.52
153.546
153.082
149.578
137.213
128.136
146.739
147.755
154.601
155.596
152.522
138.606
145.729
163.575
135.63
159.085
144.679
129.706
156.648
147.794
137.785
135.657
139.776
144.692
146.568
154.568
152.535
151.532
142.529
136.553
138.592
142.649
147.98
144.088
