139.24
137.289
142.264
133.312
146.299
141.287
149.289
133.251
154.623
141.623
136.661
153.98
152.035
152.046
140.074
147.132
157.093
164.09
162.126
147.101
145.06
147.076
161.083
152.726
161.331
153.336
160.332
134.729
159.32
152.693
139.706
145.754
146.761
136.796
142.779
144.799
150.817
157.035
149.041
147.041
153.099
155.033
166.084
142.685
145.654
143.683
150.124
157.598
162.043
168.563
151.69
158.149
169.499
175.663
176.328
184.084
176.152
174.238
185.568
172.589
181.583
176.892
166.826
182.81
164.481
164.398
165.268
172.072
184.032
168.969
166.983
162.943
163.601
169.548
185.544
167.546
169.508
166.123
167.555
168.524
168.197
152.623
181.955
176.237
172.953
177.951
187.96
166.946
174.918
178.921
179.875
168.425
183.163
174.564
172.085
160.567
152.52
164.546
167.082
165.578
158.213
152.136
143.739
148.755
144.601
148.596
141.522
142.606
151.729
147.575
156.63
151.085
151.679
148.706
136.648
150.794
144.785
153.657
142.776
138.692
159.568
144.568
137.535
127.532
132.529
150.553
154.592
160.649
143.98
161.088
