151.24
151.289
134.264
141.312
148.299
148.287
155.289
142.251
137.623
138.623
150.661
145.98
147.035
158.046
144.074
140.132
141.093
156.09
153.126
150.101
162.06
156.076
154.083
137.726
140.331
146.336
150.332
146.729
138.32
150.693
159.706
136.754
145.761
157.796
137.779
146.799
141.817
154.035
157.041
147.041
146.099
137.033
143.084
144.685
147.654
155.683
138.124
149.598
165.043
163.563
146.69
157.149
152.499
164.663
176.328
178.084
177.152
160.238
178.568
188.589
176.583
171.892
173.826
173.81
168.481
172.398
182.268
165.072
180.032
160.969
169.983
187.943
168.601
168.548
157.544
176.546
181.508
160.123
163.555
170.524
154.197
160.623
172.955
170.237
182.953
177.951
179.96
176.946
158.918
190.921
172.875
157.425
154.163
165.564
150.085
161.567
171.52
160.546
176.082
162.578
145.213
147.136
148.739
149.755
139.601
138.596
141.522
132.606
144.729
131.575
154.63
154.085
141.679
140.706
143.648
160.794
154.785
141.657
167.776
152.692
154.568
144.568
147.535
135.532
139.529
150.553
138.592
141.649
147.98
161.088
