144.24
142.289
140.264
144.312
148.299
132.287
142.289
136.251
151.623
141.623
142.661
144.98
139.035
153.046
157.074
135.132
156.093
145.09
147.126
144.101
154.06
138.076
150.083
130.726
139.331
145.336
143.332
147.729
142.32
134.693
142.706
146.754
141.761
135.796
139.779
135.799
146.817
141.035
155.041
141.041
147.099
147.033
139.084
137.685
136.654
147.683
145.124
160.598
158.043
145.563
165.69
162.149
163.499
166.663
151.328
156.084
167.152
168.238
175.568
172.589
167.583
159.892
172.826
171.81
170.481
161.398
166.268
162.072
156.032
163.969
168.983
155.943
169.601
160.548
165.544
158.546
162.508
160.123
164.555
165.524
154.197
163.623
165.955
173.237
163.953
172.951
165.96
156.946
168.918
171.921
164.875
149.425
159.163
152.564
156.085
158.567
148.52
152.546
143.082
150.578
148.213
150.136
143.739
140.755
153.601
132.596
139.522
141.606
135.729
148.575
135.63
138.085
140.679
146.706
124.648
145.794
145.785
132.657
142.776
135.692
140.568
140.568
144.535
130.532
142.529
138.553
139.592
148.649
142.98
147.088
