131.24
137.289
132.264
130.312
132.299
137.287
129.289
134.251
141.623
138.623
135.661
132.98
143.035
139.046
144.074
139.132
139.093
133.09
137.126
144.101
134.06
138.076
143.083
135.726
138.331
127.336
131.332
136.729
132.32
135.693
136.706
135.754
131.761
141.796
133.779
141.799
137.817
142.035
144.041
143.041
140.099
138.033
145.084
137.685
130.654
131.683
134.124
136.598
142.043
146.563
143.69
160.149
152.499
152.663
157.328
158.084
159.152
161.238
164.568
160.589
163.583
164.892
171.826
161.81
162.481
168.398
157.268
165.072
162.032
157.969
164.983
160.943
160.601
160.548
161.544
156.546
156.508
147.123
159.555
152.524
149.197
161.623
156.955
163.237
162.953
165.951
159.96
164.946
159.918
159.921
159.875
155.425
153.163
160.564
151.085
148.567
150.52
144.546
146.082
143.578
138.213
133.136
140.739
135.755
139.601
139.596
139.522
140.606
133.729
140.575
139.63
140.085
142.679
135.706
134.648
135.794
136.785
137.657
129.776
130.692
130.568
137.568
133.535
140.532
142.529
139.553
140.592
140.649
136.98
138.088
