128.24
136.289
130.264
144.312
141.299
132.287
133.289
132.251
149.623
142.623
141.661
142.98
142.035
144.046
146.074
141.132
140.093
151.09
141.126
146.101
147.06
141.076
146.083
140.726
140.331
136.336
144.332
137.729
128.32
139.693
139.706
146.754
145.761
135.796
127.779
140.799
139.817
136.035
139.041
153.041
147.099
147.033
152.084
138.685
147.654
148.683
151.124
151.598
154.043
160.563
171.69
157.149
164.499
162.663
163.328
167.084
161.152
183.238
181.568
169.589
166.583
173.892
177.826
165.81
164.481
168.398
164.268
166.072
157.032
170.969
163.983
178.943
157.601
160.548
159.544
170.546
159.508
154.123
165.555
166.524
162.197
162.623
166.955
179.237
169.953
155.951
168.96
173.946
160.918
160.921
157.875
166.425
151.163
156.564
162.085
149.567
152.52
147.546
150.082
154.578
150.213
147.136
132.739
142.755
137.601
126.596
138.522
145.606
153.729
137.575
135.63
146.085
141.679
137.706
145.648
146.794
141.785
129.657
142.776
139.692
138.568
136.568
146.535
151.532
145.529
135.553
148.592
148.649
139.98
151.088
