-115.24
-133.289
-122.264
-129.312
-111.299
-131.287
-131.289
-117.251
-129.623
-124.623
-122.661
-132.98
-132.035
-122.046
-130.074
-129.132
-124.093
-132.09
-133.126
-126.101
-136.06
-126.076
-125.083
-128.726
-113.331
-116.336
-125.332
-138.729
-126.32
-125.693
-136.706
-132.754
-128.761
-115.796
-120.779
-125.799
-121.817
-123.035
-129.041
-125.041
-124.099
-128.033
-127.084
-123.685
-122.654
-123.683
-134.124
-137.598
-136.043
-138.563
-148.69
-144.149
-149.499
-150.663
-145.328
-154.084
-153.152
-157.238
-151.568
-165.589
-161.583
-149.892
-164.826
-147.81
-148.481
-155.398
-159.268
-151.072
-144.032
-142.969
-142.983
-151.943
-146.601
-145.548
-151.544
-145.546
-152.508
-148.123
-147.555
-145.524
-141.197
-135.623
-147.955
-154.237
-154.953
-140.951
-146.96
-145.946
-152.918
-148.921
-150.875
-149.425
-130.163
-148.564
-144.085
-142.567
-146.52
-132.546
-137.082
-134.578
-135.213
-134.136
-124.739
-124.755
-128.601
-128.596
-122.522
-127.606
-130.729
-132.575
-124.63
-129.085
-132.679
-131.706
-127.648
-119.794
-129.785
-124.657
-123.776
-120.692
-129.568
-123.568
-122.535
-127.532
-128.529
-125.553
-125.592
-131.649
-131.98
-126.088
