-120.24
-114.289
-122.264
-109.312
-131.299
-115.287
-127.289
-105.251
-127.623
-123.623
-123.661
-117.98
-129.035
-125.046
-123.074
-118.132
-131.093
-123.09
-129.126
-133.101
-133.06
-121.076
-138.083
-133.726
-112.331
-123.336
-123.332
-132.729
-121.32
-126.693
-124.706
-127.754
-108.761
-109.796
-126.779
-132.799
-111.817
-127.035
-122.041
-135.041
-129.099
-126.033
-124.084
-121.685
-135.654
-120.683
-120.124
-129.598
-137.043
-131.563
-134.69
-146.149
-144.499
-147.663
-144.328
-153.084
-144.152
-162.238
-137.568
-152.589
-153.583
-155.892
-166.826
-132.81
-155.481
-155.398
-158.268
-147.072
-152.032
-154.969
-143.983
-143.943
-145.601
-145.548
-150.544
-149.546
-134.508
-150.123
-146.555
-140.524
-141.197
-161.623
-133.955
-152.237
-136.953
-165.951
-153.96
-147.946
-140.918
-147.921
-146.875
-136.425
-142.163
-147.564
-147.085
-128.567
-134.52
-132.546
-129.082
-130.578
-130.213
-129.136
-125.739
-104.755
-120.601
-122.596
-136.522
-135.606
-129.729
-130.575
-122.63
-117.085
-121.679
-118.706
-129.648
-128.794
-123.785
-116.657
-108.776
-126.692
-130.568
-108.568
-135.535
-123.532
-122.529
-134.553
-131.592
-134.649
-142.98
-131.088
