127.24
132.289
127.264
132.312
134.299
129.287
133.289
141.251
145.623
135.623
130.661
141.98
141.035
145.046
145.074
134.132
135.093
134.09
147.126
146.101
149.06
141.076
130.083
132.726
142.331
137.336
145.332
124.729
131.32
134.693
141.706
131.754
135.761
139.796
139.779
147.799
127.817
145.035
142.041
144.041
145.099
149.033
143.084
140.685
141.654
136.683
141.124
146.598
143.043
145.563
155.69
150.149
163.499
157.663
162.328
165.084
161.152
170.238
167.568
162.589
161.583
174.892
177.826
175.81
166.481
174.398
165.268
166.072
172.032
155.969
166.983
160.943
177.601
150.548
166.544
164.546
165.508
158.123
164.555
158.524
162.197
158.623
162.955
165.237
166.953
161.951
163.96
159.946
156.918
162.921
160.875
163.425
161.163
168.564
153.085
148.567
161.52
161.546
151.082
146.578
142.213
144.136
147.739
140.755
150.601
137.596
135.522
154.606
140.729
141.575
142.63
141.085
131.679
144.706
148.648
147.794
126.785
152.657
145.776
152.692
136.568
149.568
138.535
138.532
145.529
130.553
145.592
133.649
142.98
134.088
