134.24
150.289
135.264
136.312
139.299
137.287
151.289
139.251
143.623
146.623
153.661
145.98
136.035
149.046
160.074
161.132
134.093
135.09
140.126
146.101
141.06
158.076
146.083
148.726
147.331
146.336
142.332
142.729
143.32
141.693
143.706
147.754
136.761
147.796
138.779
144.799
140.817
146.035
142.041
156.041
152.099
150.033
146.084
153.685
132.654
157.683
135.124
147.598
161.043
151.563
158.69
174.149
173.499
167.663
161.328
163.084
159.152
161.238
175.568
179.589
183.583
171.892
183.826
184.81
163.481
170.398
157.268
166.072
161.032
164.969
173.983
179.943
166.601
161.548
168.544
168.546
160.508
166.123
157.555
170.524
155.197
177.623
167.955
170.237
182.953
177.951
165.96
178.946
156.918
164.921
160.875
161.425
164.163
169.564
160.085
148.567
148.52
144.546
169.082
152.578
146.213
155.136
137.739
138.755
132.601
153.596
137.522
133.606
140.729
146.575
141.63
144.085
146.679
148.706
136.648
146.794
136.785
136.657
138.776
154.692
148.568
142.568
143.535
144.532
146.529
137.553
142.592
138.649
147.98
151.088
