336.907
335.82
321.497
326.114
327.13
323.11
330.103
329.125
319.679
323.002
322.463
327.566
318.579
324.597
322.57
319.636
312.606
315.607
324.574
325.231
326.277
330.538
324.621
324.687
320.736
334.152
323.124
322.08
315.713
319.707
324.651
319.649
324.651
329.652
314.65
324.59
316.554
313.593
324.56
311.14
317.03
310.577
311.633
305.743
306.094
306.618
290.086
286.791
300.127
292.635
277.74
275.737
280.547
276.876
278.69
281.632
268.192
264.095
260.262
258.38
259.208
237.95
252.258
238.476
249.183
245.079
243.764
235.413
247.445
235.135
236.733
244.465
241.433
236.406
228.363
232.532
232.582
233.895
228.902
224.543
240.319
228.355
244.288
233.343
249.299
246.34
245.343
247.12
246.377
256.395
253.886
258.702
265.538
266.474
272.636
287.742
298.66
296.232
315.203
315.891
308.155
312.598
322.611
327.535
323.046
326.603
323.989
327.017
330.921
322.044
334.99
337.017
332.963
330.978
334.994
334.007
337.275
329.028
334.963
337.999
339.062
336.056
330.084
324.058
330.051
323.123
326.118
340.125
337.719
327.22
