353.907
348.82
339.497
331.114
344.13
325.11
325.103
338.125
321.679
339.002
336.463
333.566
323.579
343.597
346.57
324.636
331.606
330.607
329.574
319.231
334.277
326.538
326.621
337.687
318.736
330.152
332.124
338.08
322.713
331.707
331.651
331.649
340.651
339.652
338.65
325.59
335.554
332.593
328.56
321.14
330.03
322.577
308.633
310.743
306.094
304.618
291.086
308.791
308.127
306.635
308.74
279.737
290.547
278.876
279.69
294.632
286.192
274.095
271.262
266.38
254.208
241.95
262.258
239.476
270.183
242.079
240.764
244.413
257.445
258.135
251.733
238.465
254.433
237.406
240.363
234.532
230.582
239.895
252.902
234.543
256.319
246.355
237.288
245.343
256.299
247.34
249.343
257.12
247.377
266.395
251.886
272.702
272.538
272.474
283.636
285.742
294.66
316.232
316.203
327.891
320.155
315.598
336.611
326.535
336.046
336.603
346.989
320.017
329.921
342.044
349.99
343.017
341.963
343.978
346.994
340.007
353.275
340.028
332.963
337.999
337.062
350.056
342.084
339.058
350.051
340.123
333.118
346.125
339.719
336.22
