340.907
327.82
331.497
329.114
321.13
345.11
326.103
322.125
332.679
330.002
323.463
332.566
330.579
327.597
320.57
329.636
320.606
327.607
317.574
327.231
326.277
321.538
323.621
320.687
321.736
327.152
321.124
328.08
321.713
324.707
331.651
330.649
328.651
322.652
323.65
341.59
328.554
320.593
322.56
317.14
309.03
311.577
318.633
311.743
311.094
308.618
295.086
295.791
294.127
287.635
297.74
287.737
288.547
267.876
271.69
280.632
276.192
275.095
263.262
261.38
262.208
249.95
253.258
249.476
261.183
242.079
262.764
246.413
237.445
251.135
237.733
245.465
235.433
247.406
232.363
224.532
225.582
248.895
223.902
240.543
247.319
234.355
237.288
246.343
245.299
245.34
237.343
251.12
257.377
243.395
250.886
256.702
271.538
269.474
280.636
294.742
298.66
313.232
323.203
317.891
321.155
320.598
328.611
313.535
333.046
332.603
335.989
333.017
329.921
340.044
338.99
346.017
334.963
331.978
331.994
337.007
330.275
343.028
347.963
332.999
335.062
343.056
335.084
329.058
339.051
343.123
337.118
336.125
334.719
326.22
