326.907
333.82
330.497
341.114
331.13
328.11
325.103
322.125
333.679
330.002
331.463
328.566
322.579
330.597
326.57
321.636
321.606
332.607
326.574
329.231
329.277
322.538
330.621
324.687
332.736
333.152
340.124
325.08
321.713
329.707
322.651
330.649
333.651
323.652
311.65
324.59
323.554
316.593
320.56
335.14
330.03
326.577
330.633
307.743
320.094
316.618
307.086
300.791
307.127
302.635
312.74
285.737
284.547
276.876
270.69
281.632
269.192
295.095
283.262
263.38
255.208
248.95
257.258
238.476
252.183
252.079
249.764
250.413
235.445
251.135
243.733
251.465
234.433
241.406
235.363
244.532
229.582
237.895
242.902
236.543
247.319
239.355
245.288
261.343
254.299
240.34
249.343
264.12
251.377
252.395
247.886
272.702
268.538
268.474
286.636
283.742
295.66
297.232
311.203
320.891
324.155
326.598
316.611
326.535
330.046
321.603
332.989
339.017
352.921
336.044
333.99
343.017
339.963
331.978
344.994
347.007
343.275
325.028
342.963
333.999
332.062
332.056
347.084
351.058
346.051
335.123
347.118
344.125
331.719
341.22
