329.907
339.82
334.497
327.114
323.13
323.11
321.103
334.125
320.679
319.002
320.463
323.566
319.579
318.597
319.57
326.636
320.606
322.607
325.574
316.231
313.277
320.538
319.621
314.687
329.736
327.152
323.124
317.08
323.713
325.707
314.651
317.649
328.651
323.652
321.65
316.59
325.554
319.593
319.56
317.14
316.03
311.577
317.633
308.743
296.094
292.618
299.086
292.791
294.127
298.635
286.74
277.737
276.547
273.876
277.69
270.632
265.192
265.095
265.262
252.38
253.208
245.95
245.258
252.476
244.183
245.079
239.764
241.413
243.445
239.135
236.733
238.465
231.433
235.406
231.363
225.532
226.582
230.895
232.902
231.543
242.319
226.355
247.288
244.343
243.299
232.34
238.343
245.12
249.377
247.395
258.886
273.702
275.538
271.474
276.636
289.742
302.66
302.232
308.203
307.891
307.155
311.598
318.611
325.535
328.046
323.603
325.989
330.017
330.921
329.044
327.99
330.017
327.963
339.978
327.994
336.007
336.275
337.028
339.963
329.999
334.062
336.056
326.084
330.058
329.051
330.123
330.118
327.125
321.719
328.22
