330.907
330.82
331.497
326.114
319.13
329.11
320.103
322.125
319.679
328.002
320.463
320.566
321.579
312.597
326.57
317.636
319.606
324.607
330.574
322.231
319.277
319.538
319.621
319.687
323.736
325.152
326.124
334.08
331.713
325.707
324.651
314.649
323.651
327.652
318.65
320.59
319.554
330.593
322.56
316.14
315.03
323.577
319.633
311.743
303.094
297.618
291.086
292.791
301.127
286.635
289.74
278.737
283.547
279.876
270.69
265.632
266.192
268.095
253.262
253.38
252.208
242.95
245.258
236.476
249.183
248.079
251.764
251.413
248.445
248.135
236.733
229.465
230.433
233.406
231.363
233.532
224.582
240.895
232.902
220.543
246.319
236.355
243.288
246.343
233.299
244.34
239.343
243.12
251.377
241.395
248.886
260.702
274.538
261.474
280.636
287.742
300.66
294.232
304.203
314.891
308.155
319.598
323.611
321.535
333.046
333.603
328.989
333.017
335.921
333.044
337.99
336.017
325.963
328.978
332.994
332.007
329.275
332.028
338.963
336.999
329.062
335.056
334.084
331.058
332.051
328.123
324.118
324.125
328.719
323.22
