320.907
331.82
340.497
332.114
318.13
328.11
330.103
336.125
322.679
317.002
322.463
318.566
335.579
319.597
322.57
325.636
324.606
325.607
328.574
319.231
328.277
328.538
322.621
328.687
328.736
335.152
326.124
323.08
312.713
327.707
321.651
317.649
327.651
329.652
322.65
330.59
334.554
329.593
317.56
325.14
314.03
311.577
327.633
306.743
293.094
307.618
304.086
298.791
296.127
291.635
293.74
277.737
285.547
276.876
278.69
279.632
276.192
280.095
264.262
255.38
255.208
246.95
253.258
239.476
245.183
259.079
243.764
237.413
247.445
243.135
247.733
230.465
234.433
238.406
234.363
228.532
237.582
242.895
237.902
228.543
237.319
240.355
238.288
237.343
248.299
250.34
241.343
246.12
249.377
244.395
250.886
275.702
268.538
273.474
281.636
277.742
302.66
298.232
308.203
315.891
322.155
326.598
320.611
321.535
322.046
338.603
327.989
338.017
338.921
346.044
335.99
338.017
346.963
340.978
330.994
339.007
336.275
325.028
320.963
330.999
331.062
337.056
339.084
340.058
344.051
348.123
333.118
348.125
342.719
332.22
