339.907
336.82
338.497
342.114
328.13
337.11
319.103
324.125
338.679
323.002
322.463
330.566
327.579
325.597
324.57
328.636
325.606
330.607
331.574
324.231
326.277
336.538
317.621
317.687
334.736
324.152
329.124
347.08
319.713
329.707
321.651
337.649
329.651
317.652
317.65
321.59
315.554
325.593
329.56
326.14
314.03
316.577
316.633
315.743
327.094
301.618
301.086
297.791
306.127
300.635
300.74
282.737
283.547
280.876
274.69
276.632
272.192
274.095
272.262
255.38
263.208
244.95
256.258
243.476
256.183
248.079
259.764
252.413
245.445
259.135
234.733
232.465
237.433
228.406
237.363
244.532
244.582
244.895
240.902
236.543
244.319
246.355
249.288
241.343
245.299
247.34
243.343
256.12
251.377
247.395
244.886
268.702
276.538
273.474
285.636
292.742
305.66
299.232
310.203
317.891
310.155
318.598
323.611
318.535
326.046
333.603
333.989
346.017
339.921
346.044
333.99
334.017
349.963
342.978
334.994
323.007
328.275
324.028
335.963
334.999
330.062
344.056
333.084
333.058
335.051
334.123
337.118
331.125
341.719
320.22
