337.907
335.82
327.497
331.114
328.13
331.11
326.103
337.125
335.679
337.002
321.463
339.566
328.579
332.597
337.57
316.636
313.606
328.607
339.574
340.231
330.277
320.538
320.621
328.687
329.736
339.152
338.124
313.08
325.713
327.707
340.651
317.649
327.651
334.652
324.65
347.59
317.554
337.593
323.56
326.14
327.03
328.577
322.633
319.743
314.094
307.618
302.086
305.791
303.127
296.635
304.74
288.737
289.547
279.876
283.69
285.632
284.192
279.095
268.262
255.38
262.208
263.95
271.258
251.476
251.183
258.079
248.764
251.413
263.445
240.135
254.733
235.465
256.433
232.406
246.363
244.532
237.582
247.895
240.902
244.543
259.319
241.355
246.288
254.343
246.299
243.34
254.343
255.12
247.377
257.395
249.886
275.702
285.538
288.474
274.636
296.742
307.66
325.232
316.203
312.891
319.155
326.598
337.611
337.535
339.046
335.603
331.989
346.017
342.921
343.044
342.99
334.017
339.963
344.978
357.994
351.007
334.275
354.028
347.963
354.999
337.062
362.056
336.084
331.058
342.051
340.123
343.118
336.125
342.719
332.22
