337.907
323.82
333.497
329.114
316.13
340.11
328.103
323.125
329.679
327.002
325.463
328.566
326.579
327.597
315.57
330.636
320.606
324.607
313.574
322.231
323.277
323.538
319.621
317.687
322.736
328.152
323.124
330.08
323.713
319.707
327.651
331.649
328.651
322.652
323.65
336.59
329.554
317.593
318.56
314.14
311.03
311.577
320.633
308.743
313.094
309.618
295.086
292.791
295.127
289.635
297.74
289.737
285.547
269.876
272.69
280.632
271.192
276.095
263.262
261.38
259.208
244.95
253.258
246.476
257.183
244.079
257.764
246.413
238.445
248.135
233.733
242.465
230.433
247.406
229.363
225.532
225.582
245.895
224.902
236.543
249.319
231.355
237.288
241.343
245.299
242.34
238.343
253.12
254.377
244.395
252.886
256.702
273.538
266.474
282.636
294.742
299.66
309.232
318.203
318.891
317.155
320.598
328.611
315.535
330.046
329.603
330.989
333.017
326.921
341.044
340.99
342.017
336.963
327.978
328.994
333.007
332.275
340.028
343.963
334.999
337.062
343.056
331.084
331.058
334.051
338.123
332.118
338.125
329.719
326.22
