347.907
338.82
333.497
351.114
334.13
344.11
327.103
327.125
337.679
335.002
323.463
337.566
333.579
322.597
335.57
323.636
334.606
331.607
327.574
326.231
334.277
342.538
323.621
320.687
339.736
332.152
339.124
356.08
325.713
328.707
323.651
340.649
334.651
318.652
325.65
336.59
321.554
336.593
341.56
325.14
321.03
329.577
314.633
316.743
329.094
304.618
302.086
300.791
311.127
307.635
304.74
288.737
292.547
285.876
280.69
277.632
274.192
281.095
273.262
266.38
265.208
251.95
258.258
241.476
262.183
260.079
263.764
248.413
250.445
263.135
239.733
237.465
246.433
228.406
239.363
245.532
240.582
252.895
242.902
238.543
254.319
250.355
255.288
253.343
254.299
260.34
249.343
267.12
251.377
255.395
247.886
271.702
281.538
277.474
290.636
295.742
307.66
296.232
314.203
314.891
324.155
325.598
325.611
320.535
328.046
340.603
340.989
354.017
340.921
354.044
343.99
337.017
350.963
345.978
335.994
328.007
330.275
327.028
337.963
344.999
341.062
348.056
335.084
330.058
338.051
340.123
340.118
346.125
353.719
320.22
