332.907
331.82
322.497
320.114
325.13
320.11
320.103
320.125
315.679
320.002
315.463
321.566
316.579
315.597
317.57
322.636
316.606
322.607
320.574
313.231
317.277
321.538
317.621
316.687
317.736
320.152
326.124
320.08
321.713
315.707
316.651
322.649
315.651
321.652
316.65
317.59
317.554
320.593
317.56
319.14
318.03
308.577
310.633
302.743
303.094
299.618
298.086
292.791
297.127
289.635
286.74
279.737
280.547
273.876
273.69
272.632
268.192
265.095
257.262
254.38
254.208
245.95
247.258
236.476
243.183
249.079
239.764
241.413
241.445
236.135
233.733
233.465
235.433
230.406
235.363
221.532
223.582
236.895
224.902
228.543
242.319
230.355
241.288
235.343
236.299
242.34
241.343
247.12
247.377
242.395
247.886
259.702
272.538
268.474
278.636
282.742
293.66
297.232
298.203
310.891
306.155
308.598
322.611
321.535
321.046
322.603
332.989
332.017
325.921
333.044
326.99
326.017
327.963
327.978
330.994
327.007
335.275
332.028
325.963
325.999
326.062
326.056
332.084
332.058
326.051
327.123
331.118
331.125
322.719
321.22
