324.907
333.82
328.497
333.114
328.13
322.11
323.103
324.125
331.679
328.002
323.463
320.566
321.579
322.597
328.57
325.636
318.606
331.607
320.574
322.231
326.277
321.538
323.621
327.687
324.736
325.152
328.124
323.08
319.713
322.707
328.651
322.649
326.651
321.652
313.65
322.59
321.554
318.593
322.56
324.14
316.03
314.577
323.633
304.743
313.094
308.618
299.086
300.791
297.127
300.635
301.74
278.737
278.547
274.876
268.69
274.632
271.192
281.095
272.262
252.38
252.208
246.95
254.258
236.476
250.183
249.079
242.764
242.413
238.445
248.135
244.733
248.465
238.433
240.406
234.363
233.532
219.582
240.895
237.902
229.543
246.319
240.355
244.288
249.343
242.299
235.34
245.343
254.12
250.377
246.395
249.886
269.702
270.538
265.474
284.636
286.742
293.66
290.232
306.203
318.891
320.155
318.598
314.611
324.535
319.046
319.603
329.989
340.017
338.921
328.044
332.99
340.017
333.963
330.978
341.994
338.007
338.275
325.028
340.963
331.999
328.062
329.056
338.084
341.058
334.051
328.123
338.118
339.125
325.719
333.22
