338.907
342.82
329.497
328.114
331.13
328.11
334.103
326.125
318.679
322.002
323.463
323.566
321.579
327.597
324.57
321.636
315.606
323.607
326.574
323.231
328.277
334.538
326.621
323.687
324.736
334.152
324.124
327.08
318.713
322.707
332.651
322.649
326.651
339.652
318.65
325.59
315.554
318.593
328.56
320.14
315.03
308.577
310.633
308.743
315.094
312.618
288.086
283.791
309.127
295.635
275.74
278.737
277.547
282.876
277.69
283.632
273.192
265.095
266.262
266.38
265.208
241.95
250.258
241.476
251.183
249.079
252.764
245.413
249.445
238.135
244.733
251.465
244.433
232.406
233.363
240.532
241.582
236.895
231.902
229.543
243.319
232.355
247.288
241.343
259.299
243.34
255.343
251.12
249.377
266.395
261.886
262.702
268.538
270.474
275.636
295.742
300.66
294.232
318.203
324.891
311.155
321.598
320.611
329.535
326.046
323.603
331.989
324.017
331.921
325.044
336.99
337.017
335.963
327.978
331.994
343.007
342.275
333.028
344.963
341.999
340.062
338.056
338.084
332.058
330.051
333.123
330.118
337.125
335.719
333.22
