336.907
346.82
329.497
326.114
335.13
334.11
347.103
330.125
331.679
339.002
341.463
330.566
316.579
334.597
345.57
346.636
315.606
315.607
320.574
329.231
317.277
337.538
327.621
332.687
339.736
343.152
338.124
330.08
330.713
325.707
332.651
336.649
319.651
330.652
323.65
334.59
328.554
330.593
323.56
339.14
333.03
329.577
318.633
328.743
298.094
325.618
292.086
300.791
315.127
293.635
293.74
297.737
299.547
282.876
272.69
279.632
267.192
268.095
272.262
269.38
279.208
251.95
262.258
258.476
252.183
259.079
241.764
251.413
240.445
249.135
253.733
258.465
248.433
236.406
244.363
242.532
230.582
247.895
229.902
240.543
245.319
254.355
247.288
251.343
263.299
258.34
245.343
271.12
249.377
257.395
250.886
269.702
286.538
281.474
288.636
283.742
291.66
291.232
329.203
322.891
315.155
332.598
327.611
327.535
321.046
350.603
336.989
328.017
338.921
342.044
336.99
340.017
346.963
346.978
336.994
347.007
334.275
335.028
337.963
347.999
343.062
343.056
339.084
343.058
341.051
337.123
341.118
339.125
336.719
340.22
