336.907
327.82
325.497
324.114
323.13
324.11
319.103
329.125
325.679
330.002
321.463
321.566
327.579
320.597
321.57
315.636
320.606
320.607
318.574
313.231
315.277
327.538
319.621
321.687
321.736
326.152
323.124
322.08
325.713
319.707
320.651
320.649
327.651
321.652
318.65
320.59
318.554
319.593
320.56
323.14
322.03
311.577
308.633
305.743
298.094
299.618
297.086
296.791
296.127
287.635
284.74
273.737
283.547
271.876
271.69
272.632
272.192
274.095
261.262
259.38
252.208
249.95
253.258
241.476
250.183
246.079
243.764
237.413
239.445
238.135
235.733
235.465
239.433
237.406
229.363
221.532
224.582
237.895
236.902
232.543
246.319
227.355
246.288
245.343
237.299
244.34
235.343
247.12
242.377
245.395
249.886
265.702
275.538
264.474
271.636
285.742
285.66
297.232
308.203
304.891
303.155
319.598
321.611
314.535
322.046
322.603
331.989
328.017
329.921
333.044
329.99
327.017
324.963
332.978
331.994
326.007
333.275
332.028
332.963
330.999
334.062
330.056
331.084
331.058
332.051
335.123
327.118
338.125
322.719
320.22
