345.907
332.82
337.497
324.114
356.13
322.11
333.103
338.125
327.679
337.002
332.463
330.566
327.579
345.597
341.57
330.636
338.606
325.607
327.574
335.231
329.277
343.538
338.621
330.687
335.736
341.152
325.124
318.08
326.713
334.707
317.651
328.649
333.651
341.652
333.65
332.59
341.554
339.593
328.56
344.14
335.03
322.577
326.633
320.743
316.094
307.618
308.086
308.791
304.127
302.635
295.74
286.737
278.547
279.876
285.69
276.632
284.192
268.095
283.262
256.38
247.208
263.95
246.258
262.476
258.183
253.079
240.764
256.413
270.445
247.135
257.733
232.465
241.433
244.406
237.363
240.532
229.582
253.895
234.902
230.543
258.319
257.355
251.288
254.343
238.299
253.34
254.343
266.12
251.377
256.395
260.886
277.702
293.538
271.474
290.636
285.742
306.66
317.232
322.203
321.891
315.155
326.598
331.611
347.535
331.046
330.603
345.989
331.017
340.921
334.044
340.99
337.017
330.963
334.978
337.994
347.007
343.275
342.028
336.963
352.999
340.062
343.056
337.084
343.058
341.051
349.123
347.118
341.125
329.719
339.22
