336.907
338.82
331.497
320.114
328.13
339.11
325.103
338.125
324.679
328.002
321.463
315.566
325.579
322.597
324.57
324.636
317.606
315.607
328.574
320.231
318.277
322.538
331.621
316.687
335.736
324.152
321.124
333.08
332.713
327.707
325.651
328.649
319.651
329.652
326.65
336.59
317.554
330.593
327.56
324.14
321.03
316.577
321.633
323.743
298.094
301.618
286.086
284.791
300.127
285.635
288.74
285.737
276.547
270.876
275.69
276.632
262.192
274.095
269.262
260.38
261.208
243.95
250.258
240.476
252.183
251.079
240.764
247.413
242.445
248.135
247.733
239.465
244.433
241.406
247.363
229.532
235.582
233.895
233.902
221.543
237.319
243.355
237.288
241.343
249.299
241.34
252.343
259.12
254.377
252.395
264.886
262.702
275.538
273.474
276.636
286.742
299.66
294.232
303.203
306.891
304.155
304.598
337.611
326.535
341.046
339.603
341.989
339.017
342.921
335.044
335.99
341.017
343.963
332.978
334.994
333.007
341.275
341.028
320.963
332.999
332.062
341.056
336.084
337.058
338.051
341.123
340.118
342.125
327.719
324.22
