329.907
326.82
335.497
329.114
337.13
332.11
342.103
320.125
327.679
323.002
319.463
321.566
327.579
326.597
323.57
328.636
322.606
318.607
323.574
322.231
320.277
321.538
324.621
325.687
316.736
327.152
333.124
336.08
321.713
320.707
315.651
321.649
326.651
320.652
324.65
315.59
319.554
327.593
318.56
330.14
317.03
319.577
312.633
311.743
306.094
300.618
301.086
310.791
304.127
297.635
291.74
277.737
280.547
276.876
275.69
284.632
266.192
263.095
267.262
259.38
267.208
243.95
261.258
249.476
262.183
245.079
251.764
242.413
251.445
240.135
232.733
238.465
245.433
235.406
233.363
237.532
238.582
240.895
233.902
218.543
230.319
229.355
252.288
246.343
237.299
247.34
256.343
250.12
247.377
261.395
258.886
262.702
271.538
261.474
279.636
295.742
303.66
302.232
298.203
316.891
308.155
315.598
326.611
321.535
338.046
335.603
331.989
339.017
337.921
335.044
335.99
322.017
337.963
334.978
346.994
344.007
350.275
336.028
326.963
327.999
326.062
349.056
341.084
330.058
335.051
336.123
333.118
338.125
339.719
330.22
