345.907
336.82
331.497
339.114
329.13
327.11
324.103
334.125
328.679
343.002
320.463
322.566
321.579
323.597
317.57
333.636
313.606
325.607
331.574
331.231
317.277
326.538
330.621
322.687
320.736
322.152
331.124
326.08
326.713
328.707
322.651
323.649
328.651
335.652
317.65
314.59
333.554
319.593
329.56
328.14
319.03
320.577
321.633
307.743
307.094
301.618
289.086
290.791
302.127
302.635
292.74
283.737
284.547
276.876
282.69
270.632
275.192
280.095
269.262
251.38
250.208
253.95
259.258
255.476
261.183
248.079
243.764
243.413
243.445
251.135
240.733
236.465
235.433
225.406
240.363
236.532
229.582
251.895
232.902
232.543
245.319
239.355
239.288
251.343
250.299
245.34
245.343
258.12
245.377
247.395
253.886
266.702
280.538
259.474
288.636
289.742
288.66
294.232
310.203
310.891
318.155
315.598
323.611
316.535
328.046
329.603
331.989
339.017
345.921
332.044
338.99
341.017
326.963
333.978
345.994
338.007
345.275
334.028
338.963
327.999
333.062
337.056
334.084
340.058
328.051
340.123
327.118
339.125
324.719
332.22
