332.907
331.82
327.497
325.114
326.13
321.11
324.103
326.125
316.679
319.002
321.463
320.566
316.579
315.597
315.57
317.636
317.606
321.607
316.574
312.231
317.277
316.538
317.621
316.687
322.736
319.152
319.124
320.08
321.713
321.707
315.651
315.649
321.651
317.652
322.65
316.59
316.554
315.593
316.56
314.14
313.03
310.577
309.633
306.743
299.094
296.618
296.086
289.791
296.127
294.635
282.74
274.737
275.547
271.876
271.69
272.632
263.192
264.095
262.262
249.38
250.208
243.95
242.258
242.476
243.183
244.079
243.764
237.413
240.445
236.135
233.733
234.465
233.433
233.406
233.363
228.532
228.582
233.895
229.902
228.543
240.319
228.355
240.288
235.343
241.299
235.34
237.343
243.12
247.377
244.395
251.886
266.702
273.538
270.474
278.636
285.742
293.66
297.232
305.203
304.891
311.155
310.598
322.611
321.535
326.046
324.603
327.989
326.017
331.921
326.044
326.99
333.017
330.963
332.978
325.994
331.007
335.275
332.028
330.963
327.999
331.062
332.056
328.084
332.058
327.051
333.123
327.118
326.125
322.719
326.22
