336.907
329.82
328.497
330.114
326.13
320.11
328.103
321.125
324.679
330.002
322.463
320.566
319.579
318.597
314.57
325.636
314.606
322.607
321.574
322.231
318.277
324.538
321.621
319.687
319.736
326.152
327.124
319.08
318.713
321.707
320.651
320.649
320.651
322.652
320.65
316.59
319.554
315.593
326.56
317.14
316.03
314.577
313.633
299.743
302.094
294.618
289.086
290.791
302.127
292.635
290.74
276.737
274.547
276.876
273.69
265.632
270.192
273.095
256.262
254.38
249.208
247.95
252.258
246.476
252.183
242.079
236.764
244.413
241.445
240.135
241.733
239.465
233.433
228.406
233.363
233.532
225.582
242.895
229.902
222.543
239.319
235.355
235.288
240.343
246.299
244.34
241.343
246.12
247.377
247.395
251.886
265.702
275.538
263.474
279.636
285.742
290.66
292.232
304.203
307.891
315.155
309.598
315.611
315.535
323.046
327.603
330.989
332.017
335.921
335.044
331.99
336.017
324.963
331.978
336.994
336.007
337.275
327.028
336.963
329.999
327.062
329.056
330.084
338.058
326.051
332.123
331.118
331.125
321.719
325.22
