352.907
343.82
333.497
337.114
347.13
332.11
335.103
330.125
342.679
333.002
330.463
325.566
327.579
340.597
350.57
324.636
342.606
333.607
336.574
325.231
334.277
323.538
339.621
317.687
333.736
338.152
347.124
337.08
332.713
326.707
324.651
333.649
333.651
327.652
333.65
324.59
339.554
328.593
348.56
326.14
324.03
323.577
314.633
319.743
306.094
313.618
305.086
318.791
309.127
285.635
303.74
298.737
293.547
281.876
272.69
280.632
280.192
273.095
277.262
270.38
266.208
245.95
261.258
257.476
256.183
255.079
243.764
250.413
242.445
241.135
253.733
236.465
249.433
240.406
239.363
237.532
241.582
244.895
232.902
238.543
243.319
237.355
247.288
256.343
245.299
252.34
254.343
256.12
267.377
259.395
257.886
264.702
284.538
270.474
289.636
297.742
289.66
296.232
307.203
329.891
321.155
336.598
339.611
326.535
343.046
324.603
337.989
346.017
338.921
350.044
334.99
338.017
338.963
342.978
326.994
336.007
345.275
330.028
338.963
332.999
338.062
343.056
349.084
321.058
337.051
338.123
338.118
345.125
330.719
336.22
