336.907
339.82
339.497
327.114
336.13
347.11
327.103
344.125
325.679
338.002
319.463
328.566
334.579
328.597
332.57
330.636
326.606
322.607
331.574
327.231
317.277
320.538
341.621
314.687
331.736
321.152
330.124
335.08
340.713
332.707
327.651
335.649
326.651
325.652
333.65
340.59
326.554
336.593
328.56
334.14
332.03
320.577
329.633
333.743
299.094
304.618
288.086
290.791
311.127
286.635
300.74
284.737
282.547
283.876
283.69
277.632
257.192
286.095
271.262
269.38
271.208
246.95
245.258
246.476
252.183
264.079
236.764
249.413
250.445
261.135
248.733
246.465
249.433
254.406
257.363
239.532
237.582
241.895
230.902
225.543
249.319
243.355
235.288
249.343
252.299
236.34
254.343
268.12
266.377
258.395
276.886
269.702
278.538
284.474
278.636
288.742
299.66
305.232
312.203
321.891
309.155
305.598
335.611
339.535
338.046
349.603
343.989
345.017
346.921
341.044
331.99
346.017
342.963
335.978
341.994
342.007
343.275
346.028
328.963
336.999
338.062
344.056
340.084
332.058
349.051
350.123
342.118
348.125
333.719
330.22
