339.907
336.82
337.497
332.114
337.13
353.11
330.103
340.125
328.679
340.002
320.463
332.566
339.579
324.597
334.57
337.636
329.606
324.607
334.574
326.231
325.277
325.538
348.621
318.687
330.736
323.152
334.124
339.08
349.713
331.707
331.651
336.649
331.651
323.652
330.65
347.59
323.554
333.593
332.56
337.14
334.03
316.577
333.633
336.743
296.094
300.618
297.086
288.791
317.127
289.635
310.74
286.737
281.547
283.876
285.69
274.632
258.192
288.095
274.262
274.38
275.208
250.95
248.258
250.476
252.183
265.079
233.764
254.413
249.445
258.135
256.733
249.465
256.433
257.406
267.363
239.532
234.582
238.895
238.902
228.543
246.319
246.355
238.288
253.343
260.299
238.34
262.343
277.12
271.377
261.395
273.886
269.702
286.538
289.474
281.636
288.742
297.66
314.232
319.203
322.891
319.155
308.598
337.611
341.535
335.046
354.603
340.989
344.017
349.921
350.044
330.99
344.017
345.963
336.978
340.994
346.007
346.275
354.028
331.963
340.999
346.062
348.056
348.084
338.058
349.051
353.123
341.118
357.125
337.719
334.22
