345.907
334.82
339.497
324.114
351.13
322.11
335.103
339.125
327.679
334.002
329.463
331.566
324.579
341.597
338.57
325.636
338.606
320.607
324.574
332.231
326.277
343.538
335.621
325.687
337.736
342.152
320.124
318.08
322.713
334.707
317.651
330.649
329.651
341.652
330.65
333.59
338.554
335.593
323.56
340.14
337.03
319.577
322.633
317.743
317.094
308.618
310.086
303.791
304.127
303.635
295.74
281.737
280.547
275.876
282.69
271.632
279.192
269.095
278.262
253.38
248.208
258.95
243.258
259.476
259.183
254.079
241.764
251.413
267.445
244.135
254.733
232.465
241.433
245.406
232.363
236.532
225.582
250.895
234.902
231.543
258.319
259.355
252.288
254.343
239.299
255.34
255.343
263.12
248.377
251.395
261.886
274.702
295.538
272.474
287.636
287.742
302.66
312.232
317.203
318.891
315.155
328.598
333.611
343.535
328.046
332.603
340.989
332.017
337.921
334.044
340.99
339.017
327.963
335.978
338.994
349.007
339.275
342.028
331.963
349.999
337.062
345.056
338.084
339.058
338.051
350.123
348.118
338.125
329.719
334.22
