330.907
331.82
322.497
321.114
324.13
321.11
320.103
319.125
316.679
325.002
315.463
321.566
316.579
317.597
315.57
317.636
320.606
321.607
317.574
314.231
313.277
315.538
321.621
317.687
322.736
325.152
325.124
320.08
321.713
322.707
317.651
316.649
315.651
315.652
320.65
321.59
317.554
321.593
320.56
312.14
318.03
308.577
313.633
302.743
303.094
300.618
296.086
294.791
291.127
288.635
280.74
274.737
280.547
268.876
268.69
266.632
264.192
269.095
257.262
256.38
254.208
245.95
243.258
240.476
244.183
244.079
239.764
240.413
235.445
242.135
231.733
230.465
229.433
235.406
234.363
227.532
228.582
231.895
225.902
221.543
235.319
228.355
240.288
241.343
240.299
240.34
242.343
244.12
242.377
247.395
245.886
266.702
273.538
269.474
279.636
281.742
292.66
297.232
305.203
311.891
310.155
315.598
316.611
316.535
321.046
329.603
325.989
332.017
326.921
326.044
325.99
332.017
331.963
331.978
327.994
326.007
334.275
333.028
331.963
332.999
333.062
333.056
326.084
327.058
326.051
333.123
333.118
333.125
324.719
326.22
