332.907
331.82
324.497
328.114
329.13
326.11
326.103
334.125
335.679
334.002
321.463
334.566
329.579
334.597
334.57
316.636
315.606
324.607
334.574
335.231
331.277
322.538
322.621
329.687
329.736
340.152
338.124
313.08
326.713
323.707
340.651
312.649
327.651
335.652
324.65
342.59
312.554
332.593
323.56
327.14
323.03
325.577
323.633
315.743
310.094
307.618
302.086
307.791
298.127
296.635
299.74
285.737
290.547
279.876
283.69
282.632
280.192
281.095
270.262
252.38
264.208
259.95
267.258
247.476
252.183
260.079
248.764
252.413
260.445
242.135
249.733
237.465
258.433
229.406
248.363
239.532
233.582
247.895
235.902
241.543
261.319
241.355
243.288
255.343
246.299
245.34
249.343
256.12
247.377
257.395
251.886
270.702
286.538
284.474
275.636
292.742
303.66
321.232
313.203
314.891
316.155
321.598
334.611
332.535
336.046
330.603
332.989
347.017
343.921
343.044
337.99
330.017
340.963
339.978
354.994
346.007
335.275
354.028
342.963
351.999
333.062
357.056
332.084
331.058
343.051
337.123
344.118
331.125
338.719
334.22
