339.907
349.82
326.497
336.114
349.13
330.11
317.103
337.125
325.679
343.002
323.463
338.566
325.579
329.597
329.57
338.636
342.606
339.607
328.574
307.231
321.277
329.538
329.621
328.687
324.736
346.152
337.124
347.08
329.713
336.707
336.651
336.649
321.651
315.652
323.65
337.59
335.554
343.593
325.56
340.14
331.03
330.577
338.633
309.743
307.094
302.618
299.086
315.791
306.127
294.635
301.74
294.737
290.547
275.876
283.69
280.632
277.192
279.095
270.262
265.38
274.208
249.95
262.258
253.476
260.183
270.079
247.764
257.413
261.445
251.135
246.733
254.465
254.433
247.406
241.363
216.532
226.582
253.895
245.902
236.543
249.319
250.355
268.288
259.343
248.299
254.34
243.343
264.12
246.377
258.395
253.886
274.702
265.538
289.474
298.636
302.742
315.66
302.232
315.203
319.891
330.155
322.598
352.611
340.535
330.046
326.603
351.989
336.017
332.921
344.044
333.99
334.017
328.963
339.978
326.994
346.007
341.275
347.028
337.963
333.999
344.062
347.056
347.084
346.058
333.051
335.123
347.118
343.125
333.719
322.22
