331.907
325.82
324.497
321.114
319.13
321.11
321.103
319.125
321.679
325.002
317.463
322.566
321.579
316.597
322.57
321.636
320.606
317.607
316.574
317.231
312.277
322.538
315.621
322.687
322.736
326.152
325.124
321.08
322.713
317.707
320.651
321.649
317.651
315.652
321.65
317.59
315.554
321.593
321.56
318.14
319.03
310.577
314.633
308.743
305.094
299.618
297.086
289.791
298.127
287.635
287.74
275.737
278.547
268.876
268.69
272.632
263.192
269.095
261.262
256.38
249.208
238.95
249.258
236.476
249.183
243.079
245.764
237.413
235.445
241.135
238.733
228.465
230.433
234.406
228.363
226.532
221.582
231.895
225.902
221.543
241.319
235.355
236.288
235.343
240.299
236.34
241.343
249.12
247.377
249.395
250.886
265.702
267.538
268.474
273.636
282.742
292.66
293.232
298.203
311.891
310.155
314.598
317.611
322.535
325.046
327.603
325.989
326.017
327.921
326.044
330.99
327.017
332.963
332.978
325.994
328.007
329.275
332.028
325.963
326.999
328.062
331.056
327.084
326.058
332.051
327.123
328.118
333.125
327.719
324.22
