336.907
327.82
323.497
329.114
326.13
329.11
319.103
329.125
328.679
330.002
321.463
325.566
327.579
324.597
321.57
319.636
323.606
320.607
316.574
313.231
319.277
326.538
318.621
319.687
321.736
324.152
321.124
322.08
330.713
317.707
325.651
318.649
325.651
324.652
323.65
318.59
316.554
324.593
324.56
323.14
326.03
311.577
306.633
305.743
297.094
302.618
296.086
299.791
299.127
286.635
282.74
273.737
287.547
276.876
274.69
271.632
271.192
277.095
266.262
263.38
251.208
252.95
257.258
244.476
250.183
251.079
242.764
240.413
239.445
243.135
235.733
239.465
237.433
237.406
233.363
221.532
229.582
235.895
236.902
232.543
249.319
227.355
246.288
249.343
240.299
243.34
235.343
246.12
246.377
243.395
253.886
263.702
278.538
268.474
270.636
285.742
289.66
300.232
306.203
302.891
306.155
319.598
326.611
312.535
326.046
322.603
335.989
331.017
333.921
337.044
332.99
332.017
327.963
336.978
329.994
329.007
332.275
332.028
335.963
329.999
338.062
334.056
330.084
335.058
330.051
333.123
327.118
343.125
325.719
320.22
