344.907
339.82
330.497
339.114
334.13
332.11
329.103
334.125
333.679
347.002
325.463
321.566
320.579
327.597
315.57
331.636
311.606
329.607
330.574
331.231
315.277
331.538
328.621
321.687
324.736
322.152
329.124
326.08
324.713
327.707
322.651
326.649
326.651
338.652
315.65
319.59
332.554
323.593
327.56
328.14
323.03
320.577
320.633
307.743
306.094
299.618
293.086
295.791
301.127
306.635
297.74
287.737
289.547
280.876
281.69
268.632
275.192
280.095
267.262
256.38
253.208
253.95
258.258
253.476
266.183
247.079
241.764
242.413
248.445
256.135
244.733
235.465
238.433
230.406
245.363
239.532
233.582
255.895
235.902
236.543
244.319
237.355
239.288
250.343
249.299
248.34
244.343
257.12
244.377
247.395
258.886
270.702
280.538
258.474
293.636
293.742
293.66
298.232
309.203
314.891
322.155
313.598
326.611
315.535
333.046
334.603
330.989
338.017
350.921
330.044
342.99
344.017
324.963
333.978
348.994
338.007
344.275
337.028
338.963
327.999
333.062
335.056
334.084
344.058
326.051
340.123
327.118
337.125
328.719
331.22
