327.907
331.82
324.497
325.114
324.13
320.11
326.103
325.125
315.679
325.002
320.463
321.566
322.579
316.597
321.57
315.636
315.606
317.607
315.574
317.231
317.277
322.538
317.621
315.687
322.736
326.152
319.124
324.08
317.713
316.707
316.651
316.649
320.651
322.652
316.65
322.59
315.554
315.593
320.56
312.14
314.03
309.577
313.633
307.743
304.094
301.618
292.086
289.791
297.127
293.635
280.74
274.737
278.547
273.876
272.69
271.632
270.192
265.095
256.262
251.38
256.208
238.95
244.258
236.476
247.183
244.079
245.764
237.413
242.445
237.135
233.733
235.465
234.433
233.406
230.363
227.532
227.582
233.895
229.902
221.543
235.319
230.355
240.288
235.343
241.299
237.34
236.343
244.12
249.377
247.395
246.886
260.702
267.538
269.474
275.636
285.742
289.66
292.232
305.203
311.891
306.155
313.598
316.611
320.535
326.046
323.603
325.989
327.017
332.921
326.044
325.99
333.017
325.963
332.978
331.994
332.007
335.275
332.028
327.963
332.999
331.062
332.056
332.084
327.058
326.051
326.123
326.118
331.125
329.719
319.22
