337.907
335.82
328.497
320.114
329.13
339.11
322.103
333.125
324.679
329.002
323.463
312.566
326.579
319.597
326.57
319.636
319.606
315.607
328.574
321.231
314.277
323.538
328.621
316.687
330.736
321.152
321.124
330.08
328.713
329.707
325.651
324.649
321.651
329.652
326.65
333.59
319.554
327.593
323.56
325.14
321.03
317.577
316.633
318.743
295.094
298.618
288.086
284.791
301.127
287.635
283.74
287.737
271.547
266.876
272.69
272.632
263.192
271.095
266.262
255.38
256.208
245.95
250.258
241.476
254.183
251.079
241.764
248.413
244.445
245.135
244.733
235.465
240.433
238.406
242.363
229.532
230.582
230.895
233.902
223.543
238.319
245.355
239.288
238.343
246.299
242.34
247.343
260.12
251.377
254.395
260.886
259.702
275.538
275.474
278.636
287.742
301.66
290.232
305.203
308.891
306.155
304.598
333.611
322.535
337.046
340.603
337.989
335.017
338.921
332.044
335.99
338.017
340.963
328.978
331.994
335.007
338.275
341.028
322.963
327.999
328.062
341.056
337.084
338.058
340.051
343.123
340.118
338.125
323.719
321.22
