342.907
346.82
334.497
346.114
321.13
337.11
321.103
351.125
325.679
331.002
324.463
338.566
326.579
332.597
330.57
341.636
320.606
338.607
334.574
319.231
321.277
330.538
318.621
326.687
336.736
330.152
333.124
324.08
334.713
325.707
325.651
325.649
347.651
344.652
330.65
320.59
341.554
334.593
328.56
325.14
320.03
317.577
326.633
324.743
301.094
306.618
314.086
307.791
297.127
308.635
294.74
282.737
288.547
273.876
294.69
276.632
279.192
267.095
282.262
266.38
263.208
252.95
240.258
271.476
246.183
252.079
249.764
245.413
241.445
243.135
252.733
251.465
240.433
242.406
236.363
236.532
239.582
238.895
238.902
239.543
251.319
225.355
263.288
243.343
261.299
226.34
248.343
252.12
261.377
256.395
259.886
277.702
274.538
270.474
285.636
306.742
306.66
305.232
312.203
321.891
318.155
326.598
327.611
347.535
330.046
332.603
333.989
328.017
329.921
333.044
337.99
355.017
346.963
348.978
333.994
330.007
343.275
347.028
355.963
343.999
332.062
361.056
331.084
337.058
344.051
324.123
328.118
334.125
325.719
326.22
