327.907
330.82
340.497
328.114
337.13
336.11
340.103
320.125
327.679
321.002
324.463
324.566
326.579
324.597
323.57
332.636
327.606
318.607
327.574
321.231
319.277
319.538
328.621
323.687
321.736
327.152
338.124
340.08
325.713
325.707
319.651
319.649
331.651
320.652
322.65
320.59
317.554
327.593
317.56
330.14
315.03
323.577
310.633
310.743
309.094
300.618
299.086
309.791
309.127
301.635
294.74
282.737
285.547
280.876
278.69
289.632
271.192
263.095
265.262
263.38
265.208
247.95
260.258
252.476
261.183
248.079
255.764
241.413
255.445
240.135
232.733
242.465
250.433
238.406
237.363
235.532
241.582
239.895
237.902
216.543
233.319
233.355
257.288
246.343
236.299
251.34
261.343
249.12
250.377
265.395
263.886
267.702
275.538
266.474
283.636
299.742
301.66
300.232
302.203
320.891
307.155
319.598
324.611
319.535
337.046
334.603
329.989
344.017
341.921
338.044
335.99
320.017
342.963
338.978
349.994
344.007
355.275
336.028
331.963
325.999
325.062
354.056
345.084
333.058
338.051
334.123
331.118
342.125
344.719
335.22
