341.907
333.82
340.497
337.114
330.13
333.11
319.103
325.125
334.679
318.002
317.463
330.566
328.579
320.597
319.57
329.636
326.606
331.607
327.574
325.231
327.277
336.538
317.621
317.687
329.736
324.152
330.124
344.08
316.713
331.707
316.651
334.649
325.651
318.652
318.65
323.59
310.554
326.593
325.56
327.14
311.03
312.577
311.633
310.743
322.094
301.618
301.086
294.791
301.127
300.635
295.74
278.737
280.547
277.876
274.69
273.632
269.192
270.095
269.262
252.38
259.208
244.95
257.258
244.476
252.183
250.079
260.764
247.413
247.445
254.135
234.733
234.465
238.433
228.406
234.363
241.532
244.582
240.895
240.902
232.543
244.319
243.355
246.288
241.343
242.299
242.34
245.343
256.12
252.377
242.395
245.886
264.702
272.538
273.474
280.636
288.742
301.66
301.232
305.203
312.891
311.155
313.598
324.611
320.535
326.046
334.603
335.989
342.017
334.921
342.044
333.99
336.017
344.963
337.978
336.994
323.007
329.275
324.028
335.963
336.999
330.062
341.056
333.084
334.058
335.051
331.123
332.118
332.125
343.719
322.22
