332.907
345.82
332.497
329.114
326.13
329.11
338.103
333.125
330.679
331.002
335.463
322.566
319.579
327.597
338.57
337.636
315.606
316.607
321.574
319.231
320.277
334.538
323.621
328.687
331.736
340.152
330.124
332.08
331.713
321.707
324.651
332.649
321.651
327.652
324.65
326.59
321.554
324.593
324.56
329.14
331.03
326.577
320.633
321.743
297.094
317.618
294.086
298.791
307.127
291.635
290.74
295.737
290.547
283.876
266.69
275.632
262.192
270.095
270.262
267.38
271.208
248.95
261.258
259.476
247.183
256.079
232.764
241.413
236.445
240.135
252.733
250.465
243.433
235.406
241.363
239.532
231.582
244.895
232.902
237.543
237.319
251.355
244.288
244.343
258.299
259.34
246.343
263.12
246.377
249.395
253.886
269.702
277.538
277.474
281.636
284.742
291.66
292.232
322.203
316.891
318.155
330.598
319.611
323.535
323.046
340.603
333.989
329.017
332.921
342.044
333.99
338.017
336.963
338.978
328.994
344.007
336.275
334.028
334.963
350.999
340.062
340.056
335.084
340.058
339.051
334.123
335.118
331.125
337.719
332.22
