337.907
329.82
335.497
330.114
323.13
326.11
329.103
326.125
323.679
338.002
317.463
328.566
331.579
310.597
336.57
324.636
321.606
323.607
326.574
329.231
322.277
322.538
317.621
326.687
333.736
331.152
328.124
341.08
340.713
332.707
321.651
316.649
324.651
332.652
320.65
318.59
321.554
334.593
331.56
314.14
317.03
324.577
323.633
314.743
310.094
301.618
292.086
299.791
309.127
285.635
297.74
285.737
285.547
283.876
279.69
270.632
271.192
271.095
261.262
250.38
249.208
251.95
250.258
237.476
253.183
246.079
256.764
253.413
253.445
251.135
241.733
238.465
228.433
229.406
230.363
236.532
223.582
248.895
236.902
225.543
250.319
237.355
248.288
244.343
238.299
252.34
241.343
245.12
255.377
243.395
250.886
263.702
275.538
267.474
280.636
296.742
302.66
298.232
312.203
318.891
311.155
323.598
333.611
319.535
336.046
337.603
334.989
343.017
333.921
332.044
340.99
338.017
323.963
335.978
336.994
337.007
336.275
337.028
339.963
333.999
333.062
336.056
338.084
335.058
338.051
333.123
327.118
333.125
334.719
327.22
