324.907
330.82
325.497
328.114
328.13
324.11
323.103
325.125
326.679
329.002
324.463
320.566
323.579
324.597
324.57
320.636
319.606
326.607
322.574
322.231
323.277
322.538
318.621
324.687
319.736
326.152
323.124
323.08
321.713
319.707
323.651
319.649
326.651
322.652
314.65
322.59
323.554
318.593
323.56
320.14
318.03
316.577
318.633
306.743
313.094
305.618
296.086
297.791
294.127
301.635
296.74
279.737
274.547
274.876
269.69
274.632
266.192
276.095
269.262
247.38
252.208
242.95
249.258
237.476
250.183
245.079
239.764
243.413
240.445
249.135
241.733
243.465
233.433
236.406
230.363
230.532
219.582
236.895
233.902
226.543
248.319
237.355
239.288
244.343
243.299
236.34
242.343
251.12
246.377
246.395
251.886
265.702
267.538
267.474
280.636
282.742
289.66
287.232
307.203
314.891
316.155
319.598
314.611
319.535
319.046
321.603
330.989
336.017
339.921
323.044
329.99
335.017
329.963
326.978
337.994
334.007
340.275
327.028
335.963
332.999
330.062
326.056
333.084
336.058
335.051
325.123
334.118
334.125
327.719
328.22
