338.907
333.82
330.497
334.114
336.13
326.11
329.103
323.125
329.679
326.002
324.463
328.566
323.579
326.597
329.57
318.636
330.606
323.607
332.574
321.231
330.277
323.538
328.621
317.687
325.736
329.152
331.124
328.08
327.713
317.707
318.651
323.649
322.651
318.652
322.65
319.59
323.554
314.593
331.56
322.14
323.03
318.577
310.633
305.743
306.094
301.618
293.086
301.791
304.127
291.635
292.74
279.737
282.547
279.876
263.69
269.632
265.192
273.095
271.262
262.38
254.208
234.95
250.258
242.476
247.183
242.079
244.764
239.413
234.445
247.135
239.733
227.465
241.433
231.406
243.363
224.532
224.582
239.895
232.902
230.543
235.319
237.355
243.288
253.343
242.299
248.34
238.343
246.12
253.377
256.395
252.886
260.702
270.538
266.474
281.636
286.742
284.66
297.232
297.203
317.891
312.155
322.598
324.611
316.535
335.046
326.603
338.989
336.017
334.921
336.044
331.99
331.017
336.963
333.978
322.994
334.007
338.275
329.028
334.963
332.999
332.062
333.056
338.084
324.058
339.051
336.123
337.118
336.125
327.719
325.22
