325.907
335.82
345.497
328.114
341.13
340.11
339.103
320.125
331.679
326.002
324.463
324.566
325.579
327.597
322.57
331.636
327.606
318.607
331.574
324.231
317.277
319.538
331.621
323.687
319.736
332.152
336.124
344.08
329.713
325.707
324.651
324.649
331.651
324.652
320.65
320.59
317.554
331.593
321.56
329.14
315.03
321.577
310.633
308.743
312.094
300.618
302.086
314.791
314.127
299.635
292.74
286.737
284.547
280.876
283.69
292.632
276.192
268.095
270.262
263.38
270.208
251.95
265.258
250.476
266.183
251.079
254.764
246.413
255.445
238.135
236.733
246.465
255.433
242.406
240.363
233.532
240.582
239.895
241.902
215.543
233.319
233.355
255.288
246.343
234.299
250.34
260.343
252.12
249.377
264.395
266.886
265.702
274.538
265.474
286.636
302.742
306.66
298.232
306.203
320.891
312.155
318.598
327.611
318.535
342.046
332.603
328.989
342.017
340.921
338.044
335.99
325.017
340.963
337.978
348.994
342.007
354.275
339.028
334.963
330.999
330.062
352.056
345.084
331.058
343.051
337.123
336.118
347.125
348.719
339.22
