352.907
341.82
337.497
340.114
346.13
332.11
339.103
330.125
341.679
337.002
328.463
325.566
325.579
344.597
353.57
329.636
342.606
331.607
335.574
329.231
332.277
321.538
344.621
317.687
338.736
342.152
346.124
337.08
337.713
324.707
324.651
331.649
338.651
326.652
333.65
328.59
339.554
328.593
346.56
331.14
324.03
321.577
319.633
317.743
309.094
311.618
308.086
317.791
308.127
290.635
303.74
301.737
298.547
279.876
277.69
280.632
285.192
272.095
275.262
269.38
271.208
250.95
266.258
255.476
260.183
258.079
243.764
248.413
241.445
241.135
253.733
240.465
253.433
243.406
239.363
236.532
241.582
248.895
231.902
242.543
247.319
235.355
246.288
255.343
250.299
250.34
253.343
255.12
270.377
262.395
257.886
262.702
284.538
270.474
292.636
296.742
288.66
295.232
306.203
329.891
320.155
339.598
338.611
330.535
342.046
328.603
340.989
345.017
337.921
354.044
332.99
337.017
337.963
347.978
324.994
341.007
344.275
334.028
343.963
331.999
341.062
348.056
353.084
320.058
337.051
341.123
342.118
348.125
333.719
334.22
