341.907
323.82
331.497
321.114
339.13
319.11
319.103
333.125
320.679
329.002
327.463
320.566
321.579
331.597
323.57
324.636
329.606
321.607
320.574
324.231
314.277
327.538
328.621
321.687
333.736
334.152
325.124
315.08
320.713
324.707
313.651
317.649
321.651
334.652
329.65
324.59
328.554
330.593
324.56
325.14
326.03
318.577
319.633
312.743
310.094
305.618
295.086
291.791
300.127
297.635
280.74
281.737
279.547
271.876
283.69
271.632
269.192
265.095
267.262
246.38
250.208
254.95
243.258
253.476
256.183
249.079
241.764
243.413
250.445
251.135
247.733
235.465
237.433
238.406
232.363
231.532
224.582
235.895
232.902
231.543
246.319
248.355
246.288
243.343
239.299
253.34
247.343
255.12
248.377
252.395
253.886
265.702
288.538
270.474
281.636
286.742
289.66
307.232
306.203
311.891
308.155
312.598
325.611
325.535
325.046
328.603
337.989
333.017
329.921
328.044
335.99
335.017
327.963
328.978
332.994
341.007
334.275
336.028
336.963
339.999
331.062
337.056
338.084
333.058
332.051
335.123
335.118
329.125
328.719
331.22
