325.907
327.82
329.497
319.114
326.13
326.11
326.103
319.125
322.679
320.002
317.463
321.566
322.579
317.597
315.57
315.636
317.606
316.607
322.574
317.231
312.277
321.538
320.621
315.687
315.736
321.152
321.124
326.08
316.713
317.707
316.651
320.649
321.651
322.652
316.65
315.59
315.554
320.593
317.56
319.14
319.03
315.577
309.633
306.743
299.094
294.618
291.086
293.791
293.127
289.635
282.74
275.737
273.547
271.876
268.69
268.632
265.192
264.095
256.262
256.38
255.208
240.95
248.258
242.476
249.183
244.079
245.764
237.413
241.445
235.135
232.733
229.465
234.433
229.406
230.363
221.532
223.582
236.895
224.902
221.543
237.319
229.355
236.288
241.343
237.299
242.34
240.343
243.12
242.377
249.395
250.886
266.702
266.538
264.474
278.636
286.742
294.66
293.232
303.203
305.891
310.155
315.598
316.611
315.535
326.046
327.603
325.989
328.017
325.921
326.044
330.99
326.017
331.963
330.978
330.994
326.007
336.275
327.028
330.963
326.999
332.062
333.056
331.084
326.058
332.051
333.123
331.118
333.125
327.719
320.22
