336.907
329.82
328.497
319.114
323.13
320.11
324.103
317.125
323.679
324.002
321.463
325.566
321.579
315.597
320.57
322.636
315.606
317.607
321.574
311.231
319.277
319.538
314.621
319.687
313.736
324.152
324.124
322.08
320.713
318.707
319.651
316.649
316.651
320.652
320.65
318.59
319.554
315.593
320.56
318.14
317.03
310.577
308.633
306.743
304.094
303.618
296.086
293.791
301.127
296.635
280.74
283.737
274.547
271.876
275.69
271.632
268.192
268.095
266.262
256.38
253.208
244.95
248.258
234.476
243.183
242.079
238.764
235.413
242.445
242.135
241.733
227.465
228.433
228.406
232.363
224.532
228.582
242.895
232.902
226.543
241.319
238.355
246.288
238.343
237.299
235.34
243.343
246.12
248.377
246.395
250.886
261.702
265.538
269.474
284.636
283.742
290.66
298.232
303.203
312.891
305.155
306.598
321.611
325.535
330.046
327.603
330.989
325.017
333.921
334.044
327.99
332.017
331.963
323.978
331.994
336.007
329.275
326.028
331.963
329.999
333.062
334.056
337.084
334.058
326.051
330.123
331.118
335.125
320.719
324.22
