350.907
328.82
325.497
341.114
342.13
333.11
318.103
333.125
336.679
342.002
346.463
332.566
341.579
335.597
330.57
336.636
325.606
327.607
320.574
319.231
322.277
339.538
334.621
340.687
325.736
330.152
332.124
326.08
343.713
335.707
334.651
338.649
332.651
326.652
329.65
331.59
328.554
337.593
329.56
331.14
338.03
312.577
313.633
316.743
302.094
316.618
318.086
312.791
309.127
285.635
282.74
283.737
303.547
299.876
287.69
266.632
274.192
278.095
270.262
273.38
265.208
260.95
261.258
255.476
271.183
257.079
249.764
249.413
239.445
254.135
246.733
244.465
238.433
243.406
239.363
230.532
235.582
247.895
259.902
236.543
253.319
243.355
252.288
252.343
258.299
245.34
241.343
250.12
245.377
261.395
266.886
275.702
289.538
283.474
272.636
304.742
302.66
302.232
311.203
314.891
323.155
334.598
341.611
326.535
333.046
336.603
332.989
337.017
342.921
342.044
346.99
347.017
341.963
345.978
337.994
328.007
347.275
341.028
342.963
339.999
333.062
353.056
325.084
328.058
350.051
343.123
330.118
358.125
347.719
321.22
