338.907
330.82
320.497
323.114
329.13
322.11
333.103
324.125
317.679
321.002
315.463
324.566
322.579
324.597
318.57
327.636
326.606
333.607
322.574
315.231
321.277
322.538
327.621
325.687
335.736
330.152
331.124
320.08
333.713
323.707
320.651
320.649
323.651
320.652
325.65
323.59
325.554
329.593
319.56
313.14
318.03
314.577
321.633
304.743
310.094
305.618
296.086
302.791
302.127
289.635
291.74
274.737
283.547
280.876
270.69
274.632
273.192
274.095
265.262
260.38
260.208
255.95
238.258
250.476
246.183
244.079
245.764
242.413
247.445
239.135
228.733
232.465
236.433
231.406
242.363
230.532
231.582
239.895
230.902
234.543
239.319
229.355
252.288
245.343
240.299
251.34
247.343
252.12
248.377
258.395
247.886
271.702
283.538
275.474
283.636
282.742
294.66
303.232
311.203
323.891
322.155
320.598
323.611
326.535
323.046
336.603
329.989
329.017
337.921
333.044
337.99
334.017
333.963
339.978
322.994
332.007
342.275
345.028
331.963
327.999
340.062
339.056
321.084
324.058
325.051
341.123
343.118
338.125
326.719
326.22
