346.907
342.82
329.497
327.114
334.13
328.11
322.103
334.125
318.679
335.002
335.463
330.566
321.579
337.597
338.57
316.636
330.606
328.607
325.574
319.231
330.277
328.538
327.621
334.687
315.736
328.152
332.124
335.08
325.713
327.707
326.651
327.649
331.651
334.652
333.65
326.59
333.554
329.593
319.56
324.14
333.03
318.577
308.633
308.743
302.094
298.618
290.086
309.791
307.127
298.635
299.74
273.737
282.547
276.876
277.69
289.632
281.192
271.095
271.262
259.38
251.208
242.95
262.258
241.476
268.183
244.079
243.764
239.413
250.445
249.135
248.733
228.465
249.433
235.406
236.363
225.532
232.582
234.895
246.902
231.543
252.319
243.355
234.288
247.343
247.299
246.34
241.343
252.12
245.377
257.395
248.886
265.702
275.538
270.474
287.636
277.742
290.66
306.232
311.203
322.891
319.155
313.598
333.611
323.535
338.046
335.603
336.989
323.017
322.921
345.044
339.99
347.017
337.963
342.978
336.994
343.007
351.275
331.028
330.963
332.999
339.062
349.056
340.084
337.058
346.051
338.123
336.118
339.125
338.719
338.22
