349.907
328.82
329.497
344.114
345.13
332.11
322.103
336.125
335.679
345.002
349.463
330.566
340.579
334.597
333.57
336.636
324.606
330.607
324.574
324.231
320.277
337.538
339.621
340.687
329.736
335.152
337.124
330.08
343.713
334.707
339.651
342.649
335.651
331.652
332.65
335.59
332.554
336.593
327.56
335.14
341.03
311.577
318.633
315.743
302.094
320.618
318.086
312.791
312.127
289.635
281.74
288.737
308.547
304.876
292.69
270.632
272.192
282.095
268.262
272.38
263.208
258.95
259.258
254.476
269.183
256.079
253.764
248.413
237.445
258.135
250.733
242.465
243.433
241.406
243.363
228.532
239.582
247.895
259.902
236.543
258.319
248.355
250.288
251.343
258.299
245.34
239.343
254.12
244.377
260.395
269.886
274.702
288.538
287.474
275.636
304.742
301.66
306.232
316.203
317.891
322.155
333.598
341.611
325.535
338.046
336.603
331.989
340.017
345.921
347.044
346.99
347.017
341.963
349.978
335.994
328.007
346.275
346.028
342.963
343.999
333.062
353.056
330.084
326.058
354.051
342.123
335.118
356.125
345.719
321.22
