333.907
336.82
332.497
343.114
333.13
330.11
330.103
327.125
343.679
334.002
331.463
332.566
324.579
338.597
327.57
330.636
325.606
341.607
335.574
333.231
332.277
319.538
331.621
331.687
334.736
336.152
343.124
323.08
323.713
333.707
324.651
336.649
336.651
322.652
309.65
332.59
327.554
323.593
328.56
336.14
335.03
325.577
333.633
305.743
326.094
324.618
306.086
303.791
310.127
305.635
311.74
294.737
287.547
275.876
278.69
279.632
265.192
292.095
292.262
272.38
252.208
256.95
257.258
241.476
261.183
258.079
259.764
258.413
242.445
250.135
252.733
254.465
237.433
243.406
242.363
246.532
233.582
235.895
245.902
235.543
252.319
249.355
252.288
264.343
257.299
240.34
252.343
263.12
254.377
251.395
250.886
275.702
270.538
275.474
294.636
279.742
304.66
299.232
314.203
318.891
322.155
329.598
315.611
332.535
335.046
324.603
338.989
337.017
354.921
344.044
337.99
341.017
339.963
335.978
341.994
345.007
347.275
330.028
346.963
336.999
335.062
334.056
352.084
357.058
355.051
345.123
346.118
350.125
335.719
344.22
