335.907
329.82
343.497
341.114
327.13
324.11
341.103
329.125
322.679
334.002
318.463
333.566
335.579
305.597
350.57
333.636
327.606
323.607
335.574
335.231
334.277
317.538
324.621
331.687
336.736
329.152
334.124
354.08
344.713
328.707
319.651
331.649
319.651
343.652
328.65
315.59
322.554
344.593
337.56
317.14
329.03
327.577
328.633
314.743
313.094
307.618
303.086
297.791
316.127
284.635
303.74
286.737
289.547
287.876
287.69
279.632
276.192
271.095
263.262
253.38
258.208
262.95
260.258
243.476
267.183
253.079
259.764
260.413
253.445
253.135
250.733
251.465
231.433
236.406
238.363
249.532
230.582
247.895
243.902
224.543
256.319
236.355
255.288
249.343
237.299
250.34
241.343
246.12
256.377
245.395
256.886
265.702
280.538
283.474
286.636
303.742
305.66
298.232
328.203
316.891
316.155
324.598
343.611
326.535
338.046
338.603
334.989
340.017
337.921
331.044
354.99
347.017
329.963
345.978
342.994
334.007
340.275
339.028
337.963
333.999
338.062
340.056
348.084
337.058
342.051
347.123
327.118
344.125
340.719
335.22
