342.907
334.82
350.497
331.114
321.13
340.11
322.103
330.125
338.679
338.002
337.463
339.566
350.579
334.597
327.57
326.636
325.606
336.607
348.574
334.231
332.277
360.538
336.621
338.687
346.736
340.152
331.124
340.08
320.713
325.707
325.651
334.649
321.651
325.652
317.65
324.59
338.554
337.593
352.56
340.14
331.03
329.577
333.633
338.743
309.094
318.618
304.086
305.791
316.127
297.635
297.74
283.737
301.547
282.876
277.69
286.632
273.192
280.095
280.262
267.38
262.208
238.95
261.258
255.476
263.183
255.079
275.764
254.413
250.445
257.135
249.733
249.465
243.433
255.406
250.363
256.532
239.582
238.895
245.902
233.543
248.319
259.355
247.288
247.343
251.299
237.34
254.343
266.12
253.377
254.395
255.886
286.702
274.538
264.474
282.636
286.742
300.66
319.232
319.203
323.891
310.155
324.598
327.611
328.535
333.046
346.603
339.989
339.017
340.921
329.044
341.99
341.017
343.963
356.978
333.994
359.007
345.275
343.028
327.963
354.999
338.062
353.056
339.084
320.058
355.051
360.123
343.118
353.125
345.719
347.22
