326.907
327.82
323.497
321.114
324.13
319.11
325.103
325.125
316.679
326.002
315.463
322.566
321.579
320.597
320.57
315.636
321.606
322.607
317.574
317.231
317.277
320.538
315.621
315.687
316.736
326.152
324.124
324.08
315.713
317.707
320.651
321.649
322.651
320.652
316.65
317.59
315.554
320.593
320.56
318.14
314.03
313.577
315.633
302.743
304.094
296.618
293.086
294.791
292.127
293.635
287.74
279.737
275.547
266.876
268.69
271.632
268.192
268.095
262.262
250.38
255.208
239.95
243.258
236.476
243.183
242.079
238.764
240.413
237.445
240.135
238.733
235.465
228.433
228.406
233.363
227.532
221.582
237.895
224.902
222.543
240.319
229.355
242.288
242.343
240.299
235.34
242.343
247.12
248.377
243.395
251.886
261.702
268.538
265.474
273.636
286.742
287.66
291.232
300.203
311.891
306.155
310.598
316.611
321.535
319.046
324.603
326.989
328.017
330.921
327.044
332.99
327.017
325.963
330.978
331.994
331.007
331.275
328.028
332.963
326.999
328.062
328.056
327.084
332.058
331.051
327.123
331.118
331.125
329.719
324.22
