344.907
334.82
345.497
333.114
317.13
335.11
322.103
330.125
339.679
340.002
332.463
336.566
345.579
330.597
329.57
321.636
322.606
338.607
344.574
334.231
327.277
356.538
331.621
335.687
341.736
341.152
326.124
335.08
321.713
326.707
322.651
334.649
323.651
321.652
319.65
321.59
338.554
338.593
349.56
336.14
328.03
324.577
330.633
333.743
310.094
315.618
305.086
306.791
312.127
292.635
297.74
285.737
298.547
282.876
278.69
287.632
270.192
276.095
275.262
267.38
263.208
234.95
262.258
250.476
258.183
256.079
271.764
249.413
252.445
254.135
249.733
246.465
239.433
255.406
252.363
257.532
235.582
239.895
247.902
229.543
245.319
261.355
247.288
242.343
252.299
238.34
250.343
261.12
248.377
254.395
252.886
287.702
271.538
266.474
277.636
281.742
295.66
321.232
316.203
323.891
311.155
319.598
323.611
330.535
333.046
341.603
341.989
340.017
340.921
330.044
343.99
338.017
338.963
357.978
329.994
355.007
346.275
340.028
327.963
350.999
333.062
355.056
336.084
320.058
355.051
355.123
343.118
350.125
341.719
342.22
