362.907
351.82
342.497
328.114
348.13
326.11
329.103
346.125
317.679
342.002
332.463
330.566
325.579
341.597
349.57
326.636
332.606
331.607
332.574
322.231
338.277
336.538
330.621
336.687
315.736
335.152
336.124
346.08
330.713
337.707
339.651
340.649
344.651
345.652
348.65
330.59
336.554
330.593
329.56
329.14
337.03
332.577
311.633
313.743
304.094
313.618
299.086
306.791
312.127
309.635
311.74
281.737
296.547
281.876
287.69
298.632
283.192
282.095
268.262
269.38
258.208
246.95
265.258
248.476
274.183
247.079
237.764
244.413
261.445
266.135
255.733
241.465
252.433
240.406
238.363
237.532
232.582
237.895
256.902
233.543
260.319
250.355
242.288
248.343
265.299
248.34
256.343
254.12
250.377
269.395
255.886
270.702
277.538
269.474
280.636
293.742
302.66
317.232
320.203
332.891
317.155
317.598
334.611
324.535
339.046
346.603
349.989
318.017
331.921
346.044
357.99
353.017
338.963
342.978
343.994
338.007
355.275
342.028
340.963
340.999
338.062
348.056
345.084
341.058
352.051
347.123
335.118
355.125
348.719
334.22
