326.907
331.82
324.497
324.114
324.13
325.11
321.103
321.125
322.679
324.002
320.463
316.566
320.579
315.597
321.57
317.636
315.606
316.607
315.574
319.231
313.277
320.538
321.621
315.687
322.736
321.152
320.124
321.08
315.713
320.707
317.651
317.649
316.651
321.652
315.65
321.59
317.554
320.593
320.56
318.14
319.03
309.577
315.633
308.743
299.094
296.618
291.086
288.791
292.127
289.635
281.74
280.737
274.547
267.876
266.69
271.632
268.192
265.095
257.262
251.38
251.208
238.95
248.258
237.476
248.183
247.079
238.764
242.413
242.445
240.135
238.733
234.465
233.433
234.406
235.363
228.532
222.582
231.895
229.902
223.543
237.319
233.355
237.288
236.343
240.299
241.34
240.343
247.12
247.377
248.395
252.886
264.702
266.538
268.474
273.636
286.742
293.66
292.232
303.203
305.891
311.155
309.598
320.611
317.535
325.046
327.603
331.989
333.017
325.921
333.044
330.99
333.017
332.963
332.978
331.994
333.007
336.275
333.028
325.963
325.999
327.062
333.056
326.084
331.058
333.051
332.123
332.118
333.125
327.719
325.22
