348.907
348.82
344.497
345.114
321.13
351.11
338.103
340.125
338.679
335.002
335.463
337.566
336.579
325.597
325.57
337.636
338.606
342.607
335.574
336.231
327.277
325.538
323.621
330.687
319.736
331.152
319.124
332.08
322.713
334.707
340.651
346.649
338.651
323.652
331.65
354.59
341.554
316.593
334.56
322.14
307.03
316.577
321.633
321.743
316.094
318.618
304.086
295.791
309.127
305.635
300.74
300.737
304.547
273.876
281.69
286.632
286.192
281.095
276.262
270.38
270.208
254.95
262.258
251.476
265.183
248.079
268.764
255.413
256.445
255.135
244.733
258.465
231.433
257.406
237.363
234.532
232.582
246.895
233.902
252.543
246.319
236.355
256.288
250.343
239.299
254.34
241.343
269.12
262.377
239.395
247.886
265.702
287.538
263.474
286.636
293.742
311.66
327.232
316.203
318.891
327.155
327.598
339.611
325.535
335.046
349.603
346.989
330.017
335.921
355.044
352.99
353.017
335.963
340.978
338.994
342.007
339.275
351.028
355.963
341.999
355.062
353.056
335.084
338.058
343.051
349.123
357.118
347.125
342.719
332.22
