347.907
330.82
327.497
338.114
338.13
333.11
319.103
330.125
331.679
339.002
341.463
334.566
341.579
330.597
327.57
331.636
327.606
322.607
321.574
316.231
323.277
336.538
335.621
335.687
325.736
330.152
333.124
328.08
340.713
331.707
336.651
334.649
329.651
327.652
329.65
331.59
330.554
338.593
330.56
333.14
335.03
309.577
315.633
312.743
297.094
312.618
313.086
312.791
304.127
287.635
279.74
283.737
303.547
294.876
282.69
267.632
276.192
274.095
272.262
273.38
266.208
261.95
261.258
250.476
268.183
252.079
244.764
245.413
240.445
251.135
241.733
244.465
240.433
238.406
241.363
226.532
232.582
248.895
255.902
232.543
249.319
239.355
252.288
249.343
253.299
241.34
238.343
251.12
245.377
256.395
266.886
271.702
291.538
279.474
274.636
300.742
297.66
304.232
308.203
311.891
318.155
329.598
337.611
321.535
333.046
336.603
333.989
339.017
337.921
339.044
341.99
348.017
341.963
341.978
338.994
329.007
343.275
342.028
338.963
336.999
335.062
349.056
326.084
329.058
351.051
343.123
332.118
355.125
344.719
322.22
