327.907
331.82
322.497
321.114
321.13
324.11
320.103
326.125
317.679
320.002
315.463
321.566
322.579
315.597
321.57
315.636
322.606
316.607
322.574
317.231
317.277
316.538
321.621
316.687
320.736
319.152
324.124
326.08
322.713
321.707
321.651
317.649
321.651
317.652
320.65
315.59
321.554
321.593
317.56
318.14
312.03
315.577
309.633
308.743
304.094
295.618
293.086
288.791
297.127
288.635
287.74
274.737
280.547
271.876
268.69
267.632
264.192
264.095
256.262
254.38
250.208
244.95
243.258
237.476
243.183
244.079
243.764
241.413
242.445
240.135
237.733
230.465
228.433
230.406
229.363
228.532
222.582
238.895
229.902
223.543
242.319
233.355
241.288
242.343
235.299
240.34
240.343
247.12
248.377
244.395
245.886
260.702
273.538
263.474
273.636
286.742
292.66
297.232
300.203
305.891
305.155
315.598
321.611
322.535
326.046
329.603
327.989
332.017
327.921
328.044
330.99
333.017
327.963
327.978
327.994
328.007
331.275
326.028
330.963
327.999
331.062
333.056
331.084
328.058
328.051
326.123
326.118
328.125
329.719
326.22
