314.907
341.82
341.497
335.114
332.13
341.11
342.103
348.125
334.679
325.002
340.463
325.566
356.579
328.597
326.57
334.636
327.606
335.607
339.574
320.231
335.277
341.538
327.621
339.687
342.736
350.152
326.124
333.08
315.713
340.707
318.651
324.649
334.651
328.652
341.65
337.59
338.554
337.593
328.56
336.14
326.03
312.577
328.633
325.743
302.094
313.618
320.086
300.791
307.127
303.635
292.74
285.737
295.547
296.876
277.69
296.632
278.192
282.095
263.262
262.38
252.208
264.95
265.258
256.476
254.183
272.079
246.764
245.413
257.445
253.135
252.733
234.465
242.433
255.406
241.363
237.532
233.582
259.895
250.902
241.543
246.319
244.355
240.288
254.343
249.299
264.34
251.343
260.12
252.377
255.395
255.886
286.702
281.538
276.474
282.636
278.742
313.66
304.232
312.203
329.891
329.155
339.598
322.611
330.535
328.046
346.603
340.989
355.017
348.921
354.044
333.99
351.017
359.963
349.978
332.994
345.007
345.275
338.028
319.963
346.999
352.062
342.056
349.084
338.058
349.051
359.123
345.118
359.125
355.719
336.22
