332.907
348.82
330.497
328.114
331.13
329.11
343.103
331.125
328.679
335.002
338.463
327.566
317.579
330.597
341.57
342.636
315.606
316.607
321.574
324.231
319.277
339.538
327.621
333.687
335.736
338.152
334.124
331.08
331.713
326.707
328.651
332.649
321.651
332.652
323.65
329.59
325.554
327.593
323.56
334.14
330.03
324.577
320.633
324.743
300.094
321.618
292.086
297.791
311.127
294.635
294.74
299.737
295.547
282.876
269.69
274.632
267.192
269.095
273.262
270.38
274.208
248.95
264.258
258.476
247.183
254.079
237.764
246.413
241.445
245.135
250.733
253.465
243.433
238.406
245.363
238.532
230.582
249.895
230.902
240.543
242.319
254.355
248.288
247.343
263.299
258.34
246.343
266.12
244.377
252.395
251.886
269.702
282.538
281.474
285.636
284.742
291.66
291.232
326.203
319.891
317.155
329.598
322.611
323.535
321.046
345.603
332.989
329.017
335.921
342.044
336.99
336.017
341.963
343.978
331.994
342.007
335.275
332.028
333.963
349.999
344.062
338.056
339.084
340.058
342.051
333.123
338.118
334.125
336.719
336.22
