337.907
335.82
337.497
325.114
338.13
333.11
341.103
325.125
339.679
330.002
321.463
335.566
333.579
333.597
321.57
328.636
338.606
345.607
343.574
325.231
323.277
328.538
342.621
337.687
349.736
345.152
352.124
323.08
347.713
337.707
324.651
330.649
331.651
321.652
327.65
329.59
335.554
338.593
330.56
325.14
331.03
329.577
340.633
313.743
313.094
307.618
307.086
307.791
312.127
311.635
287.74
283.737
291.547
290.876
284.69
295.632
284.192
282.095
283.262
263.38
272.208
253.95
247.258
256.476
248.183
248.079
245.764
252.413
264.445
249.135
243.733
236.465
240.433
246.406
262.363
237.532
239.582
249.895
240.902
238.543
255.319
229.355
262.288
253.343
253.299
258.34
268.343
254.12
262.377
266.395
270.886
276.702
301.538
286.474
297.636
296.742
295.66
311.232
324.203
332.891
329.155
326.598
328.611
333.535
333.046
340.603
336.989
338.017
346.921
343.044
351.99
343.017
346.963
343.978
331.994
346.007
343.275
349.028
337.963
333.999
355.062
340.056
333.084
323.058
328.051
346.123
350.118
356.125
332.719
346.22
