344.907
331.82
329.497
333.114
333.13
334.11
320.103
332.125
331.679
334.002
336.463
336.566
343.579
325.597
327.57
326.636
329.606
323.607
316.574
317.231
323.277
332.538
330.621
337.687
322.736
327.152
328.124
330.08
335.713
327.707
336.651
329.649
331.651
328.652
329.65
328.59
325.554
334.593
326.56
335.14
335.03
311.577
316.633
312.743
299.094
308.618
310.086
312.791
299.127
283.635
281.74
278.737
298.547
289.876
282.69
268.632
273.192
274.095
269.262
275.38
263.208
262.95
263.258
250.476
264.183
253.079
244.764
240.413
242.445
248.135
236.733
244.465
241.433
235.406
237.363
227.532
234.582
245.895
250.902
233.543
244.319
234.355
252.288
249.343
255.299
243.34
234.343
246.12
247.377
252.395
262.886
273.702
286.538
281.474
271.636
301.742
294.66
306.232
310.203
306.891
314.155
329.598
332.611
316.535
334.046
337.603
334.989
336.017
338.921
340.044
338.99
345.017
338.963
338.978
340.994
330.007
340.275
343.028
339.963
333.999
335.062
344.056
327.084
330.058
346.051
338.123
327.118
351.125
339.719
318.22
