351.907
346.82
327.497
347.114
338.13
339.11
342.103
348.125
334.679
346.002
321.463
331.566
321.579
334.597
318.57
341.636
317.606
342.607
327.574
339.231
316.277
339.538
334.621
322.687
335.736
335.152
326.124
335.08
335.713
324.707
324.651
334.649
334.651
336.652
322.65
331.59
337.554
325.593
329.56
336.14
325.03
324.577
321.633
313.743
308.094
309.618
300.086
297.791
301.127
315.635
304.74
298.737
302.547
287.876
282.69
272.632
280.192
277.095
268.262
264.38
260.208
257.95
254.258
258.476
275.183
254.079
238.764
241.413
258.445
255.135
251.733
242.465
246.433
233.406
255.363
247.532
240.582
266.895
235.902
245.543
259.319
239.355
237.288
251.343
257.299
250.34
250.343
256.12
246.377
253.395
264.886
270.702
292.538
271.474
301.636
296.742
295.66
301.232
310.203
314.891
334.155
316.598
328.611
321.535
339.046
346.603
335.989
342.017
352.921
339.044
348.99
351.017
327.963
339.978
347.994
339.007
351.275
350.028
341.963
330.999
343.062
343.056
346.084
353.058
330.051
354.123
332.118
339.125
336.719
332.22
