349.907
349.82
329.497
333.114
340.13
340.11
347.103
334.125
322.679
327.002
335.463
327.566
328.579
339.597
325.57
321.636
322.606
337.607
334.574
328.231
340.277
337.538
335.621
322.687
328.736
338.152
342.124
335.08
326.713
335.707
344.651
321.649
330.651
342.652
322.65
331.59
326.554
335.593
338.56
325.14
324.03
311.577
317.633
315.743
315.094
319.618
295.086
299.791
315.127
306.635
282.74
282.737
274.547
279.876
284.69
289.632
285.192
268.095
276.262
279.38
267.208
248.95
254.258
247.476
252.183
256.079
262.764
245.413
260.445
241.135
246.733
261.465
245.433
245.406
234.363
246.532
251.582
243.895
236.902
240.543
241.319
237.355
253.288
247.343
263.299
258.34
260.343
264.12
246.377
278.395
263.886
265.702
272.538
277.474
275.636
297.742
314.66
307.232
333.203
329.891
316.155
321.598
333.611
334.535
328.046
330.603
336.989
328.017
339.921
327.044
349.99
346.017
336.963
335.978
338.994
356.007
353.275
337.028
362.963
347.999
350.062
340.056
343.084
331.058
335.051
346.123
334.118
337.125
336.719
346.22
