347.907
336.82
337.497
356.114
337.13
343.11
332.103
325.125
342.679
333.002
328.463
336.566
331.579
325.597
333.57
323.636
333.606
336.607
326.574
325.231
334.277
347.538
321.621
318.687
343.736
337.152
344.124
359.08
329.713
332.707
321.651
338.649
337.651
323.652
324.65
340.59
325.554
339.593
346.56
323.14
319.03
328.577
313.633
319.743
334.094
302.618
305.086
303.791
311.127
311.635
303.74
286.737
295.547
283.876
283.69
282.632
272.192
281.095
277.262
264.38
268.208
254.95
257.258
245.476
261.183
259.079
267.764
251.413
253.445
263.135
239.733
241.465
251.433
228.406
237.363
248.532
244.582
252.895
247.902
242.543
257.319
248.355
259.288
258.343
252.299
259.34
253.343
272.12
255.377
258.395
251.886
269.702
286.538
275.474
290.636
299.742
307.66
296.232
312.203
312.891
329.155
329.598
329.611
323.535
331.046
343.603
340.989
353.017
340.921
358.044
343.99
336.017
354.963
350.978
333.994
332.007
333.275
332.028
341.963
344.999
346.062
347.056
333.084
329.058
337.051
343.123
345.118
346.125
352.719
318.22
