336.907
330.82
332.497
324.114
323.13
325.11
317.103
323.125
326.679
318.002
320.463
323.566
321.579
322.597
315.57
316.636
320.606
327.607
320.574
314.231
317.277
324.538
320.621
314.687
321.736
317.152
324.124
330.08
315.713
319.707
313.651
326.649
324.651
318.652
316.65
319.59
314.554
316.593
318.56
322.14
316.03
311.577
312.633
310.743
309.094
293.618
300.086
293.791
295.127
292.635
285.74
277.737
273.547
270.876
272.69
271.632
268.192
270.095
266.262
252.38
253.208
241.95
249.258
244.476
248.183
242.079
249.764
244.413
240.445
247.135
231.733
233.465
231.433
232.406
228.363
227.532
231.582
243.895
231.902
225.543
240.319
233.355
240.288
240.343
239.299
240.34
240.343
251.12
246.377
241.395
246.886
257.702
269.538
264.474
284.636
286.742
297.66
290.232
298.203
309.891
304.155
308.598
326.611
319.535
318.046
321.603
326.989
329.017
334.921
333.044
331.99
337.017
333.963
336.978
329.994
327.007
328.275
327.028
335.963
335.999
331.062
332.056
335.084
330.058
325.051
332.123
330.118
326.125
333.719
320.22
