328.907
325.82
333.497
319.114
329.13
325.11
330.103
317.125
325.679
320.002
315.463
320.566
322.579
317.597
320.57
314.636
321.606
316.607
325.574
321.231
315.277
325.538
324.621
313.687
314.736
319.152
321.124
329.08
316.713
317.707
314.651
319.649
319.651
320.652
319.65
319.59
313.554
325.593
315.56
318.14
318.03
315.577
312.633
304.743
298.094
292.618
290.086
296.791
296.127
289.635
285.74
275.737
271.547
270.876
271.69
273.632
263.192
262.095
260.262
256.38
260.208
240.95
253.258
246.476
253.183
242.079
249.764
240.413
245.445
233.135
237.733
232.465
233.433
227.406
229.363
225.532
226.582
239.895
228.902
220.543
235.319
229.355
240.288
241.343
236.299
245.34
243.343
243.12
240.377
252.395
250.886
264.702
270.538
264.474
278.636
286.742
298.66
293.232
301.203
310.891
308.155
313.598
319.611
313.535
329.046
325.603
323.989
331.017
330.921
329.044
330.99
324.017
335.963
333.978
334.994
331.007
339.275
331.028
330.963
331.999
330.062
338.056
334.084
329.058
332.051
333.123
334.118
336.125
330.719
325.22
