335.907
325.82
327.497
319.114
330.13
320.11
319.103
330.125
324.679
320.002
319.463
318.566
318.579
324.597
325.57
321.636
320.606
318.607
318.574
315.231
317.277
317.538
320.621
325.687
324.736
329.152
321.124
319.08
321.713
322.707
313.651
319.649
319.651
326.652
322.65
324.59
326.554
327.593
325.56
317.14
318.03
308.577
313.633
307.743
304.094
299.618
296.086
292.791
298.127
292.635
284.74
276.737
274.547
275.876
273.69
272.632
266.192
268.095
257.262
250.38
252.208
250.95
246.258
245.476
252.183
248.079
239.764
240.413
247.445
243.135
241.733
233.465
228.433
234.406
230.363
229.532
226.582
233.895
229.902
227.543
240.319
238.355
236.288
239.343
235.299
244.34
242.343
250.12
247.377
249.395
250.886
262.702
278.538
268.474
271.636
284.742
287.66
297.232
302.203
310.891
304.155
309.598
323.611
326.535
328.046
326.603
335.989
335.017
331.921
330.044
334.99
328.017
325.963
325.978
329.994
332.007
333.275
331.028
331.963
334.999
331.062
335.056
335.084
331.058
332.051
334.123
334.118
324.125
325.719
322.22
