344.907
341.82
338.497
323.114
324.13
324.11
330.103
324.125
334.679
330.002
323.463
327.566
324.579
321.597
328.57
328.636
314.606
314.607
327.574
317.231
321.277
316.538
319.621
320.687
313.736
330.152
320.124
323.08
325.713
327.707
320.651
323.649
320.651
327.652
320.65
320.59
330.554
323.593
325.56
319.14
327.03
319.577
314.633
318.743
306.094
308.618
301.086
300.791
303.127
313.635
286.74
301.737
275.547
271.876
276.69
281.632
278.192
276.095
274.262
262.38
254.208
256.95
258.258
245.476
251.183
242.079
249.764
241.413
246.445
252.135
253.733
230.465
244.433
236.406
232.363
224.532
245.582
248.895
231.902
227.543
255.319
233.355
255.288
248.343
248.299
236.34
257.343
251.12
255.377
249.395
265.886
262.702
265.538
278.474
291.636
286.742
297.66
300.232
307.203
316.891
306.155
301.598
326.611
331.535
334.046
332.603
339.989
329.017
341.921
345.044
334.99
337.017
333.963
322.978
336.994
338.007
335.275
328.028
338.963
336.999
340.062
344.056
342.084
339.058
337.051
332.123
331.118
336.125
331.719
330.22
