331.907
344.82
331.497
336.114
319.13
330.11
323.103
342.125
317.679
326.002
327.463
336.566
320.579
323.597
327.57
332.636
324.606
325.607
326.574
319.231
314.277
329.538
317.621
313.687
335.736
328.152
329.124
322.08
325.713
324.707
320.651
318.649
338.651
335.652
323.65
318.59
338.554
322.593
326.56
317.14
318.03
322.577
319.633
311.743
298.094
304.618
305.086
296.791
300.127
299.635
295.74
275.737
281.547
274.876
281.69
268.632
278.192
262.095
277.262
254.38
253.208
248.95
242.258
263.476
249.183
250.079
243.764
242.413
244.445
236.135
246.733
245.465
233.433
235.406
233.363
227.532
237.582
235.895
234.902
237.543
246.319
223.355
255.288
246.343
253.299
230.34
242.343
253.12
260.377
253.395
259.886
279.702
278.538
273.474
280.636
296.742
302.66
308.232
310.203
310.891
314.155
312.598
326.611
340.535
329.046
330.603
325.989
326.017
330.921
330.044
332.99
343.017
335.963
337.978
331.994
334.007
336.275
345.028
346.963
334.999
330.062
348.056
326.084
337.058
335.051
328.123
329.118
326.125
317.719
323.22
