340.907
328.82
328.497
319.114
317.13
320.11
322.103
318.125
318.679
332.002
319.463
325.566
329.579
319.597
325.57
324.636
322.606
325.607
325.574
327.231
321.277
332.538
322.621
324.687
331.736
324.152
323.124
326.08
323.713
314.707
318.651
324.649
318.651
313.652
318.65
315.59
317.554
324.593
329.56
322.14
320.03
313.577
320.633
312.743
310.094
301.618
300.086
292.791
296.127
292.635
290.74
279.737
281.547
276.876
272.69
271.632
262.192
271.095
260.262
266.38
254.208
234.95
257.258
237.476
253.183
241.079
255.764
244.413
243.445
244.135
235.733
236.465
238.433
243.406
231.363
234.532
224.582
234.895
227.902
225.543
244.319
238.355
239.288
238.343
248.299
233.34
251.343
253.12
251.377
255.395
255.886
273.702
265.538
266.474
277.636
281.742
291.66
300.232
301.203
315.891
306.155
315.598
327.611
329.535
327.046
329.603
334.989
333.017
331.921
324.044
326.99
325.017
331.963
335.978
322.994
332.007
330.275
333.028
328.963
333.999
330.062
340.056
336.084
324.058
341.051
335.123
329.118
338.125
329.719
327.22
