342.907
335.82
323.497
323.114
332.13
325.11
333.103
328.125
317.679
320.002
319.463
329.566
327.579
328.597
322.57
325.636
330.606
332.607
322.574
320.231
321.277
327.538
325.621
328.687
338.736
329.152
335.124
319.08
337.713
327.707
319.651
324.649
326.651
325.652
325.65
326.59
324.554
327.593
319.56
311.14
321.03
312.577
324.633
309.743
314.094
310.618
301.086
305.791
305.127
294.635
289.74
272.737
282.547
284.876
273.69
277.632
278.192
277.095
265.262
258.38
259.208
253.95
237.258
255.476
249.183
249.079
244.764
247.413
250.445
242.135
232.733
230.465
241.433
231.406
242.363
235.532
234.582
244.895
230.902
232.543
237.319
229.355
256.288
250.343
243.299
256.34
252.343
251.12
253.377
263.395
251.886
269.702
286.538
274.474
283.636
282.742
292.66
301.232
316.203
323.891
321.155
323.598
323.611
329.535
326.046
340.603
327.989
333.017
336.921
331.044
337.99
339.017
336.963
344.978
327.994
335.007
342.275
349.028
331.963
325.999
339.062
338.056
321.084
324.058
328.051
339.123
341.118
342.125
325.719
330.22
