345.907
340.82
333.497
341.114
338.13
322.11
332.103
328.125
334.679
329.002
327.463
329.566
325.579
332.597
342.57
316.636
341.606
329.607
328.574
327.231
330.277
319.538
335.621
314.687
330.736
341.152
340.124
339.08
333.713
317.707
325.651
331.649
324.651
323.652
324.65
318.59
336.554
325.593
340.56
323.14
325.03
320.577
313.633
313.743
308.094
311.618
300.086
314.791
306.127
286.635
301.74
291.737
289.547
279.876
264.69
272.632
274.192
274.095
277.262
262.38
263.208
241.95
257.258
249.476
257.183
250.079
245.764
241.413
236.445
243.135
244.733
234.465
246.433
236.406
242.363
231.532
235.582
241.895
236.902
240.543
244.319
238.355
244.288
254.343
242.299
251.34
246.343
249.12
259.377
257.395
255.886
256.702
276.538
268.474
285.636
294.742
290.66
298.232
303.203
322.891
324.155
327.598
332.611
324.535
345.046
328.603
337.989
336.017
335.921
342.044
329.99
329.017
335.963
339.978
322.994
339.007
348.275
332.028
335.963
329.999
336.062
341.056
344.084
324.058
336.051
337.123
335.118
343.125
330.719
330.22
