331.907
345.82
328.497
331.114
339.13
330.11
318.103
332.125
322.679
336.002
325.463
329.566
323.579
322.597
326.57
329.636
338.606
337.607
327.574
308.231
323.277
331.538
323.621
324.687
328.736
341.152
335.124
339.08
327.713
331.707
327.651
337.649
318.651
316.652
325.65
330.59
332.554
335.593
322.56
338.14
328.03
323.577
329.633
307.743
308.094
294.618
303.086
305.791
303.127
291.635
297.74
289.737
284.547
277.876
278.69
277.632
269.192
275.095
266.262
260.38
271.208
250.95
259.258
251.476
254.183
261.079
249.764
253.413
253.445
247.135
244.733
247.465
250.433
239.406
243.363
216.532
230.582
251.895
242.902
239.543
241.319
247.355
263.288
256.343
245.299
256.34
242.343
257.12
245.377
255.395
250.886
276.702
267.538
282.474
294.636
294.742
312.66
304.232
311.203
320.891
333.155
326.598
342.611
330.535
321.046
324.603
341.989
340.017
336.921
348.044
336.99
332.017
330.963
330.978
323.994
338.007
338.275
343.028
334.963
334.999
337.062
338.056
343.084
338.058
329.051
332.123
338.118
335.125
332.719
324.22
