336.907
325.82
328.497
319.114
317.13
321.11
324.103
318.125
320.679
329.002
316.463
326.566
324.579
316.597
325.57
326.636
319.606
320.607
320.574
322.231
317.277
327.538
319.621
326.687
327.736
325.152
323.124
321.08
320.713
315.707
320.651
325.649
315.651
315.652
319.65
317.59
318.554
325.593
325.56
322.14
317.03
313.577
317.633
307.743
305.094
298.618
302.086
294.791
297.127
287.635
291.74
275.737
281.547
273.876
267.69
271.632
262.192
267.095
260.262
261.38
249.208
236.95
252.258
234.476
248.183
241.079
250.764
240.413
239.445
245.135
237.733
232.465
234.433
239.406
228.363
229.532
220.582
230.895
224.902
225.543
240.319
240.355
240.288
233.343
244.299
234.34
246.343
254.12
247.377
252.395
255.886
268.702
266.538
267.474
277.636
282.742
292.66
296.232
302.203
316.891
308.155
317.598
322.611
325.535
323.046
326.603
330.989
329.017
326.921
325.044
328.99
326.017
332.963
336.978
324.994
333.007
327.275
330.028
325.963
329.999
327.062
335.056
332.084
324.058
336.051
331.123
326.118
338.125
325.719
328.22
