354.907
348.82
341.497
322.114
322.13
326.11
332.103
329.125
337.679
332.002
325.463
328.566
322.579
320.597
329.57
335.636
319.606
324.607
333.574
320.231
325.277
315.538
326.621
323.687
312.736
334.152
319.124
326.08
333.713
324.707
324.651
325.649
328.651
325.652
324.65
324.59
331.554
325.593
328.56
325.14
332.03
322.577
324.633
328.743
308.094
307.618
300.086
299.791
311.127
316.635
289.74
304.737
278.547
280.876
284.69
284.632
280.192
284.095
278.262
266.38
252.208
263.95
266.258
249.476
251.183
250.079
247.764
249.413
254.445
249.135
258.733
229.465
251.433
234.406
240.363
228.532
254.582
250.895
235.902
236.543
257.319
235.355
264.288
251.343
253.299
239.34
262.343
252.12
258.377
251.395
262.886
265.702
273.538
276.474
294.636
289.742
299.66
301.232
305.203
318.891
308.155
303.598
327.611
333.535
339.046
342.603
347.989
336.017
341.921
355.044
331.99
346.017
336.963
324.978
346.994
340.007
337.275
328.028
335.963
341.999
343.062
346.056
350.084
343.058
335.051
334.123
335.118
338.125
338.719
331.22
