334.907
342.82
332.497
332.114
322.13
323.11
321.103
338.125
318.679
323.002
325.463
327.566
317.579
316.597
324.57
330.636
325.606
322.607
323.574
320.231
312.277
324.538
318.621
317.687
328.736
326.152
321.124
321.08
326.713
323.707
312.651
316.649
332.651
327.652
319.65
315.59
328.554
317.593
319.56
316.14
314.03
315.577
315.633
313.743
294.094
295.618
302.086
291.791
299.127
298.635
291.74
277.737
279.547
276.876
281.69
270.632
270.192
263.095
269.262
250.38
251.208
245.95
245.258
255.476
248.183
248.079
239.764
239.413
241.445
239.135
240.733
242.465
230.433
234.406
235.363
224.532
229.582
234.895
231.902
236.543
245.319
224.355
245.288
244.343
243.299
231.34
241.343
250.12
252.377
252.395
261.886
276.702
274.538
271.474
276.636
293.742
300.66
305.232
313.203
306.891
305.155
309.598
321.611
330.535
331.046
328.603
328.989
328.017
328.921
333.044
330.99
334.017
331.963
339.978
327.994
335.007
336.275
342.028
337.963
332.999
332.062
341.056
324.084
328.058
332.051
330.123
328.118
326.125
321.719
327.22
