330.907
330.82
323.497
319.114
326.13
319.11
321.103
325.125
315.679
325.002
320.463
321.566
320.579
321.597
316.57
315.636
321.606
316.607
315.574
314.231
317.277
317.538
320.621
320.687
315.736
326.152
319.124
321.08
322.713
316.707
315.651
321.649
321.651
322.652
317.65
315.59
317.554
320.593
317.56
313.14
313.03
308.577
308.633
306.743
304.094
295.618
292.086
292.791
293.127
288.635
282.74
274.737
273.547
268.876
272.69
267.632
269.192
265.095
262.262
250.38
254.208
245.95
249.258
242.476
244.183
243.079
240.764
236.413
235.445
242.135
237.733
229.465
230.433
234.406
230.363
221.532
223.582
233.895
229.902
222.543
237.319
233.355
236.288
241.343
235.299
235.34
241.343
247.12
243.377
243.395
252.886
260.702
268.538
268.474
275.636
280.742
287.66
293.232
300.203
306.891
310.155
308.598
320.611
322.535
326.046
329.603
330.989
326.017
326.921
331.044
331.99
333.017
326.963
330.978
331.994
331.007
336.275
333.028
326.963
332.999
328.062
328.056
328.084
328.058
326.051
327.123
331.118
328.125
328.719
325.22
