328.907
333.82
324.497
323.114
329.13
323.11
323.103
334.125
332.679
330.002
318.463
331.566
326.579
329.597
329.57
318.636
315.606
319.607
329.574
332.231
333.277
322.538
319.621
325.687
329.736
335.152
335.124
315.08
327.713
320.707
335.651
314.649
329.651
331.652
325.65
338.59
314.554
329.593
325.56
323.14
320.03
322.577
320.633
317.743
311.094
303.618
302.086
304.791
295.127
297.635
296.74
282.737
290.547
275.876
279.69
278.632
275.192
283.095
266.262
252.38
259.208
254.95
262.258
248.476
249.183
261.079
248.764
247.413
261.445
243.135
251.733
233.465
255.433
230.406
250.363
235.532
233.582
248.895
235.902
237.543
256.319
243.355
240.288
251.343
248.299
247.34
246.343
252.12
247.377
252.395
253.886
267.702
283.538
279.474
276.636
293.742
305.66
317.232
310.203
310.891
311.155
316.598
335.611
328.535
338.046
327.603
328.989
349.017
340.921
345.044
339.99
330.017
336.963
341.978
350.994
341.007
330.275
351.028
344.963
351.999
329.062
353.056
332.084
331.058
340.051
333.123
341.118
333.125
333.719
329.22
