332.907
326.82
324.497
319.114
325.13
320.11
319.103
325.125
320.679
320.002
315.463
320.566
320.579
320.597
320.57
316.636
321.606
320.607
315.574
312.231
318.277
317.538
316.621
322.687
321.736
324.152
321.124
321.08
317.713
322.707
315.651
320.649
316.651
321.652
322.65
321.59
321.554
322.593
320.56
314.14
318.03
310.577
314.633
302.743
299.094
300.618
296.086
287.791
293.127
294.635
285.74
273.737
275.547
272.876
273.69
267.632
268.192
263.095
258.262
251.38
254.208
245.95
248.258
241.476
247.183
248.079
240.764
236.413
242.445
240.135
237.733
230.465
230.433
235.406
230.363
226.532
228.582
233.895
225.902
223.543
240.319
234.355
236.288
241.343
236.299
240.34
237.343
247.12
247.377
244.395
245.886
259.702
273.538
268.474
273.636
285.742
289.66
297.232
304.203
311.891
305.155
310.598
320.611
321.535
325.046
322.603
332.989
332.017
332.921
326.044
330.99
328.017
326.963
326.978
330.994
328.007
334.275
332.028
326.963
331.999
327.062
331.056
331.084
328.058
333.051
331.123
331.118
326.125
322.719
319.22
