331.907
342.82
332.497
327.114
331.13
323.11
320.103
328.125
323.679
328.002
321.463
324.566
321.579
320.597
323.57
327.636
334.606
328.607
326.574
309.231
319.277
327.538
316.621
322.687
331.736
336.152
337.124
334.08
325.713
328.707
329.651
328.649
322.651
314.652
329.65
328.59
329.554
332.593
318.56
336.14
324.03
316.577
324.633
307.743
309.094
296.618
303.086
305.791
296.127
288.635
290.74
285.737
286.547
274.876
272.69
276.632
270.192
266.095
262.262
258.38
265.208
252.95
256.258
248.476
253.183
258.079
246.764
245.413
246.445
240.135
246.733
243.465
245.433
240.406
241.363
220.532
229.582
244.895
235.902
232.543
243.319
242.355
259.288
248.343
238.299
249.34
246.343
251.12
242.377
257.395
249.886
269.702
268.538
279.474
284.636
289.742
304.66
306.232
309.203
312.891
323.155
317.598
334.611
330.535
323.046
322.603
338.989
337.017
332.921
351.044
326.99
329.017
329.963
334.978
327.994
335.007
335.275
339.028
330.963
332.999
332.062
335.056
343.084
337.058
327.051
328.123
331.118
336.125
327.719
325.22
