344.907
335.82
335.497
346.114
335.13
340.11
322.103
328.125
339.679
332.002
325.463
339.566
330.579
324.597
332.57
324.636
330.606
332.607
328.574
327.231
329.277
338.538
320.621
320.687
341.736
329.152
335.124
353.08
325.713
328.707
319.651
342.649
330.651
320.652
320.65
331.59
318.554
333.593
338.56
327.14
318.03
324.577
314.633
313.743
324.094
301.618
304.086
301.791
308.127
303.635
305.74
285.737
289.547
285.876
280.69
279.632
274.192
276.095
269.262
263.38
265.208
246.95
254.258
243.476
262.183
257.079
263.764
250.413
252.445
264.135
236.733
237.465
246.433
225.406
240.363
247.532
242.582
254.895
242.902
235.543
249.319
250.355
252.288
249.343
249.299
255.34
249.343
262.12
252.377
256.395
247.886
271.702
278.538
277.474
290.636
290.742
308.66
298.232
309.203
316.891
319.155
325.598
326.611
321.535
328.046
342.603
341.989
355.017
336.921
350.044
339.99
332.017
352.963
345.978
332.994
330.007
332.275
322.028
338.963
344.999
337.062
348.056
336.084
331.058
333.051
341.123
335.118
341.125
348.719
316.22
