343.907
336.82
334.497
321.114
326.13
318.11
322.103
320.125
327.679
328.002
322.463
323.566
326.579
317.597
326.57
319.636
311.606
313.607
323.574
314.231
319.277
315.538
319.621
316.687
314.736
326.152
321.124
327.08
316.713
323.707
315.651
315.649
321.651
323.652
318.65
316.59
323.554
320.593
328.56
321.14
320.03
320.577
315.633
316.743
304.094
304.618
299.086
290.791
305.127
304.635
290.74
291.737
275.547
268.876
279.69
275.632
276.192
276.095
270.262
254.38
251.208
253.95
256.258
242.476
246.183
245.079
246.764
238.413
244.445
245.135
250.733
229.465
236.433
237.406
229.363
226.532
236.582
245.895
233.902
225.543
250.319
236.355
250.288
245.343
240.299
234.34
248.343
250.12
251.377
251.395
257.886
265.702
266.538
273.474
291.636
287.742
290.66
296.232
305.203
315.891
303.155
304.598
323.611
323.535
326.046
330.603
336.989
326.017
336.921
342.044
332.99
334.017
335.963
326.978
329.994
335.007
335.275
324.028
337.963
333.999
336.062
339.056
339.084
337.058
335.051
333.123
328.118
339.125
326.719
325.22
