340.907
339.82
324.497
329.114
326.13
328.11
329.103
327.125
318.679
322.002
325.463
325.566
322.579
322.597
326.57
318.636
316.606
318.607
328.574
325.231
329.277
330.538
327.621
324.687
325.736
334.152
321.124
327.08
318.713
318.707
327.651
323.649
327.651
334.652
313.65
327.59
316.554
318.593
323.56
316.14
316.03
308.577
311.633
303.743
310.094
309.618
290.086
285.791
305.127
295.635
276.74
279.737
278.547
279.876
277.69
285.632
273.192
262.095
263.262
262.38
262.208
236.95
251.258
242.476
248.183
250.079
247.764
240.413
250.445
238.135
241.733
247.465
246.433
234.406
233.363
236.532
237.582
233.895
227.902
229.543
245.319
228.355
242.288
237.343
254.299
244.34
250.343
252.12
251.377
261.395
256.886
257.702
269.538
265.474
275.636
290.742
296.66
295.232
320.203
319.891
308.155
316.598
321.611
326.535
322.046
324.603
327.989
326.017
328.921
326.044
338.99
337.017
332.963
329.978
333.994
339.007
342.275
328.028
339.963
337.999
342.062
335.056
333.084
327.058
330.051
328.123
330.118
338.125
336.719
330.22
