333.907
339.82
328.497
328.114
333.13
319.11
321.103
325.125
323.679
330.002
316.463
324.566
318.579
320.597
323.57
328.636
329.606
325.607
323.574
309.231
319.277
322.538
318.621
323.687
326.736
333.152
333.124
329.08
327.713
328.707
324.651
323.649
324.651
316.652
324.65
325.59
325.554
334.593
318.56
331.14
326.03
318.577
320.633
309.743
311.094
298.618
303.086
301.791
297.127
289.635
285.74
280.737
282.547
274.876
274.69
277.632
270.192
267.095
262.262
260.38
260.208
249.95
256.258
245.476
249.183
255.079
248.764
246.413
242.445
241.135
241.733
239.465
242.433
235.406
237.363
216.532
230.582
241.895
230.902
234.543
244.319
239.355
255.288
248.343
238.299
250.34
243.343
247.12
242.377
254.395
250.886
266.702
268.538
281.474
279.636
290.742
300.66
303.232
311.203
307.891
318.155
313.598
331.611
331.535
324.046
324.603
340.989
339.017
327.921
346.044
328.99
331.017
330.963
336.978
328.994
337.007
337.275
334.028
327.963
328.999
333.062
332.056
344.084
339.058
329.051
324.123
332.118
337.125
324.719
325.22
