338.907
337.82
329.497
320.114
335.13
327.11
323.103
330.125
320.679
332.002
333.463
333.566
316.579
336.597
330.57
312.636
327.606
321.607
322.574
316.231
325.277
322.538
326.621
325.687
313.736
331.152
323.124
330.08
321.713
318.707
323.651
325.649
321.651
331.652
323.65
322.59
325.554
327.593
321.56
321.14
325.03
311.577
309.633
306.743
304.094
299.618
293.086
304.791
301.127
296.635
289.74
276.737
275.547
268.876
280.69
281.632
276.192
269.095
268.262
253.38
254.208
241.95
258.258
243.476
258.183
241.079
241.764
235.413
243.445
246.135
246.733
226.465
241.433
231.406
234.363
229.532
235.582
233.895
242.902
230.543
248.319
246.355
237.288
245.343
242.299
242.34
243.343
254.12
247.377
250.395
252.886
257.702
271.538
274.474
287.636
275.742
286.66
302.232
308.203
315.891
317.155
312.598
323.611
324.535
330.046
327.603
332.989
321.017
324.921
337.044
335.99
339.017
328.963
338.978
339.994
338.007
341.275
333.028
328.963
330.999
332.062
340.056
336.084
330.058
339.051
333.123
338.118
336.125
329.719
335.22
