327.907
323.82
338.497
322.114
332.13
324.11
335.103
322.125
330.679
325.002
319.463
319.566
325.579
320.597
319.57
319.636
320.606
321.607
325.574
319.231
318.277
323.538
322.621
318.687
314.736
323.152
326.124
333.08
314.713
322.707
314.651
317.649
318.651
318.652
323.65
317.59
312.554
329.593
320.56
321.14
318.03
315.577
310.633
308.743
297.094
292.618
293.086
301.791
300.127
293.635
290.74
280.737
275.547
268.876
274.69
278.632
268.192
261.095
259.262
256.38
265.208
239.95
256.258
246.476
258.183
241.079
254.764
239.413
248.445
238.135
236.733
235.465
238.433
231.406
232.363
228.532
230.582
243.895
231.902
220.543
233.319
228.355
245.288
244.343
239.299
245.34
248.343
242.12
245.377
257.395
255.886
263.702
268.538
263.474
276.636
290.742
301.66
298.232
300.203
313.891
311.155
313.598
323.611
318.535
334.046
325.603
328.989
330.017
329.921
328.044
330.99
324.017
338.963
333.978
339.994
335.007
342.275
336.028
329.963
329.999
329.062
342.056
332.084
328.058
332.051
337.123
332.118
339.125
335.719
330.22
