327.907
327.907
327.82
327.82
324.497
324.497
321.114
321.114
321.13
321.13
321.11
321.11
321.103
321.103
321.125
321.125
317.679
317.679
321.002
321.002
317.463
317.463
317.566
317.566
317.579
317.579
317.597
317.597
317.57
317.57
317.636
317.636
317.606
317.606
317.607
317.607
317.574
317.574
314.231
314.231
314.277
314.277
317.538
317.538
317.621
317.621
317.687
317.687
317.736
317.736
321.152
321.152
321.124
321.124
321.08
321.08
317.713
317.713
317.707
317.707
317.651
317.651
317.649
317.649
317.651
317.651
317.652
317.652
317.65
317.65
317.59
317.59
317.554
317.554
317.593
317.593
317.56
317.56
314.14
314.14
314.03
314.03
310.577
310.577
310.633
310.633
303.743
303.743
300.094
300.094
296.618
296.618
293.086
293.086
289.791
289.791
293.127
293.127
289.635
289.635
282.74
282.74
275.737
275.737
275.547
275.547
268.876
268.876
268.69
268.69
268.632
268.632
265.192
265.192
265.095
265.095
258.262
258.262
251.38
251.38
251.208
251.208
240.95
240.95
244.258
244.258
237.476
237.476
244.183
244.183
244.079
244.079
240.764
240.764
237.413
237.413
237.445
237.445
237.135
237.135
233.733
233.733
230.465
230.465
230.433
230.433
230.406
230.406
230.363
230.363
223.532
223.532
223.582
223.582
233.895
233.895
226.902
226.902
223.543
223.543
237.319
237.319
230.355
230.355
237.288
237.288
237.343
237.343
237.299
237.299
237.34
237.34
237.343
237.343
244.12
244.12
244.377
244.377
244.395
244.395
247.886
247.886
261.702
261.702
268.538
268.538
265.474
265.474
275.636
275.636
282.742
282.742
289.66
289.66
293.232
293.232
300.203
300.203
306.891
306.891
307.155
307.155
310.598
310.598
317.611
317.611
317.535
317.535
321.046
321.046
324.603
324.603
327.989
327.989
328.017
328.017
327.921
327.921
328.044
328.044
327.99
327.99
328.017
328.017
327.963
327.963
327.978
327.978
327.994
327.994
328.007
328.007
331.275
331.275
328.028
328.028
327.963
327.963
327.999
327.999
328.062
328.062
328.056
328.056
328.084
328.084
328.058
328.058
328.051
328.051
328.123
328.123
328.118
328.118
328.125
328.125
324.719
324.719
321.22
321.22
