342.907
340.82
335.497
336.114
340.13
324.11
334.103
328.125
336.679
330.002
327.463
326.566
320.579
334.597
338.57
316.636
337.606
326.607
328.574
322.231
332.277
319.538
331.621
315.687
327.736
337.152
335.124
336.08
330.713
319.707
327.651
331.649
326.651
320.652
324.65
320.59
331.554
322.593
336.56
319.14
325.03
321.577
313.633
308.743
304.094
311.618
302.086
310.791
308.127
288.635
301.74
287.737
285.547
281.876
259.69
267.632
275.192
276.095
273.262
263.38
258.208
236.95
253.258
245.476
254.183
245.079
246.764
242.413
236.445
244.135
245.733
229.465
246.433
237.406
242.363
228.532
232.582
243.895
237.902
235.543
241.319
240.355
246.288
250.343
244.299
253.34
246.343
244.12
256.377
259.395
255.886
257.702
277.538
264.474
281.636
294.742
291.66
299.232
300.203
317.891
319.155
324.598
328.611
325.535
342.046
324.603
334.989
337.017
330.921
344.044
330.99
330.017
335.963
341.978
319.994
341.007
344.275
328.028
337.963
330.999
336.062
336.056
340.084
326.058
338.051
334.123
335.118
344.125
331.719
332.22
