334.907
328.82
324.497
330.114
325.13
329.11
330.103
320.125
319.679
331.002
326.463
318.566
319.579
326.597
326.57
326.636
314.606
314.607
318.574
312.231
323.277
327.538
326.621
321.687
320.736
331.152
323.124
326.08
319.713
316.707
319.651
324.649
321.651
325.652
315.65
321.59
318.554
321.593
319.56
322.14
318.03
314.577
314.633
306.743
298.094
301.618
295.086
291.791
301.127
291.635
284.74
278.737
283.547
270.876
265.69
267.632
268.192
262.095
261.262
254.38
260.208
241.95
253.258
245.476
251.183
252.079
237.764
242.413
236.445
233.135
236.733
238.465
237.433
231.406
238.363
227.532
221.582
236.895
224.902
226.543
239.319
239.355
241.288
239.343
244.299
247.34
246.343
253.12
241.377
243.395
245.886
263.702
271.538
268.474
279.636
282.742
285.66
290.232
304.203
308.891
311.155
316.598
320.611
316.535
324.046
323.603
330.989
325.017
332.921
334.044
330.99
325.017
335.963
329.978
328.994
333.007
335.275
331.028
323.963
334.999
335.062
330.056
326.084
336.058
335.051
325.123
331.118
324.125
328.719
329.22
