348.907
344.82
329.497
342.114
334.13
332.11
334.103
339.125
331.679
347.002
323.463
324.566
323.579
332.597
319.57
331.636
314.606
334.607
330.574
330.231
314.277
335.538
331.621
326.687
327.736
326.152
328.124
331.08
328.713
326.707
322.651
330.649
325.651
338.652
320.65
324.59
335.554
327.593
331.56
333.14
327.03
319.577
320.633
310.743
311.094
299.618
298.086
298.791
300.127
311.635
300.74
290.737
294.547
285.876
280.69
268.632
275.192
278.095
265.262
255.38
257.208
251.95
256.258
258.476
266.183
251.079
240.764
241.413
253.445
254.135
248.733
234.465
242.433
230.406
248.363
244.532
233.582
258.895
234.902
241.543
249.319
235.355
239.288
250.343
249.299
252.34
247.343
257.12
244.377
245.395
261.886
274.702
283.538
262.474
298.636
292.742
293.66
298.232
312.203
313.891
325.155
313.598
330.611
318.535
336.046
339.603
333.989
342.017
348.921
335.044
347.99
349.017
324.963
336.978
351.994
337.007
348.275
342.028
338.963
330.999
338.062
338.056
337.084
348.058
326.051
345.123
330.118
340.125
333.719
331.22
