325.907
330.82
322.497
324.114
326.13
321.11
325.103
333.125
330.679
324.002
315.463
323.566
322.579
326.597
326.57
315.636
316.606
315.607
328.574
324.231
327.277
322.538
311.621
317.687
330.736
329.152
337.124
313.08
319.713
319.707
326.651
316.649
320.651
324.652
324.65
332.59
312.554
326.593
323.56
322.14
323.03
323.577
317.633
311.743
309.094
300.618
298.086
296.791
293.127
288.635
291.74
275.737
285.547
272.876
270.69
276.632
269.192
278.095
265.262
253.38
252.208
251.95
258.258
249.476
250.183
258.079
245.764
246.413
252.445
236.135
243.733
234.465
254.433
227.406
243.363
234.532
235.582
241.895
237.902
228.543
249.319
235.355
243.288
242.343
247.299
242.34
244.343
247.12
244.377
250.395
251.886
271.702
279.538
280.474
278.636
284.742
304.66
308.232
308.203
313.891
313.155
318.598
332.611
325.535
339.046
329.603
330.989
350.017
335.921
337.044
337.99
333.017
326.963
339.978
343.994
343.007
325.275
348.028
340.963
347.999
332.062
345.056
334.084
334.058
341.051
326.123
341.118
329.125
331.719
319.22
