340.907
330.82
320.497
318.114
331.13
318.11
328.103
324.125
318.679
322.002
316.463
326.566
319.579
324.597
313.57
324.636
323.606
330.607
318.574
316.231
317.277
318.538
324.621
322.687
332.736
327.152
326.124
321.08
328.713
325.707
320.651
321.649
318.651
316.652
327.65
324.59
321.554
330.593
319.56
309.14
319.03
316.577
322.633
305.743
307.094
301.618
298.086
298.791
297.127
286.635
287.74
276.737
279.547
277.876
271.69
275.632
268.192
274.095
261.262
261.38
257.208
251.95
239.258
245.476
247.183
240.079
242.764
243.413
244.445
241.135
229.733
233.465
238.433
233.406
237.363
232.532
227.582
239.895
227.902
229.543
236.319
225.355
248.288
246.343
240.299
247.34
242.343
252.12
245.377
254.395
247.886
268.702
278.538
271.474
279.636
279.742
295.66
304.232
308.203
319.891
317.155
317.598
324.611
326.535
318.046
332.603
329.989
329.017
332.921
328.044
334.99
329.017
334.963
334.978
324.994
333.007
343.275
342.028
328.963
328.999
336.062
336.056
322.084
325.058
327.051
343.123
338.118
340.125
328.719
328.22
