337.907
334.82
337.497
341.114
336.13
328.11
335.103
330.125
342.679
338.002
336.463
332.566
322.579
337.597
325.57
330.636
323.606
340.607
338.574
333.231
336.277
323.538
335.621
329.687
333.736
334.152
346.124
327.08
326.713
338.707
324.651
335.649
341.651
327.652
309.65
332.59
325.554
327.593
327.56
340.14
335.03
329.577
331.633
308.743
324.094
329.618
309.086
301.791
310.127
308.635
315.74
299.737
292.547
273.876
283.69
282.632
265.192
291.095
290.262
272.38
250.208
255.95
260.258
244.476
266.183
257.079
264.764
257.413
245.445
255.135
256.733
253.465
237.433
243.406
241.363
246.532
233.582
235.895
243.902
238.543
257.319
249.355
255.288
263.343
261.299
244.34
256.343
263.12
252.377
256.395
255.886
275.702
274.538
280.474
294.636
278.742
309.66
299.232
318.203
317.891
321.155
332.598
315.611
331.535
339.046
329.603
336.989
335.017
357.921
349.044
342.99
344.017
343.963
333.978
340.994
344.007
347.275
333.028
346.963
341.999
339.062
339.056
356.084
362.058
359.051
350.123
346.118
355.125
333.719
342.22
