344.907
343.82
344.497
342.114
321.13
347.11
338.103
335.125
334.679
335.002
335.463
337.566
331.579
321.597
326.57
339.636
334.606
337.607
330.574
333.231
327.277
326.538
323.621
331.687
320.736
327.152
320.124
327.08
322.713
331.707
340.651
346.649
338.651
324.652
332.65
349.59
337.554
317.593
330.56
318.14
308.03
312.577
317.633
316.743
313.094
315.618
300.086
296.791
311.127
306.635
301.74
296.737
300.547
269.876
276.69
286.632
286.192
281.095
272.262
265.38
270.208
254.95
262.258
252.476
262.183
249.079
269.764
251.413
252.445
255.135
241.733
253.465
233.433
252.406
233.363
230.532
228.582
248.895
230.902
247.543
247.319
237.355
251.288
251.343
241.299
256.34
241.343
270.12
264.377
239.395
249.886
260.702
288.538
265.474
287.636
290.742
306.66
322.232
317.203
319.891
329.155
322.598
336.611
320.535
336.046
344.603
343.989
331.017
335.921
350.044
348.99
354.017
336.963
336.978
338.994
342.007
340.275
352.028
352.963
343.999
352.062
349.056
337.084
340.058
344.051
344.123
353.118
347.125
337.719
329.22
