343.907
332.82
334.497
333.114
325.13
344.11
326.103
325.125
330.679
335.002
328.463
331.566
330.579
325.597
324.57
332.636
325.606
330.607
321.574
326.231
326.277
321.538
323.621
324.687
319.736
325.152
325.124
326.08
321.713
324.707
336.651
335.649
331.651
326.652
328.65
340.59
332.554
318.593
326.56
320.14
307.03
314.577
316.633
309.743
311.094
311.618
293.086
295.791
299.127
292.635
296.74
290.737
286.547
270.876
276.69
280.632
281.192
279.095
267.262
264.38
266.208
249.95
257.258
248.476
261.183
245.079
267.764
246.413
241.445
249.135
235.733
244.465
233.433
247.406
232.363
229.532
223.582
252.895
223.902
238.543
247.319
237.355
237.288
251.343
244.299
250.34
241.343
256.12
256.377
242.395
248.886
259.702
276.538
268.474
283.636
294.742
298.66
318.232
322.203
320.891
326.155
319.598
328.611
311.535
333.046
337.603
333.989
333.017
329.921
344.044
337.99
350.017
332.963
331.978
335.994
341.007
333.275
346.028
345.963
336.999
339.062
343.056
338.084
334.058
342.051
341.123
340.118
340.125
338.719
326.22
