325.907
325.82
321.497
324.114
323.13
324.11
324.103
325.125
321.679
331.002
320.463
322.566
325.579
319.597
325.57
320.636
320.606
326.607
322.574
322.231
320.277
323.538
313.621
319.687
315.736
326.152
323.124
323.08
318.713
315.707
319.651
321.649
322.651
323.652
315.65
317.59
318.554
318.593
323.56
317.14
319.03
312.577
315.633
302.743
309.094
301.618
296.086
299.791
295.127
298.635
292.74
279.737
274.547
269.876
271.69
271.632
267.192
271.095
265.262
248.38
253.208
242.95
246.258
234.476
246.183
245.079
236.764
244.413
235.445
245.135
243.733
240.465
233.433
233.406
231.363
231.532
220.582
236.895
229.902
222.543
244.319
232.355
240.288
246.343
239.299
238.34
242.343
246.12
247.377
248.395
251.886
265.702
267.538
263.474
277.636
284.742
291.66
289.232
304.203
311.891
311.155
314.598
315.611
319.535
319.046
323.603
326.989
331.017
335.921
325.044
331.99
332.017
329.963
328.978
334.994
336.007
335.275
327.028
330.963
329.999
327.062
327.056
330.084
332.058
336.051
326.123
335.118
329.125
329.719
323.22
