345.907
336.82
347.497
329.114
318.13
337.11
322.103
330.125
335.679
336.002
334.463
332.566
345.579
326.597
329.57
321.636
324.606
338.607
346.574
330.231
322.277
351.538
327.621
336.687
343.736
337.152
327.124
331.08
321.713
322.707
322.651
329.649
324.651
317.652
321.65
322.59
334.554
335.593
344.56
336.14
325.03
321.577
330.633
328.743
312.094
317.618
305.086
302.791
314.127
292.635
292.74
287.737
298.547
279.876
279.69
287.632
272.192
276.095
272.262
268.38
264.208
236.95
259.258
245.476
259.183
253.079
273.764
251.413
249.445
254.135
249.733
241.465
241.433
250.406
252.363
254.532
231.582
241.895
244.902
230.543
246.319
257.355
242.288
238.343
252.299
239.34
245.343
262.12
250.377
256.395
254.886
283.702
272.538
267.474
279.636
283.742
295.66
316.232
313.203
323.891
311.155
320.598
323.611
327.535
329.046
342.603
337.989
336.017
335.921
330.044
338.99
335.017
340.963
353.978
331.994
356.007
343.275
336.028
329.963
347.999
333.062
351.056
338.084
322.058
352.051
351.123
338.118
351.125
337.719
344.22
