343.907
346.82
327.497
328.114
330.13
333.11
339.103
331.125
318.679
320.002
328.463
321.566
324.579
331.597
323.57
325.636
320.606
323.607
326.574
321.231
333.277
337.538
324.621
321.687
322.736
332.152
327.124
330.08
318.713
327.707
337.651
321.649
329.651
339.652
316.65
328.59
313.554
323.593
331.56
323.14
319.03
307.577
314.633
313.743
314.094
311.618
287.086
287.791
314.127
299.635
278.74
276.737
275.547
281.876
281.69
286.632
272.192
265.095
269.262
270.38
265.208
240.95
248.258
245.476
251.183
248.079
257.764
245.413
253.445
236.135
244.733
251.465
242.433
236.406
233.363
238.532
244.582
241.895
229.902
234.543
242.319
235.355
245.288
241.343
257.299
248.34
258.343
256.12
248.377
265.395
266.886
260.702
266.538
274.474
274.636
294.742
305.66
299.232
321.203
329.891
316.155
320.598
320.611
332.535
325.046
322.603
330.989
324.017
335.921
323.044
341.99
341.017
335.963
327.978
330.994
343.007
346.275
331.028
349.963
344.999
344.062
337.056
338.084
330.058
333.051
337.123
329.118
335.125
333.719
336.22
