358.907
346.82
343.497
330.114
344.13
328.11
325.103
343.125
319.679
342.002
334.463
332.566
321.579
343.597
345.57
322.636
329.606
333.607
332.574
317.231
333.277
331.538
325.621
337.687
316.736
335.152
331.124
342.08
325.713
334.707
334.651
336.649
340.651
342.652
343.65
325.59
338.554
330.593
326.56
326.14
333.03
327.577
311.633
308.743
304.094
309.618
295.086
308.791
307.127
306.635
308.74
278.737
293.547
276.876
284.69
293.632
284.192
277.095
269.262
271.38
258.208
246.95
262.258
244.476
270.183
242.079
239.764
244.413
262.445
261.135
251.733
243.465
254.433
240.406
240.363
237.532
234.582
237.895
251.902
234.543
255.319
246.355
242.288
244.343
260.299
250.34
252.343
255.12
251.377
270.395
256.886
270.702
277.538
271.474
282.636
289.742
297.66
319.232
321.203
327.891
319.155
313.598
336.611
325.535
335.046
341.603
346.989
318.017
333.921
347.044
353.99
348.017
339.963
342.978
344.994
340.007
357.275
339.028
335.963
340.999
340.062
349.056
342.084
338.058
354.051
344.123
336.118
350.125
344.719
336.22
