328.907
331.82
327.497
331.114
328.13
326.11
321.103
324.125
336.679
327.002
323.463
325.566
320.579
325.597
328.57
324.636
316.606
329.607
324.574
321.231
326.277
319.538
322.621
327.687
324.736
328.152
333.124
323.08
317.713
325.707
326.651
327.649
330.651
320.652
313.65
325.59
321.554
317.593
321.56
327.14
321.03
317.577
326.633
304.743
312.094
307.618
304.086
303.791
300.127
299.635
304.74
278.737
282.547
277.876
272.69
274.632
269.192
286.095
275.262
255.38
252.208
250.95
259.258
239.476
250.183
248.079
240.764
246.413
237.445
246.135
242.733
247.465
236.433
239.406
238.363
236.532
224.582
238.895
235.902
232.543
245.319
240.355
243.288
253.343
246.299
238.34
249.343
258.12
248.377
244.395
249.886
269.702
269.538
268.474
282.636
286.742
297.66
295.232
309.203
318.891
318.155
322.598
312.611
329.535
323.046
319.603
333.989
338.017
343.921
333.044
330.99
338.017
331.963
333.978
340.994
343.007
337.275
325.028
338.963
330.999
331.062
328.056
343.084
344.058
338.051
332.123
341.118
339.125
328.719
332.22
