326.907
334.82
325.497
336.114
333.13
324.11
325.103
324.125
334.679
331.002
326.463
324.566
323.579
325.597
327.57
322.636
321.606
332.607
322.574
324.231
325.277
322.538
327.621
325.687
328.736
328.152
336.124
326.08
316.713
324.707
324.651
331.649
330.651
320.652
312.65
325.59
324.554
317.593
320.56
331.14
325.03
321.577
326.633
309.743
315.094
312.618
308.086
301.791
304.127
303.635
307.74
282.737
286.547
277.876
271.69
278.632
269.192
291.095
279.262
260.38
257.208
250.95
258.258
239.476
248.183
252.079
244.764
246.413
237.445
251.135
240.733
252.465
234.433
237.406
236.363
240.532
229.582
237.895
238.902
236.543
249.319
239.355
247.288
256.343
250.299
236.34
249.343
261.12
248.377
248.395
248.886
274.702
269.538
268.474
287.636
285.742
295.66
294.232
307.203
321.891
321.155
321.598
317.611
327.535
326.046
318.603
333.989
341.017
348.921
333.044
330.99
338.017
336.963
332.978
340.994
342.007
340.275
325.028
337.963
334.999
334.062
332.056
342.084
347.058
341.051
331.123
344.118
344.125
328.719
336.22
