320.907
335.82
340.497
331.114
322.13
327.11
335.103
334.125
325.679
315.002
327.463
321.566
339.579
322.597
321.57
329.636
322.606
324.607
331.574
317.231
332.277
332.538
321.621
331.687
326.736
335.152
326.124
323.08
315.713
327.707
319.651
322.649
325.651
332.652
322.65
328.59
332.554
327.593
322.56
330.14
318.03
309.577
327.633
306.743
291.094
307.618
302.086
302.791
296.127
295.635
292.74
275.737
288.547
280.876
283.69
283.632
276.192
279.095
262.262
260.38
255.208
251.95
258.258
244.476
243.183
264.079
241.764
235.413
245.445
248.135
247.733
228.465
237.433
242.406
239.363
231.532
235.582
247.895
237.902
231.543
235.319
244.355
236.288
236.343
248.299
254.34
245.343
250.12
253.377
244.395
254.886
278.702
267.538
278.474
280.636
275.742
305.66
298.232
307.203
320.891
327.155
324.598
318.611
325.535
321.046
343.603
332.989
342.017
342.921
344.044
340.99
341.017
351.963
338.978
328.994
337.007
341.275
329.028
318.963
329.999
336.062
337.056
342.084
339.058
343.051
348.123
337.118
347.125
346.719
330.22
