342.907
354.82
331.497
335.114
352.13
329.11
316.103
340.125
323.679
342.002
323.463
343.566
328.579
334.597
328.57
342.636
347.606
338.607
328.574
307.231
320.277
327.538
334.621
331.687
327.736
349.152
337.124
346.08
333.713
341.707
340.651
339.649
321.651
320.652
323.65
335.59
339.554
341.593
328.56
345.14
329.03
333.577
342.633
307.743
305.094
306.618
303.086
315.791
311.127
299.635
305.74
299.737
295.547
275.876
283.69
283.632
276.192
279.095
270.262
270.38
273.208
253.95
267.258
252.476
258.183
269.079
250.764
260.413
264.445
255.135
251.733
252.465
257.433
246.406
239.363
219.532
231.582
256.895
249.902
235.543
249.319
254.355
272.288
263.343
246.299
258.34
247.343
267.12
251.377
261.395
258.886
274.702
265.538
294.474
297.636
306.742
315.66
301.232
315.203
322.891
334.155
322.598
351.611
345.535
335.046
324.603
355.989
341.017
335.921
348.044
336.99
339.017
331.963
342.978
330.994
349.007
344.275
345.028
340.963
333.999
347.062
346.056
347.084
350.058
333.051
339.123
351.118
346.125
336.719
326.22
