333.907
332.82
327.497
328.114
330.13
328.11
328.103
323.125
322.679
329.002
326.463
323.566
317.579
326.597
331.57
331.636
313.606
319.607
317.574
317.231
322.277
326.538
326.621
319.687
320.736
334.152
322.124
331.08
322.713
319.707
318.651
323.649
320.651
325.652
319.65
324.59
321.554
324.593
322.56
327.14
323.03
318.577
318.633
311.743
301.094
306.618
293.086
296.791
304.127
290.635
282.74
281.737
288.547
273.876
263.69
265.632
267.192
265.095
265.262
259.38
265.208
246.95
253.258
250.476
250.183
255.079
236.764
240.413
235.445
233.135
239.733
241.465
242.433
231.406
238.363
231.532
224.582
234.895
224.902
231.543
237.319
244.355
246.288
238.343
249.299
252.34
246.343
252.12
245.377
241.395
248.886
263.702
269.538
273.474
279.636
282.742
289.66
290.232
308.203
308.891
314.155
321.598
319.611
315.535
322.046
328.603
328.989
328.017
332.921
337.044
330.99
330.017
335.963
332.978
331.994
337.007
334.275
330.028
327.963
337.999
335.062
328.056
325.084
336.058
333.051
328.123
329.118
323.125
331.719
328.22
