331.907
329.82
332.497
329.114
330.13
324.11
322.103
320.125
326.679
318.002
325.463
320.566
321.579
322.597
325.57
321.636
322.606
321.607
324.574
314.231
322.277
315.538
319.621
320.687
323.736
330.152
330.124
319.08
324.713
315.707
314.651
321.649
320.651
315.652
314.65
320.59
326.554
315.593
327.56
317.14
315.03
314.577
312.633
306.743
308.094
294.618
295.086
291.791
296.127
294.635
290.74
277.737
278.547
276.876
267.69
271.632
268.192
269.095
262.262
258.38
252.208
236.95
251.258
234.476
248.183
243.079
247.764
239.413
238.445
241.135
236.733
227.465
238.433
232.406
234.363
221.532
226.582
235.895
228.902
228.543
239.319
239.355
242.288
245.343
244.299
244.34
235.343
244.12
247.377
252.395
250.886
263.702
267.538
263.474
283.636
289.742
286.66
294.232
299.203
314.891
311.155
318.598
320.611
313.535
329.046
324.603
337.989
334.017
330.921
331.044
328.99
333.017
328.963
330.978
324.994
332.007
335.275
332.028
336.963
324.999
331.062
331.056
335.084
327.058
335.051
328.123
336.118
337.125
324.719
319.22
