357.907
352.82
339.497
326.114
325.13
329.11
330.103
331.125
338.679
334.002
323.463
330.566
330.579
320.597
325.57
338.636
329.606
326.607
337.574
324.231
323.277
313.538
336.621
326.687
314.736
331.152
317.124
323.08
340.713
326.707
323.651
321.649
334.651
334.652
327.65
327.59
334.554
328.593
334.56
327.14
336.03
325.577
327.633
327.743
305.094
304.618
303.086
297.791
321.127
314.635
289.74
312.737
280.547
276.876
291.69
287.632
283.192
289.095
278.262
264.38
260.208
264.95
270.258
259.476
253.183
258.079
256.764
255.413
261.445
251.135
260.733
239.465
249.433
231.406
248.363
231.532
263.582
255.895
238.902
239.543
259.319
238.355
267.288
254.343
249.299
247.34
266.343
253.12
259.377
257.395
263.886
265.702
272.538
280.474
298.636
294.742
300.66
303.232
308.203
321.891
307.155
305.598
329.611
332.535
346.046
350.603
346.989
332.017
343.921
363.044
329.99
354.017
342.963
323.978
355.994
342.007
334.275
329.028
332.963
344.999
345.062
348.056
347.084
345.058
343.051
336.123
334.118
338.125
339.719
327.22
