350.907
345.82
334.497
331.114
339.13
327.11
327.103
339.125
318.679
339.002
333.463
334.566
325.579
340.597
342.57
321.636
333.606
327.607
330.574
319.231
330.277
327.538
326.621
333.687
320.736
327.152
332.124
333.08
324.713
332.707
331.651
327.649
336.651
339.652
338.65
326.59
337.554
332.593
324.56
322.14
332.03
322.577
308.633
306.743
306.094
301.618
293.086
309.791
310.127
303.635
303.74
276.737
287.547
280.876
275.69
294.632
286.192
276.095
271.262
262.38
250.208
242.95
262.258
240.476
272.183
242.079
241.764
239.413
253.445
254.135
251.733
233.465
249.433
234.406
240.363
229.532
232.582
234.895
249.902
236.543
256.319
243.355
234.288
245.343
252.299
249.34
246.343
257.12
249.377
262.395
247.886
269.702
274.538
268.474
285.636
281.742
289.66
311.232
311.203
322.891
317.155
317.598
336.611
327.535
338.046
338.603
341.989
322.017
325.921
343.044
344.99
345.017
336.963
340.978
341.994
342.007
355.275
336.028
333.963
337.999
337.062
352.056
343.084
336.058
351.051
337.123
334.118
343.125
336.719
338.22
