341.907
342.82
329.497
323.114
334.13
330.11
322.103
334.125
319.679
331.002
331.463
332.566
321.579
339.597
334.57
311.636
331.606
325.607
320.574
315.231
325.277
325.538
324.621
329.687
311.736
329.152
327.124
335.08
321.713
322.707
322.651
323.649
326.651
336.652
328.65
321.59
328.554
330.593
319.56
321.14
328.03
315.577
308.633
310.743
304.094
298.618
291.086
309.791
304.127
294.635
294.74
274.737
279.547
271.876
278.69
284.632
276.192
267.095
272.262
256.38
252.208
239.95
262.258
242.476
263.183
246.079
240.764
235.413
246.445
244.135
250.733
230.465
246.433
235.406
232.363
227.532
234.582
236.895
241.902
228.543
252.319
244.355
235.288
248.343
247.299
247.34
242.343
253.12
247.377
254.395
250.886
260.702
271.538
272.474
287.636
273.742
291.66
301.232
306.203
318.891
320.155
310.598
328.611
324.535
333.046
331.603
336.989
319.017
324.921
342.044
340.99
342.017
333.963
337.978
337.994
343.007
346.275
331.028
326.963
329.999
336.062
344.056
335.084
333.058
343.051
333.123
337.118
341.125
333.719
340.22
