340.907
331.82
333.497
317.114
321.13
325.11
322.103
321.125
321.679
330.002
319.463
329.566
333.579
323.597
330.57
322.636
322.606
328.607
328.574
325.231
319.277
337.538
322.621
324.687
329.736
328.152
322.124
331.08
321.713
312.707
316.651
323.649
316.651
316.652
321.65
319.59
322.554
329.593
328.56
326.14
319.03
312.577
325.633
316.743
309.094
306.618
304.086
296.791
301.127
292.635
293.74
278.737
284.547
276.876
275.69
275.632
265.192
270.095
265.262
264.38
258.208
234.95
255.258
236.476
251.183
245.079
260.764
243.413
243.445
243.135
233.733
240.465
236.433
243.406
236.363
239.532
227.582
233.895
230.902
230.543
244.319
241.355
243.288
238.343
252.299
233.34
250.343
253.12
251.377
260.395
253.886
273.702
268.538
271.474
275.636
279.742
296.66
304.232
304.203
319.891
309.155
314.598
325.611
332.535
325.046
327.603
337.989
333.017
330.921
327.044
331.99
328.017
336.963
338.978
326.994
336.007
334.275
331.028
327.963
333.999
333.062
345.056
334.084
322.058
346.051
334.123
333.118
343.125
333.719
331.22
