337.907
324.82
330.497
331.114
318.13
336.11
328.103
323.125
325.679
327.002
320.463
325.566
327.579
322.597
317.57
325.636
315.606
325.607
313.574
319.231
319.277
318.538
314.621
318.687
318.736
324.152
323.124
330.08
323.713
319.707
324.651
327.649
324.651
318.652
323.65
331.59
330.554
318.593
313.56
310.14
313.03
311.577
320.633
305.743
308.094
306.618
295.086
293.791
297.127
290.635
293.74
286.737
280.547
266.876
274.69
276.632
266.192
272.095
260.262
258.38
259.208
244.95
255.258
242.476
252.183
241.079
252.764
246.413
240.445
245.135
228.733
242.465
227.433
242.406
226.363
225.532
226.582
245.895
224.902
236.543
249.319
228.355
232.288
238.343
240.299
243.34
240.343
250.12
250.377
245.395
248.886
256.702
275.538
268.474
277.636
289.742
295.66
306.232
313.203
313.891
312.155
321.598
323.611
317.535
326.046
325.603
330.989
330.017
327.921
336.044
335.99
337.017
333.963
328.978
330.994
333.007
328.275
336.028
339.963
329.999
339.062
343.056
328.084
327.058
335.051
340.123
333.118
335.125
330.719
326.22
