316.907
336.82
342.497
336.114
328.13
336.11
342.103
343.125
330.679
320.002
337.463
326.566
352.579
324.597
328.57
329.636
329.606
332.607
341.574
322.231
332.277
338.538
327.621
334.687
337.736
347.152
328.124
328.08
317.713
335.707
318.651
324.649
334.651
329.652
337.65
337.59
335.554
337.593
324.56
331.14
322.03
309.577
328.633
321.743
297.094
313.618
315.086
302.791
304.127
300.635
292.74
287.737
297.547
292.876
279.69
293.632
278.192
279.095
260.262
257.38
252.208
260.95
265.258
252.476
251.183
268.079
241.764
247.413
257.445
255.135
248.733
230.465
238.433
250.406
238.363
238.532
235.582
256.895
245.902
238.543
243.319
239.355
241.288
249.343
244.299
260.34
252.343
255.12
254.377
256.395
257.886
282.702
276.538
277.474
282.636
275.742
308.66
305.232
309.203
325.891
329.155
334.598
323.611
326.535
328.046
341.603
340.989
355.017
348.921
350.044
334.99
348.017
360.963
346.978
328.994
345.007
347.275
334.028
314.963
341.999
348.062
339.056
345.084
338.058
346.051
361.123
346.118
355.125
351.719
331.22
