322.907
331.82
323.497
325.114
326.13
321.11
320.103
328.125
330.679
325.002
312.463
320.566
324.579
322.597
327.57
317.636
316.606
316.607
328.574
325.231
327.277
322.538
313.621
317.687
326.736
330.152
339.124
315.08
314.713
321.707
321.651
316.649
322.651
320.652
324.65
329.59
314.554
328.593
318.56
324.14
318.03
323.577
314.633
308.743
305.094
296.618
300.086
293.791
293.127
290.635
286.74
276.737
282.547
268.876
272.69
276.632
270.192
278.095
265.262
254.38
254.208
247.95
258.258
244.476
247.183
253.079
245.764
241.413
247.445
237.135
240.733
236.465
249.433
229.406
243.363
235.532
235.582
237.895
233.902
229.543
249.319
236.355
239.288
239.343
249.299
244.34
246.343
247.12
245.377
252.395
246.886
266.702
276.538
276.474
273.636
281.742
299.66
304.232
308.203
310.891
313.155
320.598
327.611
326.535
335.046
330.603
331.989
345.017
330.921
334.044
332.99
333.017
327.963
341.978
343.994
339.007
326.275
344.028
335.963
342.999
329.062
340.056
331.084
334.058
341.051
322.123
342.118
330.125
331.719
321.22
