347.907
338.82
343.497
324.114
318.13
334.11
324.103
325.125
332.679
331.002
330.463
327.566
341.579
326.597
326.57
323.636
324.606
338.607
342.574
330.231
319.277
347.538
323.621
333.687
338.736
333.152
323.124
327.08
317.713
319.707
317.651
331.649
325.651
318.652
323.65
319.59
330.554
332.593
340.56
332.14
325.03
323.577
327.633
323.743
307.094
312.618
300.086
297.791
314.127
294.635
289.74
289.737
293.547
276.876
279.69
283.632
267.192
271.095
272.262
270.38
259.208
237.95
261.258
240.476
256.183
249.079
269.764
253.413
246.445
250.135
246.733
238.465
237.433
245.406
248.363
251.532
233.582
241.895
240.902
227.543
243.319
253.355
242.288
240.343
252.299
235.34
247.343
259.12
252.377
258.395
251.886
278.702
272.538
268.474
276.636
285.742
297.66
316.232
308.203
325.891
311.155
320.598
323.611
327.535
331.046
339.603
339.989
333.017
337.921
327.044
335.99
335.017
340.963
350.978
332.994
351.007
344.275
333.028
324.963
347.999
334.062
353.056
339.084
324.058
354.051
347.123
339.118
347.125
337.719
344.22
