319.907
333.82
344.497
335.114
326.13
327.11
338.103
339.125
329.679
320.002
331.463
324.566
343.579
322.597
326.57
327.636
326.606
328.607
336.574
320.231
330.277
336.538
326.621
331.687
330.736
339.152
329.124
327.08
313.713
327.707
322.651
325.649
330.651
331.652
327.65
331.59
336.554
330.593
322.56
335.14
318.03
307.577
326.633
311.743
289.094
310.618
307.086
300.791
300.127
298.635
291.74
280.737
291.547
284.876
282.69
288.632
280.192
278.095
261.262
259.38
255.208
256.95
263.258
244.476
247.183
267.079
239.764
238.413
249.445
246.135
246.733
227.465
240.433
242.406
239.363
236.532
238.582
251.895
237.902
236.543
239.319
242.355
241.288
241.343
247.299
258.34
244.343
249.12
258.377
249.395
257.886
278.702
267.538
276.474
283.636
274.742
304.66
298.232
311.203
323.891
327.155
327.598
316.611
328.535
324.046
343.603
337.989
346.017
341.921
347.044
338.99
344.017
351.963
341.978
326.994
335.007
344.275
333.028
316.963
333.999
341.062
336.056
347.084
342.058
343.051
353.123
337.118
346.125
349.719
329.22
