338.907
329.82
333.497
317.114
319.13
329.11
326.103
324.125
324.679
328.002
323.463
329.566
338.579
326.597
328.57
321.636
326.606
331.607
332.574
328.231
319.277
340.538
325.621
329.687
333.736
331.152
320.124
329.08
321.713
310.707
314.651
327.649
320.651
314.652
319.65
318.59
322.554
329.593
333.56
330.14
317.03
317.577
325.633
320.743
309.094
309.618
304.086
300.791
306.127
296.635
292.74
282.737
288.547
279.876
278.69
280.632
270.192
273.095
269.262
269.38
256.208
237.95
258.258
236.476
254.183
248.079
265.764
248.413
242.445
246.135
238.733
240.465
241.433
247.406
240.363
242.532
231.582
233.895
233.902
229.543
247.319
246.355
243.288
237.343
250.299
231.34
248.343
251.12
250.377
258.395
253.886
277.702
268.538
270.474
273.636
283.742
299.66
309.232
307.203
324.891
313.155
317.598
325.611
330.535
328.046
331.603
337.989
337.017
328.921
330.044
336.99
332.017
341.963
343.978
324.994
341.007
337.275
329.028
325.963
338.999
332.062
349.056
339.084
326.058
351.051
338.123
336.118
347.125
333.719
336.22
