335.907
333.82
326.497
318.114
331.13
319.11
319.103
328.125
318.679
329.002
324.463
324.566
318.579
326.597
321.57
314.636
325.606
319.607
319.574
313.231
321.277
317.538
324.621
320.687
313.736
331.152
322.124
320.08
322.713
315.707
314.651
324.649
324.651
326.652
321.65
313.59
321.554
320.593
320.56
317.14
317.03
313.577
306.633
304.743
303.094
298.618
295.086
295.791
297.127
286.635
281.74
273.737
276.547
272.876
277.69
271.632
272.192
268.095
261.262
249.38
254.208
243.95
252.258
240.476
249.183
243.079
238.764
236.413
240.445
242.135
241.733
227.465
233.433
234.406
233.363
226.532
227.582
231.895
233.902
227.543
241.319
238.355
236.288
244.343
234.299
239.34
239.343
250.12
243.377
247.395
250.886
258.702
273.538
271.474
279.636
278.742
287.66
298.232
299.203
305.891
310.155
311.598
325.611
326.535
329.046
327.603
333.989
324.017
326.921
334.044
331.99
332.017
325.963
333.978
335.994
331.007
339.275
331.028
325.963
331.999
331.062
332.056
327.084
328.058
330.051
327.123
329.118
333.125
327.719
325.22
