322.907
333.82
336.497
332.114
319.13
329.11
330.103
332.125
324.679
318.002
322.463
313.566
330.579
316.597
324.57
320.636
324.606
327.607
324.574
316.231
323.277
324.538
323.621
328.687
324.736
330.152
322.124
325.08
314.713
322.707
316.651
319.649
324.651
326.652
322.65
332.59
329.554
326.593
317.56
321.14
316.03
311.577
322.633
301.743
295.094
302.618
299.086
300.791
293.127
293.635
289.74
272.737
282.547
277.876
279.69
276.632
277.192
281.095
265.262
252.38
250.208
248.95
250.258
236.476
241.183
255.079
243.764
237.413
243.445
243.135
243.733
230.465
236.433
238.406
235.363
225.532
233.582
242.895
239.902
230.543
233.319
236.355
238.288
237.343
244.299
247.34
236.343
248.12
244.377
245.395
251.886
270.702
268.538
270.474
277.636
278.742
302.66
298.232
305.203
312.891
324.155
321.598
322.611
323.535
322.046
335.603
327.989
334.017
334.921
343.044
335.99
335.017
343.963
337.978
330.994
339.007
332.275
327.028
321.963
332.999
328.062
338.056
341.084
335.058
340.051
343.123
329.118
343.125
338.719
333.22
