341.907
332.82
323.497
327.114
331.13
328.11
317.103
329.125
328.679
329.002
324.463
328.566
330.579
323.597
324.57
322.636
326.606
320.607
316.574
316.231
318.277
326.538
323.621
323.687
321.736
324.152
320.124
322.08
333.713
316.707
328.651
323.649
324.651
328.652
321.65
322.59
321.554
322.593
324.56
328.14
329.03
309.577
309.633
309.743
295.094
307.618
300.086
303.791
297.127
284.635
285.74
277.737
290.547
280.876
274.69
270.632
271.192
280.095
269.262
266.38
256.208
257.95
257.258
243.476
254.183
251.079
245.764
243.413
238.445
243.135
235.733
239.465
236.433
236.406
231.363
220.532
228.582
238.895
236.902
231.543
248.319
232.355
245.288
247.343
245.299
242.34
235.343
244.12
245.377
246.395
256.886
268.702
283.538
272.474
270.636
289.742
292.66
300.232
309.203
307.891
311.155
322.598
325.611
315.535
331.046
327.603
338.989
334.017
336.921
337.044
335.99
336.017
330.963
334.978
333.994
327.007
336.275
330.028
334.963
332.999
336.062
338.056
329.084
335.058
334.051
338.123
327.118
343.125
330.719
318.22
