346.907
345.82
325.497
327.114
335.13
336.11
339.103
331.125
318.679
325.002
331.463
320.566
327.579
336.597
323.57
324.636
324.606
328.607
331.574
321.231
336.277
340.538
327.621
320.687
325.736
336.152
332.124
333.08
323.713
327.707
340.651
321.649
332.651
339.652
320.65
326.59
318.554
327.593
334.56
328.14
319.03
307.577
319.633
311.743
319.094
316.618
291.086
291.791
314.127
297.635
278.74
274.737
274.547
280.876
281.69
291.632
275.192
264.095
269.262
274.38
264.208
239.95
248.258
245.476
250.183
248.079
257.764
245.413
253.445
236.135
248.733
255.465
240.433
241.406
231.363
243.532
248.582
239.895
233.902
237.543
242.319
233.355
244.288
246.343
257.299
252.34
262.343
260.12
248.377
268.395
264.886
263.702
264.538
274.474
274.636
293.742
310.66
304.232
325.203
332.891
319.155
319.598
324.611
331.535
324.046
327.603
334.989
324.017
334.921
327.044
341.99
344.017
333.963
326.978
334.994
346.007
350.275
336.028
354.963
344.999
342.062
336.056
342.084
330.058
333.051
342.123
332.118
333.125
337.719
340.22
