332.907
341.82
331.497
337.114
320.13
327.11
325.103
343.125
317.679
322.002
323.463
332.566
320.579
319.597
323.57
333.636
324.606
322.607
323.574
320.231
310.277
329.538
317.621
315.687
332.736
324.152
326.124
324.08
326.713
326.707
317.651
320.649
335.651
331.652
323.65
314.59
333.554
322.593
323.56
314.14
313.03
318.577
320.633
311.743
299.094
299.618
300.086
296.791
302.127
301.635
291.74
277.737
278.547
275.876
281.69
268.632
273.192
263.095
272.262
254.38
255.208
248.95
244.258
259.476
246.183
246.079
244.764
242.413
241.445
238.135
243.733
240.465
233.433
237.406
235.363
229.532
232.582
232.895
234.902
234.543
248.319
223.355
250.288
243.343
248.299
230.34
244.343
248.12
256.377
255.395
261.886
280.702
278.538
270.474
281.636
296.742
299.66
310.232
311.203
310.891
309.155
312.598
326.611
335.535
330.046
327.603
326.989
328.017
327.921
331.044
334.99
339.017
336.963
338.978
331.994
335.007
336.275
340.028
341.963
330.999
332.062
344.056
322.084
332.058
335.051
328.123
326.118
326.125
319.719
325.22
