334.907
346.82
328.497
329.114
333.13
332.11
350.103
335.125
329.679
337.002
341.463
330.566
315.579
339.597
348.57
345.636
320.606
314.607
319.574
329.231
320.277
341.538
326.621
335.687
344.736
343.152
343.124
330.08
334.713
325.707
330.651
340.649
319.651
335.652
328.65
333.59
331.554
330.593
322.56
344.14
336.03
328.577
316.633
332.743
297.094
328.618
295.086
304.791
314.127
292.635
292.74
302.737
302.547
287.876
275.69
278.632
265.192
266.095
277.262
268.38
279.208
254.95
261.258
258.476
252.183
263.079
239.764
249.413
244.445
254.135
253.733
261.465
253.433
234.406
248.363
240.532
234.582
251.895
229.902
238.543
250.319
258.355
247.288
254.343
267.299
263.34
245.343
276.12
252.377
255.395
250.886
272.702
290.538
281.474
292.636
286.742
296.66
291.232
328.203
325.891
320.155
336.598
330.611
331.535
325.046
350.603
341.989
333.017
343.921
342.044
339.99
345.017
351.963
351.978
340.994
352.007
333.275
333.028
341.963
352.999
342.062
346.056
338.084
341.058
339.051
337.123
339.118
342.125
341.719
338.22
