326.907
323.82
336.497
326.114
332.13
327.11
338.103
320.125
328.679
323.002
319.463
318.566
328.579
323.597
324.57
323.636
323.606
319.607
325.574
317.231
321.277
323.538
325.621
322.687
313.736
328.152
329.124
337.08
317.713
320.707
312.651
317.649
322.651
316.652
321.65
316.59
315.554
328.593
320.56
325.14
318.03
314.577
314.633
306.743
302.094
297.618
296.086
306.791
299.127
298.635
293.74
279.737
275.547
272.876
272.69
281.632
266.192
264.095
262.262
261.38
264.208
243.95
256.258
249.476
263.183
240.079
252.764
243.413
247.445
236.135
234.733
240.465
242.433
235.406
230.363
233.532
234.582
241.895
235.902
219.543
231.319
231.355
249.288
243.343
238.299
243.34
253.343
246.12
243.377
257.395
254.886
262.702
271.538
262.474
276.636
295.742
300.66
303.232
298.203
318.891
310.155
311.598
326.611
323.535
339.046
330.603
333.989
334.017
332.921
332.044
335.99
323.017
338.963
336.978
342.994
339.007
345.275
336.028
328.963
329.999
328.062
346.056
337.084
331.058
330.051
336.123
330.118
338.125
335.719
330.22
