332.907
333.82
352.497
336.114
345.13
347.11
346.103
322.125
338.679
334.002
324.463
336.566
329.579
333.597
324.57
337.636
331.606
325.607
333.574
325.231
324.277
325.538
332.621
331.687
332.736
346.152
337.124
352.08
332.713
333.707
327.651
327.649
332.651
334.652
317.65
326.59
320.554
333.593
323.56
331.14
323.03
325.577
315.633
316.743
312.094
300.618
304.086
317.791
316.127
301.635
306.74
283.737
291.547
285.876
297.69
302.632
279.192
276.095
276.262
268.38
276.208
263.95
265.258
253.476
275.183
256.079
264.764
248.413
255.445
244.135
230.733
253.465
260.433
248.406
240.363
234.532
246.582
235.895
250.902
223.543
235.319
232.355
263.288
246.343
233.299
263.34
267.343
249.12
255.377
272.395
267.886
264.702
282.538
267.474
285.636
314.742
311.66
299.232
306.203
327.891
313.155
321.598
331.611
326.535
349.046
336.603
330.989
350.017
342.921
337.044
344.99
326.017
350.963
344.978
355.994
353.007
348.275
345.028
331.963
333.999
327.062
364.056
344.084
338.058
354.051
337.123
349.118
348.125
352.719
352.22
