331.907
341.82
330.497
332.114
336.13
327.11
319.103
328.125
323.679
331.002
325.463
329.566
324.579
323.597
326.57
331.636
333.606
332.607
324.574
308.231
323.277
326.538
320.621
320.687
329.736
341.152
335.124
334.08
324.713
327.707
328.651
333.649
320.651
313.652
327.65
332.59
332.554
330.593
323.56
339.14
323.03
319.577
329.633
307.743
308.094
294.618
303.086
305.791
300.127
286.635
293.74
284.737
286.547
277.876
275.69
279.632
269.192
270.095
262.262
262.38
268.208
251.95
254.258
253.476
256.183
262.079
245.764
248.413
250.445
244.135
245.733
242.465
245.433
239.406
239.363
218.532
227.582
248.895
238.902
236.543
241.319
247.355
264.288
253.343
242.299
253.34
244.343
254.12
242.377
256.395
252.886
273.702
268.538
278.474
289.636
294.742
309.66
304.232
308.203
315.891
328.155
322.598
339.611
330.535
321.046
321.603
338.989
337.017
332.921
349.044
331.99
334.017
332.963
332.978
325.994
333.007
333.275
343.028
334.963
331.999
337.062
340.056
343.084
335.058
331.051
332.123
335.118
336.125
332.719
324.22
