342.907
333.82
326.497
335.114
327.13
329.11
330.103
336.125
335.679
336.002
324.463
344.566
331.579
330.597
341.57
321.636
317.606
333.607
339.574
344.231
334.277
320.538
325.621
333.687
329.736
338.152
338.124
312.08
329.713
326.707
345.651
316.649
325.651
332.652
322.65
350.59
321.554
340.593
322.56
329.14
326.03
327.577
327.633
317.743
314.094
312.618
307.086
310.791
301.127
300.635
304.74
292.737
293.547
284.876
287.69
289.632
287.192
277.095
267.262
255.38
260.208
267.95
274.258
251.476
250.183
258.079
247.764
254.413
267.445
243.135
258.733
240.465
259.433
230.406
245.363
247.532
240.582
251.895
240.902
248.543
259.319
239.355
251.288
252.343
246.299
248.34
259.343
254.12
247.377
255.395
248.886
273.702
290.538
286.474
273.636
300.742
310.66
328.232
315.203
315.891
324.155
325.598
335.611
340.535
339.046
333.603
334.989
349.017
340.921
342.044
347.99
337.017
337.963
343.978
362.994
351.007
337.275
359.028
352.963
359.999
337.062
360.056
340.084
329.058
340.051
345.123
341.118
339.125
345.719
331.22
