341.907
327.82
333.497
335.114
326.13
324.11
326.103
326.125
324.679
335.002
320.463
324.566
324.579
321.597
312.57
330.636
312.606
320.607
325.574
326.231
316.277
323.538
326.621
319.687
317.736
326.152
327.124
323.08
322.713
321.707
318.651
325.649
320.651
327.652
318.65
316.59
324.554
320.593
326.56
321.14
319.03
313.577
318.633
303.743
300.094
298.618
288.086
289.791
300.127
297.635
289.74
280.737
279.547
276.876
276.69
264.632
270.192
277.095
259.262
254.38
253.208
246.95
250.258
251.476
252.183
241.079
241.764
244.413
245.445
243.135
240.733
239.465
231.433
227.406
238.363
233.532
224.582
247.895
229.902
225.543
243.319
233.355
240.288
243.343
249.299
242.34
241.343
251.12
245.377
246.395
255.886
263.702
278.538
261.474
284.636
283.742
289.66
290.232
302.203
306.891
314.155
308.598
314.611
319.535
327.046
327.603
334.989
330.017
338.921
333.044
335.99
339.017
329.963
335.978
341.994
335.007
336.275
330.028
341.963
327.999
325.062
334.056
329.084
342.058
330.051
337.123
329.118
331.125
319.719
328.22
