343.907
335.82
337.497
336.114
323.13
344.11
330.103
329.125
330.679
333.002
332.463
330.566
328.579
323.597
324.57
337.636
328.606
328.607
325.574
326.231
331.277
324.538
321.621
328.687
318.736
328.152
323.124
325.08
319.713
329.707
336.651
338.649
335.651
326.652
328.65
345.59
330.554
321.593
325.56
320.14
311.03
313.577
314.633
313.743
315.094
315.618
297.086
293.791
303.127
297.635
299.74
295.737
290.547
270.876
274.69
283.632
284.192
278.095
267.262
262.38
265.208
249.95
262.258
248.476
264.183
245.079
266.764
251.413
244.445
254.135
233.733
248.465
231.433
250.406
231.363
227.532
222.582
251.895
228.902
238.543
250.319
236.355
241.288
250.343
242.299
248.34
240.343
260.12
261.377
241.395
246.886
257.702
281.538
268.474
283.636
293.742
301.66
318.232
320.203
320.891
325.155
324.598
331.611
310.535
338.046
341.603
337.989
333.017
332.921
349.044
342.99
349.017
332.963
329.978
334.994
341.007
336.275
349.028
349.963
341.999
344.062
347.056
341.084
338.058
346.051
345.123
344.118
343.125
337.719
326.22
