335.907
335.82
330.497
329.114
326.13
325.11
321.103
328.125
330.679
322.002
319.463
326.566
325.579
322.597
314.57
321.636
323.606
325.607
318.574
318.231
317.277
328.538
318.621
313.687
325.736
321.152
327.124
334.08
313.713
323.707
312.651
325.649
323.651
318.652
314.65
319.59
312.554
321.593
318.56
320.14
315.03
310.577
310.633
313.743
313.094
298.618
303.086
293.791
299.127
297.635
285.74
280.737
273.547
274.876
275.69
274.632
266.192
274.095
271.262
252.38
251.208
246.95
249.258
242.476
247.183
241.079
252.764
248.413
239.445
247.135
231.733
231.465
236.433
230.406
231.363
231.532
235.582
242.895
235.902
229.543
239.319
236.355
238.288
238.343
239.299
244.34
244.343
251.12
244.377
240.395
249.886
261.702
273.538
267.474
282.636
284.742
296.66
293.232
301.203
314.891
302.155
311.598
325.611
317.535
318.046
324.603
326.989
333.017
334.921
333.044
331.99
340.017
336.963
339.978
329.994
326.007
331.275
325.028
333.963
334.999
334.062
337.056
335.084
330.058
328.051
330.123
330.118
330.125
336.719
323.22
