340.907
336.82
334.497
324.114
328.13
343.11
323.103
337.125
322.679
333.002
320.463
320.566
330.579
327.597
329.57
322.636
322.606
318.607
327.574
319.231
317.277
322.538
331.621
315.687
335.736
323.152
325.124
336.08
335.713
325.707
329.651
327.649
323.651
327.652
331.65
335.59
317.554
333.593
325.56
328.14
324.03
315.577
324.633
323.743
296.094
306.618
285.086
283.791
305.127
288.635
292.74
285.737
280.547
274.876
280.69
280.632
261.192
278.095
268.262
265.38
264.208
243.95
249.258
240.476
250.183
255.079
239.764
245.413
245.445
252.135
247.733
244.465
242.433
246.406
252.363
233.532
239.582
233.895
233.902
226.543
242.319
247.355
237.288
240.343
248.299
239.34
251.343
263.12
258.377
255.395
268.886
261.702
274.538
277.474
281.636
291.742
302.66
299.232
307.203
311.891
307.155
303.598
335.611
331.535
341.046
343.603
345.989
338.017
342.921
339.044
333.99
345.017
341.963
335.978
337.994
333.007
341.275
345.028
319.963
331.999
331.062
345.056
335.084
335.058
341.051
341.123
345.118
346.125
325.719
329.22
