323.907
329.82
332.497
327.114
320.13
325.11
331.103
328.125
326.679
320.002
319.463
315.566
331.579
318.597
324.57
320.636
325.606
324.607
321.574
316.231
324.277
324.538
318.621
324.687
324.736
330.152
324.124
326.08
315.713
323.707
317.651
319.649
324.651
323.652
318.65
329.59
326.554
323.593
318.56
321.14
318.03
311.577
323.633
302.743
296.094
299.618
299.086
295.791
295.127
294.635
285.74
272.737
283.547
273.876
274.69
276.632
273.192
277.095
267.262
253.38
247.208
243.95
250.258
238.476
243.183
250.079
239.764
239.413
240.445
240.135
239.733
226.465
236.433
234.406
231.363
225.532
229.582
238.895
234.902
230.543
233.319
237.355
239.288
239.343
239.299
243.34
236.343
245.12
245.377
242.395
253.886
271.702
268.538
266.474
277.636
278.742
303.66
298.232
307.203
313.891
320.155
323.598
318.611
323.535
322.046
336.603
327.989
335.017
330.921
338.044
332.99
330.017
340.963
334.978
326.994
340.007
333.275
327.028
322.963
332.999
330.062
335.056
341.084
336.058
337.051
340.123
324.118
340.125
333.719
328.22
