331.907
327.82
327.497
320.114
324.13
320.11
319.103
325.125
321.679
326.002
317.463
321.566
322.579
316.597
317.57
316.636
315.606
320.607
320.574
314.231
317.277
322.538
316.621
321.687
316.736
326.152
319.124
324.08
322.713
316.707
316.651
317.649
322.651
316.652
315.65
321.59
320.554
320.593
317.56
318.14
317.03
313.577
310.633
301.743
298.094
300.618
298.086
293.791
296.127
288.635
280.74
275.737
280.547
267.876
266.69
267.632
269.192
269.095
261.262
255.38
254.208
245.95
249.258
237.476
247.183
242.079
240.764
237.413
241.445
235.135
237.733
230.465
235.433
234.406
230.363
221.532
221.582
238.895
231.902
227.543
242.319
228.355
242.288
242.343
237.299
240.34
237.343
242.12
243.377
247.395
251.886
260.702
271.538
265.474
273.636
281.742
287.66
298.232
305.203
304.891
305.155
314.598
316.611
315.535
319.046
322.603
327.989
328.017
326.921
328.044
331.99
327.017
326.963
327.978
331.994
327.007
334.275
332.028
327.963
331.999
331.062
327.056
328.084
328.058
333.051
331.123
328.118
333.125
323.719
321.22
