329.907
333.82
352.497
333.114
346.13
343.11
346.103
323.125
335.679
329.002
326.463
333.566
326.579
334.597
325.57
333.636
332.606
320.607
329.574
326.231
320.277
326.538
327.621
328.687
327.736
341.152
334.124
347.08
334.713
334.707
327.651
323.649
334.651
334.652
318.65
323.59
321.554
333.593
324.56
332.14
324.03
326.577
312.633
312.743
308.094
300.618
301.086
317.791
312.127
302.635
302.74
284.737
291.547
281.876
293.69
299.632
279.192
272.095
273.262
270.38
273.208
259.95
262.258
250.476
270.183
258.079
259.764
245.413
252.445
240.135
232.733
250.465
260.433
244.406
236.363
236.532
248.582
235.895
251.902
219.543
235.319
232.355
258.288
247.343
233.299
259.34
263.343
250.12
251.377
272.395
269.886
261.702
279.538
268.474
287.636
311.742
313.66
296.232
303.203
322.891
309.155
321.598
333.611
322.535
345.046
333.603
332.989
346.017
343.921
339.044
341.99
323.017
345.963
339.978
352.994
348.007
350.275
340.028
333.963
328.999
329.062
361.056
344.084
338.058
351.051
339.123
346.118
348.125
354.719
348.22
