336.907
345.82
327.497
331.114
344.13
330.11
318.103
332.125
326.679
340.002
325.463
333.566
322.579
325.597
330.57
333.636
338.606
340.607
325.574
308.231
323.277
331.538
326.621
323.687
326.736
346.152
339.124
344.08
330.713
336.707
331.651
337.649
317.651
315.652
323.65
333.59
332.554
340.593
322.56
337.14
332.03
327.577
333.633
305.743
308.094
298.618
301.086
310.791
301.127
291.635
301.74
289.737
287.547
275.876
283.69
277.632
272.192
275.095
270.262
265.38
275.208
249.95
259.258
249.476
257.183
266.079
247.764
258.413
258.445
251.135
247.733
250.465
249.433
243.406
243.363
216.532
228.582
255.895
245.902
237.543
246.319
250.355
268.288
256.343
245.299
254.34
240.343
261.12
248.377
255.395
253.886
275.702
265.538
286.474
293.636
299.742
317.66
304.232
311.203
320.891
332.155
324.598
347.611
335.535
326.046
327.603
346.989
338.017
334.921
346.044
335.99
336.017
329.963
334.978
327.994
341.007
338.275
347.028
334.963
333.999
341.062
342.056
347.084
341.058
328.051
335.123
342.118
340.125
335.719
323.22
