338.907
336.82
330.497
332.114
335.13
325.11
329.103
328.125
333.679
330.002
327.463
326.566
321.579
330.597
334.57
317.636
334.606
323.607
330.574
319.231
334.277
321.538
327.621
316.687
323.736
333.152
336.124
333.08
327.713
320.707
323.651
327.649
326.651
321.652
326.65
322.59
326.554
319.593
331.56
321.14
322.03
322.577
313.633
308.743
304.094
306.618
298.086
306.791
304.127
290.635
296.74
284.737
281.547
282.876
261.69
268.632
270.192
273.095
270.262
265.38
259.208
233.95
253.258
245.476
250.183
242.079
247.764
237.413
232.445
246.135
242.733
231.465
246.433
234.406
243.363
223.532
229.582
239.895
232.902
235.543
238.319
236.355
241.288
252.343
245.299
248.34
242.343
244.12
258.377
261.395
256.886
259.702
273.538
266.474
281.636
291.742
287.66
301.232
300.203
317.891
316.155
320.598
324.611
321.535
339.046
325.603
336.989
334.017
332.921
339.044
331.99
330.017
335.963
336.978
320.994
337.007
341.275
328.028
334.963
332.999
332.062
331.056
342.084
327.058
338.051
334.123
337.118
339.125
326.719
328.22
