340.907
332.82
331.497
317.114
322.13
318.11
322.103
320.125
328.679
329.002
319.463
323.566
321.579
318.597
323.57
320.636
313.606
315.607
319.574
316.231
319.277
317.538
319.621
318.687
316.736
328.152
323.124
327.08
318.713
323.707
317.651
315.649
321.651
323.652
320.65
317.59
318.554
315.593
324.56
322.14
322.03
315.577
311.633
311.743
304.094
301.618
300.086
292.791
301.127
301.635
285.74
288.737
277.547
270.876
274.69
271.632
271.192
273.095
271.262
255.38
251.208
248.95
252.258
237.476
243.183
246.079
241.764
234.413
245.445
245.135
245.733
226.465
232.433
233.406
231.363
223.532
233.582
242.895
230.902
225.543
245.319
236.355
251.288
242.343
236.299
234.34
248.343
245.12
251.377
246.395
253.886
265.702
268.538
269.474
287.636
288.742
290.66
296.232
307.203
310.891
303.155
305.598
324.611
323.535
328.046
332.603
333.989
328.017
336.921
339.044
332.99
336.017
335.963
328.978
331.994
336.007
332.275
326.028
334.963
333.999
336.062
334.056
340.084
332.058
331.051
330.123
330.118
335.125
323.719
322.22
