332.907
331.82
324.497
319.114
325.13
320.11
326.103
319.125
320.679
321.002
322.463
320.566
321.579
317.597
320.57
322.636
316.606
317.607
316.574
312.231
319.277
316.538
315.621
315.687
315.736
326.152
324.124
319.08
321.713
320.707
320.651
316.649
317.651
316.652
322.65
320.59
315.554
316.593
321.56
318.14
313.03
310.577
309.633
303.743
300.094
299.618
298.086
289.791
298.127
292.635
281.74
279.737
275.547
271.876
272.69
268.632
268.192
264.095
261.262
256.38
249.208
244.95
248.258
236.476
244.183
242.079
239.764
235.413
242.445
242.135
237.733
228.465
229.433
228.406
233.363
221.532
228.582
238.895
229.902
223.543
236.319
233.355
241.288
240.343
237.299
237.34
240.343
248.12
243.377
243.395
246.886
261.702
266.538
265.474
280.636
280.742
287.66
293.232
299.203
309.891
306.155
308.598
322.611
322.535
325.046
327.603
325.989
326.017
330.921
331.044
327.99
327.017
326.963
325.978
326.994
332.007
329.275
328.028
332.963
326.999
328.062
331.056
332.084
331.058
326.051
326.123
326.118
331.125
322.719
324.22
