330.907
331.82
329.497
340.114
335.13
331.11
325.103
327.125
338.679
334.002
331.463
332.566
325.579
333.597
324.57
325.636
321.606
336.607
330.574
334.231
329.277
320.538
328.621
327.687
336.736
331.152
343.124
324.08
325.713
333.707
320.651
333.649
337.651
322.652
310.65
327.59
328.554
319.593
325.56
338.14
335.03
325.577
328.633
306.743
323.094
321.618
306.086
305.791
311.127
305.635
311.74
289.737
282.547
275.876
275.69
279.632
267.192
294.095
288.262
268.38
253.208
252.95
257.258
237.476
256.183
255.079
254.764
253.413
238.445
250.135
247.733
256.465
238.433
244.406
239.363
242.532
234.582
236.895
240.902
235.543
247.319
244.355
248.288
266.343
253.299
240.34
254.343
263.12
256.377
252.395
251.886
270.702
271.538
271.474
291.636
281.742
299.66
300.232
315.203
319.891
322.155
325.598
316.611
329.535
330.046
324.603
335.989
339.017
350.921
341.044
338.99
341.017
339.963
335.978
342.994
345.007
348.275
330.028
342.963
337.999
336.062
336.056
347.084
354.058
350.051
340.123
347.118
347.125
336.719
340.22
