346.907
345.82
325.497
330.114
340.13
336.11
343.103
336.125
318.679
329.002
335.463
323.566
325.579
340.597
327.57
322.636
322.606
332.607
329.574
324.231
335.277
339.538
330.621
324.687
323.736
334.152
337.124
337.08
321.713
330.707
345.651
321.649
330.651
344.652
324.65
331.59
322.554
331.593
333.56
327.14
324.03
312.577
318.633
311.743
317.094
315.618
290.086
296.791
317.127
301.635
283.74
278.737
274.547
280.876
286.69
291.632
280.192
268.095
272.262
279.38
264.208
244.95
251.258
249.476
249.183
251.079
257.764
245.413
257.445
236.135
247.733
258.465
245.433
241.406
235.363
246.532
246.582
239.895
236.902
237.543
241.319
238.355
249.288
244.343
260.299
255.34
260.343
259.12
248.377
273.395
264.886
262.702
267.538
278.474
277.636
297.742
314.66
303.232
330.203
331.891
318.155
322.598
329.611
331.535
329.046
327.603
333.989
324.017
339.921
327.044
346.99
348.017
336.963
331.978
339.994
351.007
354.275
334.028
357.963
344.999
347.062
336.056
340.084
333.058
337.051
346.123
331.118
338.125
337.719
343.22
