339.907
336.82
333.497
325.114
339.13
335.11
337.103
327.125
334.679
331.002
322.463
335.566
333.579
328.597
322.57
328.636
338.606
346.607
339.574
325.231
319.277
328.538
338.621
339.687
351.736
340.152
348.124
325.08
344.713
332.707
326.651
326.649
331.651
323.652
327.65
326.59
330.554
334.593
325.56
322.14
326.03
325.577
342.633
309.743
314.094
307.618
308.086
309.791
313.127
306.635
287.74
278.737
288.547
285.876
284.69
291.632
280.192
278.095
278.262
264.38
267.208
255.95
249.258
256.476
245.183
244.079
246.764
248.413
264.445
244.135
244.733
237.465
240.433
248.406
259.363
237.532
234.582
251.895
235.902
239.543
250.319
231.355
257.288
255.343
255.299
254.34
264.343
255.12
263.377
267.395
265.886
273.702
297.538
282.474
293.636
291.742
297.66
308.232
325.203
327.891
326.155
326.598
323.611
330.535
333.046
342.603
332.989
340.017
341.921
344.044
346.99
338.017
347.963
343.978
332.994
346.007
343.275
351.028
337.963
328.999
350.062
341.056
333.084
325.058
329.051
342.123
345.118
351.125
334.719
346.22
