338.907
340.82
339.497
322.114
332.13
347.11
322.103
340.125
325.679
338.002
319.463
324.566
330.579
325.597
328.57
327.636
321.606
323.607
327.574
323.231
317.277
321.538
336.621
314.687
333.736
323.152
325.124
336.08
335.713
328.707
327.651
330.649
323.651
326.652
329.65
335.59
321.554
332.593
325.56
331.14
328.03
320.577
329.633
328.743
294.094
306.618
290.086
286.791
308.127
288.635
296.74
284.737
283.547
279.876
285.69
279.632
259.192
281.095
266.262
265.38
267.208
241.95
247.258
243.476
249.183
259.079
237.764
249.413
250.445
256.135
250.733
248.465
246.433
250.406
257.363
236.532
238.582
237.895
231.902
225.543
245.319
245.355
237.288
244.343
252.299
237.34
251.343
263.12
261.377
260.395
272.886
265.702
273.538
280.474
279.636
290.742
301.66
302.232
312.203
316.891
310.155
307.598
335.611
336.535
339.046
346.603
344.989
342.017
347.921
338.044
331.99
348.017
339.963
335.978
337.994
338.007
344.275
343.028
324.963
336.999
334.062
344.056
335.084
334.058
345.051
346.123
343.118
344.125
328.719
327.22
