334.907
340.82
328.497
326.114
328.13
330.11
338.103
330.125
326.679
332.002
331.463
324.566
315.579
324.597
334.57
333.636
317.606
317.607
318.574
321.231
320.277
335.538
324.621
325.687
328.736
336.152
325.124
332.08
331.713
318.707
320.651
327.649
317.651
329.652
319.65
328.59
322.554
326.593
319.56
331.14
331.03
323.577
320.633
318.743
298.094
314.618
296.086
300.791
308.127
293.635
286.74
290.737
292.547
278.876
266.69
272.632
263.192
272.095
267.262
262.38
268.208
244.95
256.258
259.476
249.183
257.079
234.764
238.413
232.445
236.135
248.733
245.465
245.433
235.406
238.363
239.532
233.582
241.895
233.902
233.543
238.319
246.355
245.288
246.343
254.299
256.34
243.343
260.12
248.377
245.395
254.886
269.702
277.538
277.474
282.636
284.742
292.66
293.232
318.203
318.891
315.155
327.598
321.611
320.535
324.046
336.603
330.989
331.017
329.921
342.044
333.99
334.017
337.963
335.978
329.994
345.007
337.275
329.028
329.963
345.999
342.062
336.056
330.084
340.058
334.051
336.123
332.118
326.125
339.719
327.22
