322.907
328.82
325.497
325.114
323.13
317.11
316.103
328.125
330.679
326.002
314.463
320.566
326.579
318.597
329.57
319.636
318.606
317.607
328.574
320.231
322.277
323.538
313.621
317.687
321.736
330.152
334.124
317.08
314.713
317.707
322.651
317.649
318.651
315.652
324.65
325.59
314.554
323.593
319.56
321.14
315.03
320.577
311.633
305.743
300.094
293.618
295.086
294.791
290.127
292.635
282.74
278.737
283.547
269.876
269.69
278.632
272.192
273.095
261.262
254.38
254.208
243.95
259.258
240.476
244.183
253.079
247.764
243.413
248.445
234.135
240.733
238.465
245.433
229.406
238.363
236.532
230.582
239.895
228.902
229.543
245.319
231.355
240.288
239.343
245.299
239.34
242.343
247.12
247.377
248.395
248.886
267.702
273.538
272.474
273.636
282.742
300.66
306.232
304.203
312.891
308.155
317.598
329.611
323.535
330.046
327.603
333.989
341.017
327.921
334.044
333.99
334.017
328.963
338.978
339.994
336.007
328.275
340.028
331.963
337.999
329.062
340.056
328.084
331.058
338.051
323.123
338.118
330.125
328.719
323.22
