336.907
337.82
330.497
327.114
329.13
331.11
333.103
327.125
321.679
333.002
326.463
321.566
317.579
325.597
336.57
330.636
312.606
318.607
320.574
317.231
320.277
331.538
326.621
322.687
324.736
338.152
327.124
334.08
326.713
319.707
316.651
323.649
319.651
329.652
319.65
329.59
319.554
327.593
321.56
327.14
328.03
318.577
322.633
314.743
299.094
310.618
293.086
296.791
303.127
294.635
282.74
285.737
287.547
278.876
263.69
269.632
265.192
268.095
268.262
263.38
263.208
245.95
251.258
255.476
250.183
259.079
236.764
240.413
233.445
238.135
243.733
246.465
245.433
231.406
238.363
236.532
228.582
237.895
228.902
234.543
235.319
248.355
246.288
243.343
249.299
257.34
245.343
256.12
244.377
245.395
251.886
266.702
272.538
272.474
277.636
280.742
289.66
289.232
313.203
313.891
312.155
324.598
318.611
315.535
321.046
332.603
327.989
327.017
331.921
342.044
333.99
335.017
333.963
331.978
329.994
340.007
337.275
329.028
330.963
342.999
338.062
333.056
325.084
340.058
331.051
333.123
328.118
328.125
335.719
327.22
