336.907
342.82
331.497
341.114
319.13
335.11
323.103
345.125
322.679
330.002
326.463
335.566
324.579
328.597
330.57
335.636
322.606
330.607
324.574
317.231
317.277
332.538
315.621
316.687
334.736
327.152
327.124
321.08
325.713
323.707
325.651
322.649
341.651
340.652
323.65
317.59
338.554
326.593
331.56
315.14
321.03
320.577
322.633
314.743
297.094
308.618
309.086
299.791
299.127
304.635
294.74
279.737
284.547
274.876
284.69
272.632
278.192
260.095
281.262
259.38
258.208
248.95
241.258
268.476
249.183
249.079
242.764
247.413
242.445
239.135
246.733
243.465
238.433
238.406
233.363
227.532
242.582
233.895
233.902
236.543
246.319
222.355
260.288
245.343
257.299
228.34
240.343
253.12
260.377
253.395
257.886
278.702
276.538
271.474
278.636
300.742
301.66
307.232
314.203
315.891
313.155
317.598
324.611
345.535
333.046
334.603
323.989
325.017
330.921
330.044
337.99
347.017
338.963
341.978
330.994
332.007
340.275
344.028
351.963
333.999
330.062
352.056
325.084
337.058
338.051
326.123
329.118
326.125
317.719
326.22
