349.907
345.82
343.497
323.114
322.13
327.11
328.103
329.125
338.679
334.002
327.463
330.566
322.579
321.597
326.57
331.636
319.606
319.607
330.574
320.231
326.277
316.538
323.621
323.687
313.736
329.152
319.124
326.08
330.713
326.707
319.651
322.649
323.651
327.652
320.65
320.59
333.554
321.593
329.56
322.14
332.03
318.577
319.633
323.743
304.094
308.618
301.086
299.791
307.127
318.635
285.74
300.737
279.547
275.876
280.69
279.632
282.192
281.095
274.262
262.38
252.208
259.95
263.258
250.476
251.183
247.079
249.764
245.413
250.445
250.135
258.733
229.465
248.433
234.406
237.363
224.532
250.582
247.895
235.902
232.543
258.319
236.355
260.288
252.343
253.299
235.34
257.343
254.12
259.377
248.395
263.886
260.702
268.538
276.474
294.636
290.742
296.66
303.232
307.203
320.891
304.155
304.598
329.611
334.535
334.046
337.603
344.989
332.017
341.921
350.044
333.99
341.017
333.963
326.978
341.994
337.007
338.275
328.028
336.963
341.999
345.062
347.056
345.084
338.058
336.051
335.123
330.118
335.125
334.719
333.22
