330.907
331.82
326.497
326.114
321.13
329.11
320.103
324.125
316.679
324.002
315.463
321.566
321.579
313.597
321.57
314.636
320.606
320.607
327.574
317.231
316.277
320.538
319.621
321.687
323.736
322.152
327.124
329.08
327.713
320.707
320.651
315.649
319.651
322.652
318.65
320.59
320.554
325.593
317.56
317.14
315.03
318.577
314.633
307.743
303.094
294.618
291.086
292.791
302.127
286.635
286.74
274.737
279.547
276.876
266.69
267.632
268.192
263.095
254.262
254.38
248.208
244.95
246.258
237.476
246.183
248.079
248.764
246.413
245.445
244.135
237.733
230.465
232.433
230.406
227.363
233.532
225.582
236.895
233.902
222.543
242.319
233.355
239.288
242.343
234.299
240.34
239.343
245.12
253.377
243.395
244.886
260.702
271.538
261.474
277.636
284.742
297.66
296.232
299.203
309.891
303.155
314.598
324.611
322.535
330.046
329.603
325.989
335.017
331.921
333.044
333.99
331.017
327.963
330.978
327.994
333.007
329.275
329.028
335.963
331.999
330.062
331.056
331.084
332.058
332.051
330.123
326.118
326.125
328.719
325.22
