342.907
334.82
338.497
321.114
318.13
334.11
325.103
327.125
328.679
332.002
327.463
329.566
338.579
326.597
327.57
324.636
324.606
334.607
337.574
331.231
319.277
344.538
323.621
333.687
333.736
334.152
325.124
327.08
319.713
314.707
312.651
332.649
320.651
319.652
324.65
321.59
326.554
329.593
336.56
333.14
321.03
320.577
323.633
325.743
307.094
308.618
302.086
299.791
309.127
296.635
291.74
286.737
293.547
277.876
281.69
280.632
269.192
271.095
268.262
272.38
255.208
237.95
263.258
235.476
253.183
246.079
269.764
248.413
247.445
246.135
243.733
239.465
239.433
245.406
243.363
246.532
230.582
237.895
237.902
227.543
245.319
250.355
243.288
237.343
253.299
230.34
248.343
254.12
248.377
258.395
253.886
280.702
273.538
270.474
277.636
287.742
299.66
312.232
310.203
327.891
313.155
320.598
323.611
328.535
332.046
334.603
341.989
335.017
333.921
329.044
336.99
336.017
340.963
346.978
328.994
346.007
341.275
334.028
324.963
342.999
331.062
349.056
339.084
324.058
349.051
342.123
341.118
347.125
332.719
339.22
