338.907
333.82
335.497
334.114
331.13
329.11
321.103
327.125
329.679
320.002
318.463
331.566
330.579
321.597
314.57
325.636
321.606
328.607
323.574
322.231
322.277
332.538
317.621
312.687
330.736
324.152
327.124
339.08
312.713
326.707
311.651
330.649
327.651
318.652
319.65
324.59
310.554
326.593
322.56
324.14
313.03
314.577
313.633
311.743
317.094
302.618
301.086
296.791
297.127
301.635
290.74
278.737
276.547
274.876
275.69
274.632
269.192
272.095
269.262
252.38
255.208
246.95
253.258
241.476
252.183
245.079
257.764
248.413
244.445
251.135
236.733
235.465
234.433
229.406
235.363
236.532
239.582
241.895
240.902
234.543
244.319
239.355
243.288
243.343
244.299
242.34
247.343
256.12
247.377
244.395
247.886
265.702
273.538
270.474
282.636
289.742
296.66
296.232
300.203
312.891
307.155
309.598
324.611
322.535
322.046
329.603
331.989
337.017
334.921
338.044
329.99
338.017
340.963
338.978
333.994
324.007
329.275
324.028
331.963
338.999
332.062
337.056
333.084
335.058
332.051
333.123
329.118
334.125
339.719
323.22
