341.907
340.82
341.497
339.114
323.13
347.11
334.103
332.125
329.679
337.002
331.463
334.566
327.579
321.597
328.57
336.636
331.606
332.607
325.574
329.231
329.277
327.538
325.621
328.687
317.736
327.152
321.124
324.08
322.713
328.707
340.651
342.649
340.651
326.652
333.65
345.59
334.554
319.593
325.56
318.14
309.03
313.577
312.633
318.743
314.094
315.618
301.086
293.791
306.127
301.635
303.74
293.737
295.547
269.876
272.69
288.632
287.192
282.095
267.262
266.38
270.208
254.95
262.258
253.476
263.183
244.079
264.764
251.413
249.445
257.135
237.733
248.465
230.433
254.406
234.363
232.532
225.582
250.895
227.902
242.543
249.319
239.355
246.288
253.343
241.299
251.34
238.343
265.12
261.377
240.395
244.886
260.702
284.538
267.474
283.636
291.742
301.66
323.232
318.203
320.891
324.155
322.598
331.611
315.535
337.046
344.603
340.989
332.017
335.921
347.044
345.99
354.017
332.963
332.978
334.994
344.007
341.275
348.028
347.963
345.999
349.062
346.056
339.084
336.058
344.051
345.123
349.118
347.125
337.719
324.22
