338.907
337.82
324.497
322.114
331.13
323.11
323.103
332.125
322.679
333.002
329.463
328.566
316.579
331.597
325.57
314.636
328.606
317.607
322.574
311.231
326.277
317.538
322.621
320.687
313.736
331.152
325.124
325.08
322.713
320.707
318.651
322.649
322.651
331.652
324.65
318.59
320.554
323.593
323.56
316.14
320.03
313.577
304.633
308.743
301.094
301.618
294.086
299.791
301.127
291.635
284.74
271.737
275.547
270.876
281.69
276.632
272.192
271.095
264.262
253.38
254.208
243.95
255.258
243.476
253.183
242.079
238.764
235.413
243.445
246.135
246.733
226.465
237.433
232.406
231.363
231.532
230.582
235.895
237.902
225.543
244.319
242.355
239.288
242.343
238.299
244.34
244.343
250.12
243.377
246.395
249.886
258.702
273.538
270.474
283.636
277.742
287.66
298.232
303.203
310.891
314.155
309.598
324.611
326.535
332.046
327.603
333.989
322.017
324.921
334.044
335.99
335.017
330.963
333.978
340.994
334.007
343.275
335.028
324.963
331.999
329.062
335.056
332.084
326.058
334.051
330.123
333.118
336.125
326.719
330.22
