329.907
335.82
327.497
322.114
324.13
329.11
321.103
326.125
326.679
327.002
320.463
314.566
324.579
320.597
325.57
320.636
320.606
314.607
318.574
322.231
312.277
319.538
324.621
320.687
326.736
319.152
323.124
325.08
320.713
320.707
321.651
320.649
316.651
326.652
318.65
326.59
322.554
323.593
325.56
321.14
318.03
312.577
319.633
308.743
298.094
295.618
291.086
286.791
292.127
289.635
279.74
285.737
274.547
267.876
265.69
269.632
267.192
269.095
262.262
251.38
254.208
241.95
252.258
235.476
246.183
252.079
237.764
245.413
242.445
238.135
241.733
234.465
237.433
237.406
238.363
226.532
226.582
230.895
232.902
222.543
236.319
238.355
237.288
240.343
243.299
246.34
240.343
252.12
247.377
247.395
250.886
263.702
271.538
272.474
276.636
284.742
293.66
291.232
303.203
310.891
309.155
307.598
325.611
320.535
328.046
331.603
334.989
336.017
328.921
336.044
334.99
332.017
337.963
330.978
329.994
331.007
335.275
333.028
324.963
325.999
326.062
333.056
329.084
336.058
338.051
335.123
336.118
336.125
325.719
323.22
