335.907
327.82
340.497
333.114
323.13
324.11
333.103
325.125
321.679
338.002
315.463
326.566
329.579
309.597
339.57
329.636
321.606
326.607
329.574
327.231
327.277
321.538
317.621
326.687
336.736
329.152
328.124
346.08
340.713
330.707
320.651
320.649
323.651
336.652
324.65
316.59
320.554
337.593
334.56
312.14
317.03
323.577
327.633
318.743
310.094
300.618
297.086
298.791
313.127
285.635
302.74
285.737
288.547
286.876
283.69
269.632
276.192
270.095
261.262
253.38
249.208
255.95
255.258
240.476
253.183
249.079
254.764
258.413
253.445
256.135
245.733
238.465
232.433
229.406
230.363
240.532
226.582
251.895
241.902
223.543
249.319
237.355
253.288
242.343
236.299
252.34
239.343
243.12
253.377
243.395
248.886
262.702
273.538
271.474
280.636
299.742
300.66
302.232
316.203
316.891
311.155
323.598
337.611
324.535
336.046
336.603
337.989
343.017
337.921
332.044
344.99
343.017
327.963
338.978
334.994
340.007
340.275
335.028
338.963
332.999
331.062
340.056
338.084
333.058
336.051
333.123
325.118
338.125
333.719
326.22
