-115.212
-115.194
-115.251
-115.196
-115.232
-115.242
-115.208
-115.225
-118.516
-115.334
-115.322
-118.731
-118.612
-122.074
-125.605
-125.744
-129.127
-132.527
-132.642
-136.107
-139.628
-153.587
-160.33
-163.993
-164.021
-167.394
-174.381
-167.564
-181.479
-174.555
-167.599
-167.524
-160.669
-157.018
-153.438
-139.557
-129.178
-125.515
-122.04
-111.625
-101.368
-97.92
-97.816
-94.379
-97.667
-97.681
-101.032
-101.03
-97.831
-94.397
-97.622
-94.409
-101.091
-101.111
-97.777
-97.821
-94.336
-94.337
-94.367
-97.875
-101.048
-101.04
-97.85
-97.894
-101.041
-104.485
-101.018
-97.802
-94.438
-94.337
-97.784
-101.057
-94.367
-97.665
-101.173
-97.56
-97.56
-97.56
-97.56
-97.56
-97.56
-97.56
-97.56
-97.56
-97.56
-97.56
-97.56
-97.56
-97.56
-97.56
-97.56
-97.56
-97.56
-97.56
-97.56
-97.56
-97.56
-97.56
-97.56
-97.56
-97.56
-97.56
-97.56
-97.56
-97.56
-97.56
-97.56
-97.56
-97.56
-97.56
-97.56
-97.56
-97.56
-97.56
-97.56
-97.56
-97.56
-97.56
-97.56
-97.56
-97.56
-97.56
-97.56
-97.56
-97.56
-97.56
-97.56
-97.56
-97.56
-97.56
