310.84
314.126
310.843
310.81
310.812
314.123
310.861
310.834
310.844
310.773
310.76
310.708
310.559
310.625
310.681
310.467
307.222
307.233
307.098
303.855
296.725
289.708
279.094
258.357
244.489
223.45
198.793
171.106
153.416
132.56
108.32
83.771
59.428
35.042
24.47
3.5
-13.853
-24.27
-24.447
-24.53
-31.398
-28.035
-27.956
-27.956
-31.237
-27.904
-24.489
-24.487
-27.834
-27.808
-24.625
-27.911
-24.431
-21.106
-24.474
-28.041
-31.338
-31.367
-27.856
-27.83
-24.498
-27.867
-27.859
-24.501
-24.434
-24.42
-24.484
-24.53
-24.545
-31.306
-27.934
-27.897
-31.348
-31.233
-28.022
-27.902
-27.902
-27.902
-27.902
-27.902
-27.902
-27.902
-27.902
-27.902
-27.902
-27.902
-27.902
-27.902
-27.902
-27.902
-27.902
-27.902
-27.902
-27.902
-27.902
-27.902
-27.902
-27.902
-27.902
-27.902
-27.902
-27.902
-27.902
-27.902
-27.902
-27.902
-27.902
-27.902
-27.902
-27.902
-27.902
-27.902
-27.902
-27.902
-27.902
-27.902
-27.902
-27.902
-27.902
-27.902
-27.902
-27.902
-27.902
-27.902
-27.902
-27.902
-27.902
-27.902
-27.902
-27.902
