-139.581
-139.637
-139.736
-146.52
-156.972
-160.574
-164.093
-181.544
-185.25
-209.524
-230.35
-251.187
-265.257
-282.747
-303.756
-317.577
-331.618
-335.171
-338.627
-373.788
-342.148
-338.439
-334.743
-313.968
-303.513
-275.572
-251.401
-226.812
-195.592
-171.102
-139.607
-135.891
-139.36
-146.377
-164.01
-171.28
-185.026
-195.651
-199.076
-213.064
-216.567
-219.836
-216.571
-212.954
-198.956
-195.417
-188.502
-171.038
-164.075
-146.544
-136.022
-132.575
-132.643
-136.163
-139.746
-143.391
-157.216
-164.141
-167.617
-167.804
-167.818
-171.086
-171.073
-167.78
-167.707
-167.607
-164.105
-157.095
-146.464
-139.671
-139.452
-136.261
-139.599
-143.062
-146.693
-146.779
-150.199
-150.22
-153.462
-150.265
-150.261
-150.179
-146.744
-146.654
-149.899
-143.308
-146.575
-143.007
-143.172
-139.614
-143.101
-143.083
-149.904
-150.04
-153.402
-149.991
-150.078
-153.534
-149.942
-160.57
-160.57
-160.57
-160.57
-160.57
-160.57
-160.57
-160.57
-160.57
-160.57
-160.57
-160.57
-160.57
-160.57
-160.57
-160.57
-160.57
-160.57
-160.57
-160.57
-160.57
-160.57
-160.57
-160.57
-160.57
-160.57
-160.57
-160.57
-160.57
-160.57
-160.57
