335.118
335.061
335.029
331.604
331.567
331.443
327.93
327.893
314.132
310.662
307.077
300.216
279.25
275.575
272.158
254.608
251.309
244.319
240.86
-353.026
244.273
247.908
254.831
265.227
272.345
275.78
296.481
303.578
310.65
321.269
331.679
338.631
338.516
335.112
328.168
331.448
324.677
328.102
324.661
320.948
314.151
314.11
314.182
310.955
317.598
324.601
324.572
328.113
331.577
335.055
335.139
331.814
338.37
338.415
338.446
334.957
334.902
331.57
328.109
328.135
328.133
328.136
331.477
331.537
331.513
331.71
335.033
331.724
338.489
338.495
338.543
345.376
345.536
342.083
338.626
341.993
338.548
338.553
335.067
335.06
335.104
331.638
335.047
334.994
338.587
338.552
335.168
338.649
338.521
338.448
335.102
335.049
338.506
341.949
338.595
338.639
341.971
338.428
334.88
335.081
335.081
335.081
335.081
335.081
335.081
335.081
335.081
335.081
335.081
335.081
335.081
335.081
335.081
335.081
335.081
335.081
335.081
335.081
335.081
335.081
335.081
335.081
335.081
335.081
335.081
335.081
335.081
335.081
335.081
335.081
