-118.722
-118.711
-122.043
-118.718
-118.75
-122.076
-118.744
-118.705
-118.8
-122.028
-122.28
-125.57
-125.764
-125.757
-122.377
-125.572
-125.545
-125.601
-128.915
-125.446
-118.667
-125.832
-122.299
-129.221
-135.887
-136.222
-136.05
-136.1
-139.542
-143.027
-146.612
-150.077
-149.99
-156.876
-160.518
-160.454
-160.425
-160.386
-157.079
-157.057
-160.414
-160.486
-160.384
-157.039
-156.966
-156.962
-156.946
-153.464
-153.408
-153.44
-153.411
-153.586
-153.666
-153.684
-156.937
-156.952
-153.574
-150.037
-150.165
-146.574
-146.371
-139.731
-136.045
-132.627
-122.303
-118.711
-118.62
-122.038
-115.445
-118.671
-118.634
-118.771
-122.028
-122.279
-122.341
-122.377
-129.06
-125.754
-129.208
-136.084
-139.601
-143.044
-139.614
-142.992
-139.647
-139.574
-139.562
-136.141
-136.068
-136.137
-136.175
-136.26
-136.297
-136.239
-139.552
-136.122
-136.234
-136.215
-136.123
-132.757
-132.754
-136.159
-136.106
-139.608
-143.009
-143.009
-143.009
-143.009
-143.009
-143.009
-143.009
-143.009
-143.009
-143.009
-143.009
-143.009
-143.009
-143.009
-143.009
-143.009
-143.009
-143.009
-143.009
-143.009
-143.009
-143.009
-143.009
-143.009
-143.009
-143.009
