223.405
226.615
223.484
223.462
223.456
223.501
226.759
226.975
230.371
233.917
233.809
237.246
233.782
233.746
233.752
237.303
237.24
230.418
230.387
226.861
219.859
212.68
205.798
195.322
188.452
178.065
181.546
188.394
181.513
181.611
185
188.402
195.498
191.933
195.53
198.914
212.96
216.518
219.996
226.863
237.259
247.575
247.733
251.058
247.78
251.046
244.496
237.476
227.077
226.779
219.882
209.606
195.686
188.61
184.934
184.933
174.594
178.028
178.078
181.672
188.564
191.945
192.149
192.174
206.072
216.588
223.154
226.804
237.221
247.832
254.715
258.423
272.328
279.29
282.801
286.202
289.736
293.128
296.677
303.697
307.187
310.471
307.261
310.598
310.676
310.793
314.009
310.635
313.993
310.637
310.632
310.571
310.591
310.645
310.654
310.684
310.604
310.691
307.464
310.653
307.371
307.376
310.533
310.648
314.068
314.068
314.068
314.068
314.068
314.068
314.068
314.068
314.068
314.068
314.068
314.068
314.068
314.068
314.068
314.068
314.068
314.068
314.068
314.068
314.068
314.068
314.068
314.068
314.068
314.068
