317.7
317.707
321.079
321.052
324.629
320.921
324.482
324.573
324.535
321.043
317.771
320.937
310.821
310.478
307.147
303.584
296.726
282.823
279.275
279.128
272.386
268.856
272.335
279.103
279.282
286.452
307.15
307.312
317.722
334.965
335.103
338.681
338.687
335.201
334.92
317.82
314.136
310.654
296.791
300.228
296.718
289.908
296.812
303.585
307.06
307.157
310.668
314.073
314.223
327.984
331.529
331.528
324.564
317.693
317.547
314.102
314.048
314.072
310.556
307.106
296.83
296.717
296.709
303.721
310.672
317.401
310.621
317.511
314.302
334.863
331.771
338.382
338.503
328.214
324.507
321.117
321.131
314.382
314.203
310.934
310.828
314.252
314.196
317.653
317.685
321.107
321.152
321.049
317.844
317.864
321.106
317.719
321.122
328.117
328.117
328.117
328.117
328.117
328.117
328.117
328.117
328.117
328.117
328.117
328.117
328.117
328.117
328.117
328.117
328.117
328.117
328.117
328.117
328.117
328.117
328.117
328.117
328.117
328.117
328.117
328.117
328.117
328.117
328.117
328.117
328.117
328.117
328.117
328.117
328.117
