-3.42999
-6.80399
-3.50699
-3.56799
-3.46301
-6.81299
-6.823
-3.44998
-6.957
-7.00198
-7.009
-13.886
-17.441
-20.997
-24.427
-41.785
-48.869
-55.933
-76.522
-80.283
-83.86
-90.813
-90.695
-90.747
-87.145
-80.341
-80.09
-73.137
-55.855
-45.464
-41.851
-34.79
-24.369
-20.869
-21.048
-24.398
-34.939
-48.6
-48.801
-55.773
-66.235
-73.17
-73.144
-73.19
-73.17
-69.837
-69.663
-55.936
-48.982
-42.063
-34.942
-24.426
-17.416
-13.999
-10.46
-13.861
-13.963
-14.109
-17.463
-17.584
-27.915
-31.487
-34.794
-34.856
-34.798
-34.803
-21.071
-17.514
-14.094
-14.042
-13.905
-10.561
-6.87701
-3.444
-0.0840149
-0.107025
-3.495
-3.57401
-7.00702
-10.365
-10.463
-7.06799
-7.065
-6.99301
-6.883
-6.85101
-3.47
-3.44299
-3.38098
-0.0870056
-3.418
-0.0570068
-3.465
-3.41501
-3.466
-10.316
-6.89499
-6.89499
-6.89499
-6.89499
-6.89499
-6.89499
-6.89499
-6.89499
-6.89499
-6.89499
-6.89499
-6.89499
-6.89499
-6.89499
-6.89499
-6.89499
-6.89499
-6.89499
-6.89499
-6.89499
-6.89499
-6.89499
-6.89499
-6.89499
-6.89499
-6.89499
-6.89499
-6.89499
-6.89499
-6.89499
-6.89499
-6.89499
-6.89499
-6.89499
