345.557
345.486
342.321
345.6
345.474
345.441
342.21
345.582
342.149
342.244
342.174
342.159
342.147
342.213
345.406
342.074
341.983
331.587
331.602
328.077
324.61
321.095
321.007
321.166
328.154
331.605
342.039
349.009
352.611
352.556
352.576
352.515
349.083
349.001
349.057
349.107
352.495
352.626
359.479
359.261
352.44
349.104
349.053
345.618
349.056
348.976
352.486
355.885
352.561
356.018
359.444
352.648
355.956
352.552
352.619
352.561
352.547
356.024
352.556
352.688
352.71
352.576
352.677
356.035
356.051
355.918
356.074
355.975
355.956
352.518
349.219
352.478
349.095
342.372
345.699
345.724
348.946
349.018
345.69
345.543
345.538
345.558
345.551
345.559
345.585
345.596
345.643
345.654
345.604
345.782
345.704
345.688
348.95
345.699
345.688
345.588
349.12
349.12
349.12
349.12
349.12
349.12
349.12
349.12
349.12
349.12
349.12
349.12
349.12
349.12
349.12
349.12
349.12
349.12
349.12
349.12
349.12
349.12
349.12
349.12
349.12
349.12
349.12
349.12
349.12
349.12
349.12
349.12
349.12
349.12
