13.783
24.553
69.875
69.769
73.302
80.46
94.119
87.291
83.875
80.421
80.253
76.795
73.153
69.795
62.884
62.799
62.777
62.772
62.815
62.892
62.932
62.95
62.879
59.586
59.549
62.927
59.461
59.478
62.823
62.94
66.338
62.934
69.73
66.437
69.747
73.123
73.178
73.167
73.125
73.108
69.74
66.459
62.989
66.331
73.089
73.306
73.306
73.306
73.306
73.306
73.306
73.306
73.306
73.306
73.306
73.306
73.306
73.306
73.306
73.306
73.306
73.306
73.306
73.306
73.306
73.306
73.306
73.306
73.306
73.306
73.306
73.306
73.306
73.306
73.306
73.306
73.306
73.306
73.306
73.306
73.306
73.306
73.306
73.306
73.306
73.306
73.306
73.306
73.306
73.306
73.306
73.306
73.306
73.306
73.306
73.306
73.306
73.306
73.306
73.306
73.306
73.306
73.306
73.306
73.306
73.306
73.306
73.306
73.306
73.306
73.306
73.306
73.306
73.306
73.306
73.306
73.306
73.306
73.306
73.306
73.306
73.306
73.306
73.306
73.306
73.306
73.306
73.306
73.306
73.306
