324.398
279.083
265.071
191.755
136.317
90.588
52.529
24.345
0.0589905
-21.064
-34.747
-45.413
-49.001
-52.262
-52.286
-52.346
-52.459
-52.539
-52.306
-52.315
-52.346
-52.302
-48.877
-48.917
-52.241
-52.139
-52.349
-55.567
-52.293
-55.654
-55.64
-52.412
-55.567
-55.703
-52.33
-52.311
-52.391
-52.254
-52.446
-52.348
-52.338
-52.446
-52.509
-49.051
-45.389
-48.99
-48.99
-48.99
-48.99
-48.99
-48.99
-48.99
-48.99
-48.99
-48.99
-48.99
-48.99
-48.99
-48.99
-48.99
-48.99
-48.99
-48.99
-48.99
-48.99
-48.99
-48.99
-48.99
-48.99
-48.99
-48.99
-48.99
-48.99
-48.99
-48.99
-48.99
-48.99
-48.99
-48.99
-48.99
-48.99
-48.99
-48.99
-48.99
-48.99
-48.99
-48.99
-48.99
-48.99
-48.99
-48.99
-48.99
-48.99
-48.99
-48.99
-48.99
-48.99
-48.99
-48.99
-48.99
-48.99
-48.99
-48.99
-48.99
-48.99
-48.99
-48.99
-48.99
-48.99
-48.99
-48.99
-48.99
-48.99
-48.99
-48.99
-48.99
-48.99
-48.99
-48.99
-48.99
-48.99
-48.99
-48.99
-48.99
-48.99
-48.99
-48.99
-48.99
-48.99
-48.99
