-115.984
-114.013
-118.263
-119.247
-117.277
-118.303
-119.26
-123.306
-123.305
-124.21
-118.824
-114.802
-114.675
-111.734
-107.602
-99.819
-91.26
-85.616
-71.8
-65.791
-68.199
-57.895
-59.78
-56.19
-54.415
-43.955
-52.834
-50.838
-49.457
-57.935
-55.256
-57.929
-61.239
-56.875
-56.909
-60.129
-56.813
-52.758
-57.833
-50.72
-52.69
-56.771
-52.722
-50.667
-56.649
-56.827
-50.663
-57.691
-55.82
-51.749
-48.496
-53.486
-47.458
-56.736
-55.794
-56.761
-52.734
-52.519
-52.797
-57.81
-54.59
-56.799
-49.512
-47.591
-53.512
-57.707
-37.051
-42.466
-44.978
-44.978
-44.978
-44.978
-44.978
-44.978
-44.978
-44.978
-44.978
-44.978
-44.978
-44.978
-44.978
-44.978
-44.978
-44.978
-44.978
-44.978
-44.978
-44.978
-44.978
-44.978
-44.978
-44.978
-44.978
-44.978
-44.978
-44.978
-44.978
-44.978
-44.978
-44.978
-44.978
-44.978
-44.978
-44.978
-44.978
-44.978
-44.978
-44.978
-44.978
-44.978
-44.978
-44.978
-44.978
-44.978
-44.978
-44.978
-44.978
-44.978
-44.978
-44.978
-44.978
-44.978
-44.978
-44.978
-44.978
-44.978
-44.978
-44.978
-44.978
-44.978
