-111.984
-111.013
-114.263
-92.247
-110.277
-115.303
-113.26
-111.306
-105.305
-110.21
-106.824
-107.802
-105.675
-88.734
-107.602
-77.819
-79.26
-79.616
-67.8
-56.791
-59.199
-45.895
-50.78
-58.19
-43.415
-40.955
-46.834
-44.838
-51.457
-51.935
-49.256
-55.929
-46.239
-52.875
-42.909
-51.129
-54.813
-37.758
-35.833
-41.72
-35.69
-40.771
-50.722
-42.667
-52.649
-38.827
-37.663
-48.691
-43.82
-57.749
-28.496
-52.486
-33.458
-43.736
-40.794
-37.761
-53.734
-38.519
-44.797
-52.81
-48.59
-41.799
-45.512
-38.591
-34.512
-63.707
-36.051
-30.466
-45.978
-45.978
-45.978
-45.978
-45.978
-45.978
-45.978
-45.978
-45.978
-45.978
-45.978
-45.978
-45.978
-45.978
-45.978
-45.978
-45.978
-45.978
-45.978
-45.978
-45.978
-45.978
-45.978
-45.978
-45.978
-45.978
-45.978
-45.978
-45.978
-45.978
-45.978
-45.978
-45.978
-45.978
-45.978
-45.978
-45.978
-45.978
-45.978
-45.978
-45.978
-45.978
-45.978
-45.978
-45.978
-45.978
-45.978
-45.978
-45.978
-45.978
-45.978
-45.978
-45.978
-45.978
-45.978
-45.978
-45.978
-45.978
-45.978
-45.978
-45.978
-45.978
