-122.984
-108.013
-112.263
-114.247
-117.277
-109.303
-119.26
-116.306
-120.305
-120.21
-104.824
-115.802
-103.675
-99.734
-110.602
-89.819
-90.26
-81.616
-73.8
-68.791
-56.199
-57.895
-59.78
-42.19
-37.415
-38.955
-56.834
-50.838
-54.457
-49.935
-43.256
-49.929
-51.239
-50.875
-43.909
-58.129
-49.813
-49.758
-52.833
-43.72
-49.69
-40.771
-49.722
-42.667
-51.649
-49.827
-49.663
-44.691
-56.82
-55.749
-49.496
-45.486
-47.458
-42.736
-53.794
-46.761
-52.734
-57.519
-53.797
-58.81
-44.59
-44.799
-50.512
-44.591
-44.512
-48.707
-27.051
-37.466
-40.978
-40.978
-40.978
-40.978
-40.978
-40.978
-40.978
-40.978
-40.978
-40.978
-40.978
-40.978
-40.978
-40.978
-40.978
-40.978
-40.978
-40.978
-40.978
-40.978
-40.978
-40.978
-40.978
-40.978
-40.978
-40.978
-40.978
-40.978
-40.978
-40.978
-40.978
-40.978
-40.978
-40.978
-40.978
-40.978
-40.978
-40.978
-40.978
-40.978
-40.978
-40.978
-40.978
-40.978
-40.978
-40.978
-40.978
-40.978
-40.978
-40.978
-40.978
-40.978
-40.978
-40.978
-40.978
-40.978
-40.978
-40.978
-40.978
-40.978
-40.978
-40.978
