116.984
123.013
120.263
126.247
120.277
120.303
120.26
126.306
126.305
121.21
121.824
117.802
116.675
111.734
110.602
97.819
98.26
94.616
74.8
67.791
69.199
67.895
66.78
62.19
50.415
52.955
54.834
55.838
57.457
55.935
57.256
53.929
59.239
54.875
58.909
63.129
60.813
55.758
54.833
54.72
55.69
60.771
60.722
54.667
60.649
59.827
55.663
59.691
55.82
54.749
51.496
50.486
52.458
58.736
60.794
53.761
58.734
55.519
53.797
53.81
55.59
55.799
57.512
56.591
51.512
59.707
40.051
49.466
46.978
46.978
46.978
46.978
46.978
46.978
46.978
46.978
46.978
46.978
46.978
46.978
46.978
46.978
46.978
46.978
46.978
46.978
46.978
46.978
46.978
46.978
46.978
46.978
46.978
46.978
46.978
46.978
46.978
46.978
46.978
46.978
46.978
46.978
46.978
46.978
46.978
46.978
46.978
46.978
46.978
46.978
46.978
46.978
46.978
46.978
46.978
46.978
46.978
46.978
46.978
46.978
46.978
46.978
46.978
46.978
46.978
46.978
46.978
46.978
46.978
46.978
