122.984
122.013
124.263
129.247
129.277
124.303
119.26
119.306
128.305
124.21
122.824
116.802
121.675
116.734
114.602
100.819
103.26
100.616
81.8
72.791
68.199
63.895
60.78
61.19
49.415
48.955
64.834
53.838
56.457
59.935
68.256
56.929
57.239
51.875
53.909
61.129
63.813
56.758
64.833
62.72
57.69
63.771
64.722
53.667
64.649
63.827
62.663
52.691
54.82
63.749
61.496
50.486
55.458
54.736
52.794
53.761
65.734
60.519
62.797
57.81
55.59
63.799
56.512
50.591
53.512
57.707
51.051
46.466
46.978
46.978
46.978
46.978
46.978
46.978
46.978
46.978
46.978
46.978
46.978
46.978
46.978
46.978
46.978
46.978
46.978
46.978
46.978
46.978
46.978
46.978
46.978
46.978
46.978
46.978
46.978
46.978
46.978
46.978
46.978
46.978
46.978
46.978
46.978
46.978
46.978
46.978
46.978
46.978
46.978
46.978
46.978
46.978
46.978
46.978
46.978
46.978
46.978
46.978
46.978
46.978
46.978
46.978
46.978
46.978
46.978
46.978
46.978
46.978
46.978
46.978
