129.984
128.013
137.263
142.247
127.277
137.303
134.26
130.306
133.305
124.21
129.824
129.802
120.675
136.734
128.602
106.819
112.26
105.616
88.8
73.791
82.199
74.895
77.78
63.19
63.415
48.955
67.834
62.838
72.457
74.935
80.256
51.929
71.239
66.875
62.909
70.129
72.813
68.758
68.833
54.72
77.69
67.771
62.722
71.667
58.649
63.827
60.663
69.691
72.82
74.749
80.496
59.486
67.458
70.736
81.794
60.761
59.734
63.519
81.797
68.81
73.59
68.799
71.512
67.591
45.512
74.707
53.051
60.466
61.978
61.978
61.978
61.978
61.978
61.978
61.978
61.978
61.978
61.978
61.978
61.978
61.978
61.978
61.978
61.978
61.978
61.978
61.978
61.978
61.978
61.978
61.978
61.978
61.978
61.978
61.978
61.978
61.978
61.978
61.978
61.978
61.978
61.978
61.978
61.978
61.978
61.978
61.978
61.978
61.978
61.978
61.978
61.978
61.978
61.978
61.978
61.978
61.978
61.978
61.978
61.978
61.978
61.978
61.978
61.978
61.978
61.978
61.978
61.978
61.978
61.978
