123.984
131.013
146.263
139.247
130.277
122.303
137.26
134.306
141.305
143.21
133.824
133.802
136.675
132.734
131.602
117.819
113.26
106.616
90.8
91.791
64.199
78.895
71.78
79.19
62.415
67.955
75.834
54.838
64.457
63.935
73.256
75.929
65.239
69.875
60.909
81.129
68.813
65.758
76.833
49.72
63.69
68.771
73.722
67.667
54.649
83.827
61.663
71.691
78.82
57.749
72.496
51.486
63.458
57.736
77.794
61.761
79.734
50.519
60.797
65.81
65.59
61.799
68.512
74.591
50.512
82.707
52.051
65.466
77.978
77.978
77.978
77.978
77.978
77.978
77.978
77.978
77.978
77.978
77.978
77.978
77.978
77.978
77.978
77.978
77.978
77.978
77.978
77.978
77.978
77.978
77.978
77.978
77.978
77.978
77.978
77.978
77.978
77.978
77.978
77.978
77.978
77.978
77.978
77.978
77.978
77.978
77.978
77.978
77.978
77.978
77.978
77.978
77.978
77.978
77.978
77.978
77.978
77.978
77.978
77.978
77.978
77.978
77.978
77.978
77.978
77.978
77.978
77.978
77.978
77.978
