-104.984
-99.013
-107.263
-115.247
-114.277
-97.303
-95.26
-125.306
-116.305
-97.21
-106.824
-107.802
-108.675
-95.734
-103.602
-69.819
-80.26
-59.616
-53.8
-46.791
-42.199
-43.895
-57.78
-37.19
-28.415
-27.955
-21.834
-32.838
-36.457
-35.935
-53.256
-51.929
-54.239
-39.875
-49.909
-45.129
-39.813
-47.758
-39.833
-38.72
-23.69
-27.771
-29.722
-40.667
-42.649
-48.827
-26.663
-41.691
-37.82
-31.749
-42.496
-43.486
-36.458
-41.736
-25.794
-35.761
-33.734
-29.519
-31.797
-59.81
-52.59
-47.799
-27.512
-31.591
-49.512
-41.707
-40.051
-27.466
-56.978
-56.978
-56.978
-56.978
-56.978
-56.978
-56.978
-56.978
-56.978
-56.978
-56.978
-56.978
-56.978
-56.978
-56.978
-56.978
-56.978
-56.978
-56.978
-56.978
-56.978
-56.978
-56.978
-56.978
-56.978
-56.978
-56.978
-56.978
-56.978
-56.978
-56.978
-56.978
-56.978
-56.978
-56.978
-56.978
-56.978
-56.978
-56.978
-56.978
-56.978
-56.978
-56.978
-56.978
-56.978
-56.978
-56.978
-56.978
-56.978
-56.978
-56.978
-56.978
-56.978
-56.978
-56.978
-56.978
-56.978
-56.978
-56.978
-56.978
-56.978
-56.978
