126.984
119.013
129.263
124.247
129.277
132.303
120.26
119.306
131.305
126.21
124.824
119.802
116.675
119.734
113.602
100.819
98.26
95.616
85.8
70.791
69.199
70.895
63.78
66.19
55.415
50.955
58.834
60.838
59.457
56.935
62.256
53.929
61.239
59.875
58.909
67.129
60.813
63.758
59.833
58.72
57.69
59.771
57.722
52.667
59.649
59.827
61.663
57.691
59.82
58.749
59.496
56.486
55.458
63.736
53.794
51.761
58.734
50.519
51.797
53.81
55.59
59.799
58.512
55.591
52.512
63.707
45.051
53.466
44.978
44.978
44.978
44.978
44.978
44.978
44.978
44.978
44.978
44.978
44.978
44.978
44.978
44.978
44.978
44.978
44.978
44.978
44.978
44.978
44.978
44.978
44.978
44.978
44.978
44.978
44.978
44.978
44.978
44.978
44.978
44.978
44.978
44.978
44.978
44.978
44.978
44.978
44.978
44.978
44.978
44.978
44.978
44.978
44.978
44.978
44.978
44.978
44.978
44.978
44.978
44.978
44.978
44.978
44.978
44.978
44.978
44.978
44.978
44.978
44.978
44.978
