-104.984
-108.013
-120.263
-115.247
-104.277
-105.303
-114.26
-106.306
-119.305
-114.21
-92.824
-95.802
-104.675
-99.734
-107.602
-94.819
-75.26
-76.616
-60.8
-68.791
-46.199
-53.895
-44.78
-33.19
-40.415
-25.955
-42.834
-43.838
-33.457
-39.935
-49.256
-41.929
-34.239
-45.875
-60.909
-50.129
-44.813
-46.758
-41.833
-39.72
-50.69
-52.771
-36.722
-34.667
-53.649
-40.827
-32.663
-49.691
-48.82
-40.749
-47.496
-41.486
-24.458
-56.736
-47.794
-50.761
-35.734
-43.519
-41.797
-44.81
-37.59
-40.799
-29.512
-34.591
-36.512
-38.707
-27.051
-42.466
-40.978
-40.978
-40.978
-40.978
-40.978
-40.978
-40.978
-40.978
-40.978
-40.978
-40.978
-40.978
-40.978
-40.978
-40.978
-40.978
-40.978
-40.978
-40.978
-40.978
-40.978
-40.978
-40.978
-40.978
-40.978
-40.978
-40.978
-40.978
-40.978
-40.978
-40.978
-40.978
-40.978
-40.978
-40.978
-40.978
-40.978
-40.978
-40.978
-40.978
-40.978
-40.978
-40.978
-40.978
-40.978
-40.978
-40.978
-40.978
-40.978
-40.978
-40.978
-40.978
-40.978
-40.978
-40.978
-40.978
-40.978
-40.978
-40.978
-40.978
-40.978
-40.978
