-106.984
-106.013
-94.263
-105.247
-102.277
-114.303
-103.26
-109.306
-114.305
-117.21
-112.824
-108.802
-110.675
-103.734
-95.602
-88.819
-83.26
-81.616
-60.8
-63.791
-50.199
-69.895
-40.78
-35.19
-25.415
-33.955
-43.834
-47.838
-42.457
-42.935
-42.256
-29.929
-44.239
-38.875
-47.909
-50.129
-37.813
-37.758
-40.833
-67.72
-48.69
-48.771
-52.722
-36.667
-50.649
-45.827
-46.663
-21.691
-27.82
-36.749
-50.496
-42.486
-33.458
-43.736
-40.794
-41.761
-37.734
-37.519
-27.797
-35.81
-24.59
-42.799
-26.512
-34.591
-28.512
-44.707
-26.051
-35.466
-42.978
-42.978
-42.978
-42.978
-42.978
-42.978
-42.978
-42.978
-42.978
-42.978
-42.978
-42.978
-42.978
-42.978
-42.978
-42.978
-42.978
-42.978
-42.978
-42.978
-42.978
-42.978
-42.978
-42.978
-42.978
-42.978
-42.978
-42.978
-42.978
-42.978
-42.978
-42.978
-42.978
-42.978
-42.978
-42.978
-42.978
-42.978
-42.978
-42.978
-42.978
-42.978
-42.978
-42.978
-42.978
-42.978
-42.978
-42.978
-42.978
-42.978
-42.978
-42.978
-42.978
-42.978
-42.978
-42.978
-42.978
-42.978
-42.978
-42.978
-42.978
-42.978
