129.984
133.013
136.263
120.247
134.277
131.303
116.26
133.306
122.305
141.21
142.824
127.802
130.675
119.734
123.602
107.819
103.26
102.616
81.8
76.791
75.199
76.895
77.78
68.19
59.415
59.955
64.834
73.838
66.457
63.935
84.256
69.929
76.239
72.875
68.909
78.129
69.813
66.758
66.833
64.72
67.69
55.771
63.722
72.667
70.649
70.827
77.663
73.691
66.82
76.749
70.496
70.486
68.458
59.736
71.794
68.761
88.734
81.519
60.797
69.81
71.59
66.799
72.512
61.591
67.512
56.707
59.051
55.466
66.978
66.978
66.978
66.978
66.978
66.978
66.978
66.978
66.978
66.978
66.978
66.978
66.978
66.978
66.978
66.978
66.978
66.978
66.978
66.978
66.978
66.978
66.978
66.978
66.978
66.978
66.978
66.978
66.978
66.978
66.978
66.978
66.978
66.978
66.978
66.978
66.978
66.978
66.978
66.978
66.978
66.978
66.978
66.978
66.978
66.978
66.978
66.978
66.978
66.978
66.978
66.978
66.978
66.978
66.978
66.978
66.978
66.978
66.978
66.978
66.978
66.978
