-114.984
-114.013
-113.263
-114.247
-118.277
-109.303
-117.26
-112.306
-108.305
-116.21
-119.824
-119.802
-105.675
-101.734
-106.602
-93.819
-83.26
-87.616
-59.8
-53.791
-56.199
-60.895
-57.78
-37.19
-44.415
-38.955
-47.834
-36.838
-41.457
-45.935
-46.256
-47.929
-50.239
-49.875
-35.909
-44.129
-53.813
-45.758
-56.833
-47.72
-41.69
-52.771
-38.722
-54.667
-48.649
-53.827
-52.663
-49.691
-55.82
-51.749
-51.496
-54.486
-47.458
-44.736
-54.794
-49.761
-57.734
-44.519
-41.797
-45.81
-48.59
-53.799
-43.512
-48.591
-59.512
-39.707
-29.051
-35.466
-44.978
-44.978
-44.978
-44.978
-44.978
-44.978
-44.978
-44.978
-44.978
-44.978
-44.978
-44.978
-44.978
-44.978
-44.978
-44.978
-44.978
-44.978
-44.978
-44.978
-44.978
-44.978
-44.978
-44.978
-44.978
-44.978
-44.978
-44.978
-44.978
-44.978
-44.978
-44.978
-44.978
-44.978
-44.978
-44.978
-44.978
-44.978
-44.978
-44.978
-44.978
-44.978
-44.978
-44.978
-44.978
-44.978
-44.978
-44.978
-44.978
-44.978
-44.978
-44.978
-44.978
-44.978
-44.978
-44.978
-44.978
-44.978
-44.978
-44.978
-44.978
-44.978
