-102.984
-103.013
-119.263
-113.247
-107.277
-115.303
-118.26
-116.306
-111.305
-112.21
-105.824
-117.802
-110.675
-108.734
-110.602
-79.819
-83.26
-73.616
-63.8
-69.791
-57.199
-46.895
-50.78
-48.19
-46.415
-41.955
-38.834
-57.838
-44.457
-56.935
-45.256
-34.929
-44.239
-40.875
-50.909
-54.129
-39.813
-60.758
-52.833
-54.72
-46.69
-42.771
-52.722
-48.667
-33.649
-47.827
-47.663
-52.691
-39.82
-38.749
-49.496
-49.486
-39.458
-45.736
-39.794
-47.761
-43.734
-30.519
-43.797
-48.81
-54.59
-45.799
-40.512
-53.591
-50.512
-47.707
-40.051
-31.466
-51.978
-51.978
-51.978
-51.978
-51.978
-51.978
-51.978
-51.978
-51.978
-51.978
-51.978
-51.978
-51.978
-51.978
-51.978
-51.978
-51.978
-51.978
-51.978
-51.978
-51.978
-51.978
-51.978
-51.978
-51.978
-51.978
-51.978
-51.978
-51.978
-51.978
-51.978
-51.978
-51.978
-51.978
-51.978
-51.978
-51.978
-51.978
-51.978
-51.978
-51.978
-51.978
-51.978
-51.978
-51.978
-51.978
-51.978
-51.978
-51.978
-51.978
-51.978
-51.978
-51.978
-51.978
-51.978
-51.978
-51.978
-51.978
-51.978
-51.978
-51.978
-51.978
