130.984
124.013
129.263
124.247
135.277
130.303
133.26
135.306
130.305
121.21
117.824
114.802
118.675
117.734
110.602
102.819
95.26
103.616
80.8
76.791
69.199
65.895
69.78
64.19
61.415
56.955
56.834
67.838
59.457
60.935
63.256
59.929
55.239
56.875
63.909
64.129
53.813
63.758
58.833
49.72
58.69
61.771
59.722
57.667
57.649
63.827
52.663
52.691
67.82
65.749
53.496
54.486
58.458
58.736
68.794
57.761
58.734
54.519
61.797
53.81
54.59
50.799
60.512
65.591
54.512
60.707
55.051
54.466
46.978
46.978
46.978
46.978
46.978
46.978
46.978
46.978
46.978
46.978
46.978
46.978
46.978
46.978
46.978
46.978
46.978
46.978
46.978
46.978
46.978
46.978
46.978
46.978
46.978
46.978
46.978
46.978
46.978
46.978
46.978
46.978
46.978
46.978
46.978
46.978
46.978
46.978
46.978
46.978
46.978
46.978
46.978
46.978
46.978
46.978
46.978
46.978
46.978
46.978
46.978
46.978
46.978
46.978
46.978
46.978
46.978
46.978
46.978
46.978
46.978
46.978
