130.984
122.013
133.263
130.247
119.277
137.303
130.26
133.306
144.305
127.21
121.824
137.802
136.675
106.734
117.602
114.819
91.26
96.616
101.8
69.791
86.199
72.895
85.78
78.19
71.415
58.955
74.834
61.838
67.457
66.935
78.256
65.929
71.239
75.875
70.909
65.129
76.813
63.758
81.833
70.72
93.69
72.771
81.722
77.667
65.649
77.827
69.663
63.691
70.82
70.749
61.496
64.486
79.458
71.736
70.794
84.761
62.734
61.519
75.797
60.81
66.59
80.799
61.512
75.591
68.512
69.707
54.051
55.466
62.978
62.978
62.978
62.978
62.978
62.978
62.978
62.978
62.978
62.978
62.978
62.978
62.978
62.978
62.978
62.978
62.978
62.978
62.978
62.978
62.978
62.978
62.978
62.978
62.978
62.978
62.978
62.978
62.978
62.978
62.978
62.978
62.978
62.978
62.978
62.978
62.978
62.978
62.978
62.978
62.978
62.978
62.978
62.978
62.978
62.978
62.978
62.978
62.978
62.978
62.978
62.978
62.978
62.978
62.978
62.978
62.978
62.978
62.978
62.978
62.978
62.978
