-120.984
-100.013
-125.263
-105.247
-107.277
-110.303
-114.26
-118.306
-115.305
-116.21
-97.824
-107.802
-105.675
-106.734
-99.602
-82.819
-78.26
-64.616
-72.8
-52.791
-59.199
-49.895
-44.78
-53.19
-38.415
-41.955
-39.834
-51.838
-51.457
-51.935
-49.256
-36.929
-40.239
-44.875
-38.909
-46.129
-44.813
-38.758
-36.833
-43.72
-35.69
-37.771
-48.722
-26.667
-41.649
-43.827
-54.663
-50.691
-38.82
-59.749
-34.496
-37.486
-45.458
-41.736
-47.794
-35.761
-44.734
-41.519
-47.797
-38.81
-36.59
-36.799
-43.512
-49.591
-41.512
-38.707
-35.051
-22.466
-34.978
-34.978
-34.978
-34.978
-34.978
-34.978
-34.978
-34.978
-34.978
-34.978
-34.978
-34.978
-34.978
-34.978
-34.978
-34.978
-34.978
-34.978
-34.978
-34.978
-34.978
-34.978
-34.978
-34.978
-34.978
-34.978
-34.978
-34.978
-34.978
-34.978
-34.978
-34.978
-34.978
-34.978
-34.978
-34.978
-34.978
-34.978
-34.978
-34.978
-34.978
-34.978
-34.978
-34.978
-34.978
-34.978
-34.978
-34.978
-34.978
-34.978
-34.978
-34.978
-34.978
-34.978
-34.978
-34.978
-34.978
-34.978
-34.978
-34.978
-34.978
-34.978
