122.984
124.013
137.263
130.247
125.277
119.303
134.26
125.306
135.305
141.21
127.824
132.802
130.675
121.734
131.602
114.819
113.26
99.616
90.8
85.791
70.199
74.895
73.78
73.19
58.415
59.955
70.834
51.838
62.457
62.935
72.256
68.929
61.239
60.875
63.909
67.129
65.813
59.758
70.833
49.72
58.69
62.771
70.722
59.667
56.649
76.827
60.663
64.691
64.82
59.749
60.496
50.486
54.458
56.736
75.794
62.761
78.734
53.519
58.797
54.81
56.59
64.799
66.512
66.591
50.512
75.707
44.051
58.466
76.978
76.978
76.978
76.978
76.978
76.978
76.978
76.978
76.978
76.978
76.978
76.978
76.978
76.978
76.978
76.978
76.978
76.978
76.978
76.978
76.978
76.978
76.978
76.978
76.978
76.978
76.978
76.978
76.978
76.978
76.978
76.978
76.978
76.978
76.978
76.978
76.978
76.978
76.978
76.978
76.978
76.978
76.978
76.978
76.978
76.978
76.978
76.978
76.978
76.978
76.978
76.978
76.978
76.978
76.978
76.978
76.978
76.978
76.978
76.978
76.978
76.978
