-117.984
-113.013
-121.263
-110.247
-113.277
-120.303
-118.26
-117.306
-118.305
-121.21
-110.824
-113.802
-115.675
-104.734
-109.602
-90.819
-89.26
-88.616
-73.8
-62.791
-65.199
-56.895
-55.78
-60.19
-47.415
-43.955
-53.834
-47.838
-50.457
-51.935
-55.256
-52.929
-56.239
-59.875
-54.909
-50.129
-49.813
-47.758
-44.833
-45.72
-48.69
-46.771
-55.722
-50.667
-52.649
-48.827
-48.663
-51.691
-54.82
-60.749
-45.496
-52.486
-38.458
-48.736
-52.794
-40.761
-49.734
-46.519
-41.797
-45.81
-55.59
-52.799
-46.512
-41.591
-44.512
-61.707
-36.051
-41.466
-46.978
-46.978
-46.978
-46.978
-46.978
-46.978
-46.978
-46.978
-46.978
-46.978
-46.978
-46.978
-46.978
-46.978
-46.978
-46.978
-46.978
-46.978
-46.978
-46.978
-46.978
-46.978
-46.978
-46.978
-46.978
-46.978
-46.978
-46.978
-46.978
-46.978
-46.978
-46.978
-46.978
-46.978
-46.978
-46.978
-46.978
-46.978
-46.978
-46.978
-46.978
-46.978
-46.978
-46.978
-46.978
-46.978
-46.978
-46.978
-46.978
-46.978
-46.978
-46.978
-46.978
-46.978
-46.978
-46.978
-46.978
-46.978
-46.978
-46.978
-46.978
-46.978
