-106.984
-103.013
-120.263
-116.247
-104.277
-105.303
-114.26
-103.306
-120.305
-114.21
-93.824
-97.802
-105.675
-99.734
-104.602
-95.819
-71.26
-73.616
-62.8
-65.791
-42.199
-55.895
-40.78
-35.19
-35.415
-26.955
-38.834
-44.838
-30.457
-41.935
-50.256
-41.929
-31.239
-47.875
-62.909
-46.129
-40.813
-43.758
-36.833
-34.72
-47.69
-49.771
-31.722
-35.667
-48.649
-42.827
-28.663
-44.691
-50.82
-37.749
-44.496
-43.486
-24.458
-53.736
-49.794
-45.761
-36.734
-45.519
-42.797
-39.81
-38.59
-40.799
-26.512
-30.591
-33.512
-38.707
-24.051
-38.466
-36.978
-36.978
-36.978
-36.978
-36.978
-36.978
-36.978
-36.978
-36.978
-36.978
-36.978
-36.978
-36.978
-36.978
-36.978
-36.978
-36.978
-36.978
-36.978
-36.978
-36.978
-36.978
-36.978
-36.978
-36.978
-36.978
-36.978
-36.978
-36.978
-36.978
-36.978
-36.978
-36.978
-36.978
-36.978
-36.978
-36.978
-36.978
-36.978
-36.978
-36.978
-36.978
-36.978
-36.978
-36.978
-36.978
-36.978
-36.978
-36.978
-36.978
-36.978
-36.978
-36.978
-36.978
-36.978
-36.978
-36.978
-36.978
-36.978
-36.978
-36.978
-36.978
