121.984
118.013
129.263
122.247
119.277
124.303
118.26
124.306
118.305
131.21
121.824
121.802
125.675
114.734
115.602
100.819
96.26
93.616
78.8
71.791
69.199
68.895
65.78
62.19
56.415
57.955
62.834
57.838
56.457
52.935
64.256
59.929
60.239
65.875
58.909
63.129
56.813
58.758
59.833
63.72
58.69
58.771
55.722
58.667
60.649
59.827
62.663
64.691
62.82
58.749
62.496
62.486
56.458
51.736
58.794
59.761
63.734
62.519
57.797
53.81
56.59
60.799
62.512
55.591
56.512
57.707
44.051
48.466
49.978
49.978
49.978
49.978
49.978
49.978
49.978
49.978
49.978
49.978
49.978
49.978
49.978
49.978
49.978
49.978
49.978
49.978
49.978
49.978
49.978
49.978
49.978
49.978
49.978
49.978
49.978
49.978
49.978
49.978
49.978
49.978
49.978
49.978
49.978
49.978
49.978
49.978
49.978
49.978
49.978
49.978
49.978
49.978
49.978
49.978
49.978
49.978
49.978
49.978
49.978
49.978
49.978
49.978
49.978
49.978
49.978
49.978
49.978
49.978
49.978
49.978
