-114.984
-108.013
-119.263
-125.247
-126.277
-117.303
-98.26
-107.306
-113.305
-101.21
-117.824
-114.802
-87.675
-112.734
-103.602
-87.819
-75.26
-79.616
-65.8
-48.791
-41.199
-36.895
-48.78
-45.19
-52.415
-46.955
-39.834
-34.838
-34.457
-52.935
-34.256
-35.929
-50.239
-33.875
-43.909
-46.129
-49.813
-49.758
-46.833
-54.72
-38.69
-44.771
-27.722
-37.667
-33.649
-27.827
-39.663
-46.691
-57.82
-24.749
-47.496
-36.486
-41.458
-36.736
-46.794
-38.761
-48.734
-32.519
-46.797
-41.81
-29.59
-38.799
-25.512
-40.591
-27.512
-45.707
-31.051
-40.466
-45.978
-45.978
-45.978
-45.978
-45.978
-45.978
-45.978
-45.978
-45.978
-45.978
-45.978
-45.978
-45.978
-45.978
-45.978
-45.978
-45.978
-45.978
-45.978
-45.978
-45.978
-45.978
-45.978
-45.978
-45.978
-45.978
-45.978
-45.978
-45.978
-45.978
-45.978
-45.978
-45.978
-45.978
-45.978
-45.978
-45.978
-45.978
-45.978
-45.978
-45.978
-45.978
-45.978
-45.978
-45.978
-45.978
-45.978
-45.978
-45.978
-45.978
-45.978
-45.978
-45.978
-45.978
-45.978
-45.978
-45.978
-45.978
-45.978
-45.978
-45.978
-45.978
