130.984
121.013
128.263
131.247
132.277
134.303
123.26
127.306
138.305
123.21
134.824
126.802
124.675
123.734
122.602
99.819
102.26
99.616
82.8
79.791
73.199
74.895
61.78
67.19
58.415
58.955
62.834
68.838
63.457
59.935
71.256
56.929
65.239
58.875
56.909
71.129
58.813
66.758
66.833
65.72
64.69
66.771
58.722
54.667
68.649
56.827
61.663
61.691
55.82
60.749
64.496
60.486
58.458
60.736
61.794
50.761
64.734
54.519
49.797
56.81
58.59
64.799
63.512
64.591
56.512
66.707
52.051
54.466
49.978
49.978
49.978
49.978
49.978
49.978
49.978
49.978
49.978
49.978
49.978
49.978
49.978
49.978
49.978
49.978
49.978
49.978
49.978
49.978
49.978
49.978
49.978
49.978
49.978
49.978
49.978
49.978
49.978
49.978
49.978
49.978
49.978
49.978
49.978
49.978
49.978
49.978
49.978
49.978
49.978
49.978
49.978
49.978
49.978
49.978
49.978
49.978
49.978
49.978
49.978
49.978
49.978
49.978
49.978
49.978
49.978
49.978
49.978
49.978
49.978
49.978
