-111.984
-116.013
-114.263
-110.247
-113.277
-110.303
-117.26
-114.306
-109.305
-113.21
-119.824
-121.802
-107.675
-103.734
-106.602
-89.819
-79.26
-83.616
-61.8
-54.791
-52.199
-60.895
-54.78
-38.19
-40.415
-38.955
-49.834
-31.838
-38.457
-40.935
-47.256
-42.929
-46.239
-49.875
-32.909
-40.129
-54.813
-41.758
-58.833
-44.72
-37.69
-53.771
-40.722
-56.667
-50.649
-48.827
-54.663
-50.691
-55.82
-48.749
-51.496
-50.486
-48.458
-41.736
-56.794
-49.761
-53.734
-41.519
-38.797
-47.81
-44.59
-54.799
-44.512
-43.591
-59.512
-36.707
-25.051
-32.466
-41.978
-41.978
-41.978
-41.978
-41.978
-41.978
-41.978
-41.978
-41.978
-41.978
-41.978
-41.978
-41.978
-41.978
-41.978
-41.978
-41.978
-41.978
-41.978
-41.978
-41.978
-41.978
-41.978
-41.978
-41.978
-41.978
-41.978
-41.978
-41.978
-41.978
-41.978
-41.978
-41.978
-41.978
-41.978
-41.978
-41.978
-41.978
-41.978
-41.978
-41.978
-41.978
-41.978
-41.978
-41.978
-41.978
-41.978
-41.978
-41.978
-41.978
-41.978
-41.978
-41.978
-41.978
-41.978
-41.978
-41.978
-41.978
-41.978
-41.978
-41.978
-41.978
