-115.984
-117.013
-119.263
-113.247
-118.277
-118.303
-122.26
-120.306
-118.305
-125.21
-109.824
-118.802
-119.675
-104.734
-108.602
-88.819
-93.26
-87.616
-72.8
-66.791
-63.199
-54.895
-60.78
-59.19
-50.415
-42.955
-56.834
-52.838
-49.457
-54.935
-55.256
-51.929
-56.239
-57.875
-52.909
-55.129
-52.813
-47.758
-48.833
-48.72
-47.69
-51.771
-58.722
-55.667
-57.649
-53.827
-53.663
-51.691
-52.82
-58.749
-44.496
-51.486
-43.458
-47.736
-51.794
-45.761
-49.734
-45.519
-46.797
-48.81
-55.59
-57.799
-49.512
-44.591
-43.512
-59.707
-35.051
-44.466
-45.978
-45.978
-45.978
-45.978
-45.978
-45.978
-45.978
-45.978
-45.978
-45.978
-45.978
-45.978
-45.978
-45.978
-45.978
-45.978
-45.978
-45.978
-45.978
-45.978
-45.978
-45.978
-45.978
-45.978
-45.978
-45.978
-45.978
-45.978
-45.978
-45.978
-45.978
-45.978
-45.978
-45.978
-45.978
-45.978
-45.978
-45.978
-45.978
-45.978
-45.978
-45.978
-45.978
-45.978
-45.978
-45.978
-45.978
-45.978
-45.978
-45.978
-45.978
-45.978
-45.978
-45.978
-45.978
-45.978
-45.978
-45.978
-45.978
-45.978
-45.978
-45.978
