120.984
120.013
124.263
126.247
129.277
130.303
128.26
127.306
130.305
123.21
126.824
119.802
119.675
120.734
114.602
106.819
107.26
95.616
83.8
68.791
76.199
69.895
67.78
68.19
52.415
50.955
57.834
59.838
56.457
66.935
65.256
50.929
65.239
55.875
60.909
69.129
58.813
65.758
59.833
56.72
62.69
64.771
61.722
61.667
52.649
61.827
56.663
57.691
61.82
64.749
66.496
54.486
55.458
66.736
65.794
56.761
55.734
47.519
66.797
61.81
59.59
55.799
55.512
50.591
52.512
62.707
50.051
46.466
56.978
56.978
56.978
56.978
56.978
56.978
56.978
56.978
56.978
56.978
56.978
56.978
56.978
56.978
56.978
56.978
56.978
56.978
56.978
56.978
56.978
56.978
56.978
56.978
56.978
56.978
56.978
56.978
56.978
56.978
56.978
56.978
56.978
56.978
56.978
56.978
56.978
56.978
56.978
56.978
56.978
56.978
56.978
56.978
56.978
56.978
56.978
56.978
56.978
56.978
56.978
56.978
56.978
56.978
56.978
56.978
56.978
56.978
56.978
56.978
56.978
56.978
