-121.984
-117.013
-119.263
-124.247
-123.277
-123.303
-118.26
-114.306
-124.305
-119.21
-119.824
-114.802
-113.675
-110.734
-113.602
-99.819
-90.26
-83.616
-73.8
-61.791
-58.199
-56.895
-61.78
-56.19
-49.415
-50.955
-51.834
-45.838
-55.457
-52.935
-51.256
-48.929
-56.239
-50.875
-52.909
-57.129
-48.813
-50.758
-50.833
-53.72
-51.69
-59.771
-46.722
-53.667
-47.649
-47.827
-52.663
-46.691
-46.82
-50.749
-53.496
-48.486
-53.458
-52.736
-52.794
-52.761
-59.734
-49.519
-51.797
-50.81
-43.59
-53.799
-47.512
-53.591
-44.512
-51.707
-35.051
-45.466
-43.978
-43.978
-43.978
-43.978
-43.978
-43.978
-43.978
-43.978
-43.978
-43.978
-43.978
-43.978
-43.978
-43.978
-43.978
-43.978
-43.978
-43.978
-43.978
-43.978
-43.978
-43.978
-43.978
-43.978
-43.978
-43.978
-43.978
-43.978
-43.978
-43.978
-43.978
-43.978
-43.978
-43.978
-43.978
-43.978
-43.978
-43.978
-43.978
-43.978
-43.978
-43.978
-43.978
-43.978
-43.978
-43.978
-43.978
-43.978
-43.978
-43.978
-43.978
-43.978
-43.978
-43.978
-43.978
-43.978
-43.978
-43.978
-43.978
-43.978
-43.978
-43.978
