-99.984
-100.013
-116.263
-114.247
-102.277
-116.303
-113.26
-113.306
-111.305
-113.21
-107.824
-112.802
-107.675
-108.734
-110.602
-74.819
-80.26
-68.616
-60.8
-65.791
-58.199
-42.895
-51.78
-49.19
-43.415
-38.955
-39.834
-54.838
-40.457
-56.935
-41.256
-35.929
-39.239
-37.875
-47.909
-51.129
-34.813
-60.758
-49.833
-51.72
-41.69
-37.771
-49.722
-44.667
-28.649
-49.827
-44.663
-54.691
-41.82
-35.749
-45.496
-51.486
-36.458
-42.736
-39.794
-47.761
-40.734
-26.519
-39.797
-44.81
-49.59
-42.799
-41.512
-50.591
-50.512
-44.707
-41.051
-28.466
-53.978
-53.978
-53.978
-53.978
-53.978
-53.978
-53.978
-53.978
-53.978
-53.978
-53.978
-53.978
-53.978
-53.978
-53.978
-53.978
-53.978
-53.978
-53.978
-53.978
-53.978
-53.978
-53.978
-53.978
-53.978
-53.978
-53.978
-53.978
-53.978
-53.978
-53.978
-53.978
-53.978
-53.978
-53.978
-53.978
-53.978
-53.978
-53.978
-53.978
-53.978
-53.978
-53.978
-53.978
-53.978
-53.978
-53.978
-53.978
-53.978
-53.978
-53.978
-53.978
-53.978
-53.978
-53.978
-53.978
-53.978
-53.978
-53.978
-53.978
-53.978
-53.978
