122.984
133.013
135.263
132.247
137.277
133.303
134.26
150.306
129.305
130.21
136.824
132.802
107.675
114.734
131.602
102.819
115.26
104.616
87.8
75.791
82.199
64.895
73.78
75.19
54.415
62.955
69.834
67.838
73.457
63.935
74.256
75.929
85.239
67.875
66.909
72.129
64.813
78.758
74.833
51.72
75.69
76.771
87.722
62.667
87.649
80.827
80.663
74.691
64.82
66.749
74.496
58.486
63.458
73.736
59.794
71.761
73.734
73.519
79.797
61.81
52.59
69.799
61.512
54.591
66.512
78.707
58.051
61.466
70.978
70.978
70.978
70.978
70.978
70.978
70.978
70.978
70.978
70.978
70.978
70.978
70.978
70.978
70.978
70.978
70.978
70.978
70.978
70.978
70.978
70.978
70.978
70.978
70.978
70.978
70.978
70.978
70.978
70.978
70.978
70.978
70.978
70.978
70.978
70.978
70.978
70.978
70.978
70.978
70.978
70.978
70.978
70.978
70.978
70.978
70.978
70.978
70.978
70.978
70.978
70.978
70.978
70.978
70.978
70.978
70.978
70.978
70.978
70.978
70.978
70.978
