120.984
121.013
135.263
123.247
123.277
119.303
128.26
122.306
128.305
135.21
126.824
125.802
126.675
118.734
122.602
105.819
104.26
103.616
77.8
77.791
66.199
75.895
65.78
65.19
58.415
50.955
63.834
55.838
60.457
57.935
66.256
64.929
57.239
57.875
61.909
65.129
54.813
58.758
59.833
52.72
57.69
64.771
63.722
52.667
57.649
63.827
52.663
56.691
58.82
59.749
55.496
53.486
48.458
55.736
61.794
56.761
66.734
50.519
62.797
57.81
53.59
63.799
61.512
58.591
54.512
68.707
48.051
50.466
63.978
63.978
63.978
63.978
63.978
63.978
63.978
63.978
63.978
63.978
63.978
63.978
63.978
63.978
63.978
63.978
63.978
63.978
63.978
63.978
63.978
63.978
63.978
63.978
63.978
63.978
63.978
63.978
63.978
63.978
63.978
63.978
63.978
63.978
63.978
63.978
63.978
63.978
63.978
63.978
63.978
63.978
63.978
63.978
63.978
63.978
63.978
63.978
63.978
63.978
63.978
63.978
63.978
63.978
63.978
63.978
63.978
63.978
63.978
63.978
63.978
63.978
