122.984
120.013
133.263
125.247
121.277
128.303
117.26
125.306
116.305
135.21
130.824
121.802
129.675
117.734
117.602
107.819
98.26
94.616
84.8
70.791
68.199
70.895
71.78
63.19
57.415
56.955
61.834
61.838
64.457
54.935
67.256
63.929
66.239
74.875
57.909
71.129
62.813
66.758
61.833
70.72
66.69
55.771
60.722
66.667
64.649
68.827
66.663
69.691
65.82
66.749
65.496
71.486
58.458
51.736
61.794
63.761
72.734
69.519
53.797
61.81
57.59
67.799
70.512
58.591
54.512
60.707
46.051
56.466
49.978
49.978
49.978
49.978
49.978
49.978
49.978
49.978
49.978
49.978
49.978
49.978
49.978
49.978
49.978
49.978
49.978
49.978
49.978
49.978
49.978
49.978
49.978
49.978
49.978
49.978
49.978
49.978
49.978
49.978
49.978
49.978
49.978
49.978
49.978
49.978
49.978
49.978
49.978
49.978
49.978
49.978
49.978
49.978
49.978
49.978
49.978
49.978
49.978
49.978
49.978
49.978
49.978
49.978
49.978
49.978
49.978
49.978
49.978
49.978
49.978
49.978
