122.984
123.013
127.263
130.247
126.277
132.303
132.26
128.306
133.305
123.21
134.824
121.802
118.675
126.734
116.602
107.819
104.26
97.616
80.8
66.791
77.199
72.895
74.78
66.19
60.415
51.955
59.834
62.838
64.457
75.935
73.256
48.929
68.239
62.875
65.909
73.129
65.813
67.758
61.833
58.72
69.69
63.771
60.722
65.667
55.649
65.827
54.663
67.691
65.82
67.749
75.496
54.486
60.458
68.736
74.794
58.761
52.734
54.519
74.797
64.81
67.59
62.799
63.512
54.591
49.512
67.707
54.051
54.466
60.978
60.978
60.978
60.978
60.978
60.978
60.978
60.978
60.978
60.978
60.978
60.978
60.978
60.978
60.978
60.978
60.978
60.978
60.978
60.978
60.978
60.978
60.978
60.978
60.978
60.978
60.978
60.978
60.978
60.978
60.978
60.978
60.978
60.978
60.978
60.978
60.978
60.978
60.978
60.978
60.978
60.978
60.978
60.978
60.978
60.978
60.978
60.978
60.978
60.978
60.978
60.978
60.978
60.978
60.978
60.978
60.978
60.978
60.978
60.978
60.978
60.978
