-99.984
-102.013
-107.263
-104.247
-117.277
-102.303
-110.26
-118.306
-101.305
-101.21
-97.824
-98.802
-95.675
-96.734
-86.602
-89.819
-79.26
-80.616
-72.8
-56.791
-51.199
-54.895
-53.78
-41.19
-41.415
-35.955
-50.834
-40.838
-29.457
-38.935
-34.256
-44.929
-49.239
-52.875
-30.909
-26.129
-44.813
-40.758
-42.833
-30.72
-49.69
-49.771
-47.722
-32.667
-53.649
-46.827
-38.663
-50.691
-55.82
-56.749
-49.496
-51.486
-43.458
-39.736
-53.794
-38.761
-42.734
-45.519
-44.797
-36.81
-42.59
-33.799
-42.512
-43.591
-45.512
-41.707
-26.051
-26.466
-37.978
-37.978
-37.978
-37.978
-37.978
-37.978
-37.978
-37.978
-37.978
-37.978
-37.978
-37.978
-37.978
-37.978
-37.978
-37.978
-37.978
-37.978
-37.978
-37.978
-37.978
-37.978
-37.978
-37.978
-37.978
-37.978
-37.978
-37.978
-37.978
-37.978
-37.978
-37.978
-37.978
-37.978
-37.978
-37.978
-37.978
-37.978
-37.978
-37.978
-37.978
-37.978
-37.978
-37.978
-37.978
-37.978
-37.978
-37.978
-37.978
-37.978
-37.978
-37.978
-37.978
-37.978
-37.978
-37.978
-37.978
-37.978
-37.978
-37.978
-37.978
-37.978
