-112.984
-102.013
-122.263
-98.247
-105.277
-111.303
-116.26
-119.306
-113.305
-120.21
-90.824
-98.802
-98.675
-105.734
-97.602
-79.819
-76.26
-62.616
-75.8
-47.791
-61.199
-44.895
-46.78
-50.19
-40.415
-39.955
-36.834
-53.838
-47.457
-49.935
-41.256
-39.929
-34.239
-45.875
-36.909
-44.129
-43.813
-35.758
-38.833
-40.72
-32.69
-34.771
-44.722
-23.667
-33.649
-35.827
-50.663
-40.691
-42.82
-50.749
-25.496
-34.486
-40.458
-39.736
-50.794
-28.761
-47.734
-38.519
-40.797
-35.81
-32.59
-28.799
-46.512
-49.591
-38.512
-35.707
-33.051
-14.466
-31.978
-31.978
-31.978
-31.978
-31.978
-31.978
-31.978
-31.978
-31.978
-31.978
-31.978
-31.978
-31.978
-31.978
-31.978
-31.978
-31.978
-31.978
-31.978
-31.978
-31.978
-31.978
-31.978
-31.978
-31.978
-31.978
-31.978
-31.978
-31.978
-31.978
-31.978
-31.978
-31.978
-31.978
-31.978
-31.978
-31.978
-31.978
-31.978
-31.978
-31.978
-31.978
-31.978
-31.978
-31.978
-31.978
-31.978
-31.978
-31.978
-31.978
-31.978
-31.978
-31.978
-31.978
-31.978
-31.978
-31.978
-31.978
-31.978
-31.978
-31.978
-31.978
