137.984
128.013
138.263
122.247
143.277
133.303
137.26
133.306
133.305
117.21
114.824
121.802
127.675
121.734
119.602
101.819
100.26
106.616
87.8
79.791
67.199
61.895
76.78
63.19
66.415
64.955
60.834
74.838
61.457
62.935
64.256
60.929
53.239
58.875
71.909
67.129
51.813
61.758
61.833
52.72
62.69
64.771
58.722
64.667
57.649
62.827
55.663
56.691
69.82
72.749
50.496
55.486
61.458
55.736
72.794
58.761
59.734
56.519
64.797
61.81
53.59
53.799
62.512
63.591
58.512
57.707
53.051
57.466
49.978
49.978
49.978
49.978
49.978
49.978
49.978
49.978
49.978
49.978
49.978
49.978
49.978
49.978
49.978
49.978
49.978
49.978
49.978
49.978
49.978
49.978
49.978
49.978
49.978
49.978
49.978
49.978
49.978
49.978
49.978
49.978
49.978
49.978
49.978
49.978
49.978
49.978
49.978
49.978
49.978
49.978
49.978
49.978
49.978
49.978
49.978
49.978
49.978
49.978
49.978
49.978
49.978
49.978
49.978
49.978
49.978
49.978
49.978
49.978
49.978
49.978
