122.984
123.013
126.263
125.247
126.277
121.303
125.26
127.306
127.305
122.21
116.824
116.802
117.675
116.734
109.602
95.819
92.26
93.616
80.8
73.791
65.199
62.895
67.78
57.19
51.415
47.955
53.834
59.838
56.457
58.935
57.256
54.929
58.239
58.875
60.909
62.129
54.813
55.758
53.833
53.72
60.69
58.771
59.722
55.667
54.649
59.827
53.663
54.691
58.82
58.749
51.496
52.486
55.458
59.736
60.794
54.761
55.734
51.519
54.797
55.81
50.59
53.799
52.512
57.591
56.512
55.707
47.051
50.466
48.978
48.978
48.978
48.978
48.978
48.978
48.978
48.978
48.978
48.978
48.978
48.978
48.978
48.978
48.978
48.978
48.978
48.978
48.978
48.978
48.978
48.978
48.978
48.978
48.978
48.978
48.978
48.978
48.978
48.978
48.978
48.978
48.978
48.978
48.978
48.978
48.978
48.978
48.978
48.978
48.978
48.978
48.978
48.978
48.978
48.978
48.978
48.978
48.978
48.978
48.978
48.978
48.978
48.978
48.978
48.978
48.978
48.978
48.978
48.978
48.978
48.978
