-109.984
-110.013
-113.263
-96.247
-113.277
-114.303
-111.26
-109.306
-109.305
-109.21
-109.824
-111.802
-108.675
-93.734
-107.602
-82.819
-83.26
-78.616
-65.8
-60.791
-58.199
-49.895
-53.78
-58.19
-46.415
-38.955
-46.834
-43.838
-51.457
-50.935
-47.256
-53.929
-50.239
-56.875
-40.909
-51.129
-52.813
-41.758
-40.833
-46.72
-38.69
-38.771
-55.722
-46.667
-51.649
-41.827
-42.663
-51.691
-41.82
-57.749
-33.496
-51.486
-37.458
-48.736
-45.794
-41.761
-51.734
-38.519
-44.797
-50.81
-47.59
-40.799
-43.512
-38.591
-32.512
-63.707
-35.051
-28.466
-44.978
-44.978
-44.978
-44.978
-44.978
-44.978
-44.978
-44.978
-44.978
-44.978
-44.978
-44.978
-44.978
-44.978
-44.978
-44.978
-44.978
-44.978
-44.978
-44.978
-44.978
-44.978
-44.978
-44.978
-44.978
-44.978
-44.978
-44.978
-44.978
-44.978
-44.978
-44.978
-44.978
-44.978
-44.978
-44.978
-44.978
-44.978
-44.978
-44.978
-44.978
-44.978
-44.978
-44.978
-44.978
-44.978
-44.978
-44.978
-44.978
-44.978
-44.978
-44.978
-44.978
-44.978
-44.978
-44.978
-44.978
-44.978
-44.978
-44.978
-44.978
-44.978
