-101.984
-102.013
-102.263
-105.247
-119.277
-104.303
-106.26
-120.306
-101.305
-101.21
-92.824
-98.802
-96.675
-98.734
-87.602
-84.819
-80.26
-81.616
-69.8
-57.791
-52.199
-56.895
-53.78
-36.19
-36.415
-31.955
-47.834
-35.838
-25.457
-38.935
-34.256
-39.929
-46.239
-49.875
-26.909
-23.129
-39.813
-35.758
-37.833
-31.72
-46.69
-49.771
-49.722
-28.667
-54.649
-48.827
-33.663
-50.691
-57.82
-58.749
-51.496
-52.486
-44.458
-35.736
-49.794
-34.761
-44.734
-42.519
-46.797
-33.81
-44.59
-30.799
-39.512
-43.591
-46.512
-36.707
-21.051
-26.466
-39.978
-39.978
-39.978
-39.978
-39.978
-39.978
-39.978
-39.978
-39.978
-39.978
-39.978
-39.978
-39.978
-39.978
-39.978
-39.978
-39.978
-39.978
-39.978
-39.978
-39.978
-39.978
-39.978
-39.978
-39.978
-39.978
-39.978
-39.978
-39.978
-39.978
-39.978
-39.978
-39.978
-39.978
-39.978
-39.978
-39.978
-39.978
-39.978
-39.978
-39.978
-39.978
-39.978
-39.978
-39.978
-39.978
-39.978
-39.978
-39.978
-39.978
-39.978
-39.978
-39.978
-39.978
-39.978
-39.978
-39.978
-39.978
-39.978
-39.978
-39.978
-39.978
