-105.984
-98.013
-108.263
-84.247
-107.277
-111.303
-102.26
-106.306
-98.305
-102.21
-104.824
-105.802
-103.675
-90.734
-103.602
-70.819
-74.26
-78.616
-67.8
-55.791
-58.199
-38.895
-44.78
-52.19
-38.415
-33.955
-38.834
-43.838
-53.457
-50.935
-48.256
-48.929
-40.239
-48.875
-37.909
-47.129
-40.813
-36.758
-38.833
-33.72
-29.69
-38.771
-50.722
-36.667
-50.649
-30.827
-34.663
-41.691
-36.82
-59.749
-24.496
-55.486
-29.458
-32.736
-39.794
-25.761
-52.734
-35.519
-41.797
-51.81
-39.59
-34.799
-37.512
-41.591
-32.512
-54.707
-37.051
-21.466
-44.978
-44.978
-44.978
-44.978
-44.978
-44.978
-44.978
-44.978
-44.978
-44.978
-44.978
-44.978
-44.978
-44.978
-44.978
-44.978
-44.978
-44.978
-44.978
-44.978
-44.978
-44.978
-44.978
-44.978
-44.978
-44.978
-44.978
-44.978
-44.978
-44.978
-44.978
-44.978
-44.978
-44.978
-44.978
-44.978
-44.978
-44.978
-44.978
-44.978
-44.978
-44.978
-44.978
-44.978
-44.978
-44.978
-44.978
-44.978
-44.978
-44.978
-44.978
-44.978
-44.978
-44.978
-44.978
-44.978
-44.978
-44.978
-44.978
-44.978
-44.978
-44.978
