-102.984
-106.013
-118.263
-113.247
-102.277
-104.303
-113.26
-106.306
-119.305
-119.21
-97.824
-100.802
-107.675
-104.734
-106.602
-92.819
-78.26
-75.616
-58.8
-66.791
-51.199
-52.895
-44.78
-38.19
-44.415
-28.955
-45.834
-43.838
-33.457
-42.935
-54.256
-46.929
-37.239
-49.875
-59.909
-49.129
-43.813
-49.758
-46.833
-44.72
-49.69
-52.771
-36.722
-39.667
-53.649
-40.827
-35.663
-47.691
-47.82
-38.749
-52.496
-46.486
-28.458
-56.736
-45.794
-53.761
-38.734
-48.519
-45.797
-47.81
-35.59
-38.799
-33.512
-38.591
-41.512
-41.707
-27.051
-47.466
-45.978
-45.978
-45.978
-45.978
-45.978
-45.978
-45.978
-45.978
-45.978
-45.978
-45.978
-45.978
-45.978
-45.978
-45.978
-45.978
-45.978
-45.978
-45.978
-45.978
-45.978
-45.978
-45.978
-45.978
-45.978
-45.978
-45.978
-45.978
-45.978
-45.978
-45.978
-45.978
-45.978
-45.978
-45.978
-45.978
-45.978
-45.978
-45.978
-45.978
-45.978
-45.978
-45.978
-45.978
-45.978
-45.978
-45.978
-45.978
-45.978
-45.978
-45.978
-45.978
-45.978
-45.978
-45.978
-45.978
-45.978
-45.978
-45.978
-45.978
-45.978
-45.978
