-111.984
-120.013
-114.263
-108.247
-115.277
-100.303
-117.26
-115.306
-105.305
-110.21
-113.824
-123.802
-111.675
-100.734
-102.602
-85.819
-76.26
-75.616
-54.8
-56.791
-54.199
-52.895
-45.78
-36.19
-35.415
-33.955
-46.834
-32.838
-31.457
-37.935
-42.256
-39.929
-38.239
-42.875
-23.909
-42.129
-50.813
-45.758
-57.833
-43.72
-35.69
-53.771
-40.722
-53.667
-51.649
-40.827
-54.663
-53.691
-52.82
-45.749
-48.496
-51.486
-39.458
-43.736
-57.794
-47.761
-45.734
-38.519
-32.797
-40.81
-45.59
-51.799
-41.512
-35.591
-63.512
-39.707
-17.051
-29.466
-43.978
-43.978
-43.978
-43.978
-43.978
-43.978
-43.978
-43.978
-43.978
-43.978
-43.978
-43.978
-43.978
-43.978
-43.978
-43.978
-43.978
-43.978
-43.978
-43.978
-43.978
-43.978
-43.978
-43.978
-43.978
-43.978
-43.978
-43.978
-43.978
-43.978
-43.978
-43.978
-43.978
-43.978
-43.978
-43.978
-43.978
-43.978
-43.978
-43.978
-43.978
-43.978
-43.978
-43.978
-43.978
-43.978
-43.978
-43.978
-43.978
-43.978
-43.978
-43.978
-43.978
-43.978
-43.978
-43.978
-43.978
-43.978
-43.978
-43.978
-43.978
-43.978
