122.984
118.013
126.263
125.247
125.277
126.303
121.26
121.306
125.305
120.21
117.824
118.802
122.675
116.734
110.602
100.819
99.26
95.616
76.8
74.791
64.199
65.895
62.78
58.19
50.415
48.955
59.834
53.838
51.457
54.935
64.256
58.929
58.239
53.875
53.909
63.129
60.813
53.758
60.833
58.72
58.69
58.771
59.722
53.667
59.649
60.827
58.663
54.691
55.82
58.749
56.496
50.486
51.458
54.736
53.794
55.761
60.734
57.519
59.797
53.81
55.59
58.799
57.512
51.591
55.512
59.707
47.051
48.466
47.978
47.978
47.978
47.978
47.978
47.978
47.978
47.978
47.978
47.978
47.978
47.978
47.978
47.978
47.978
47.978
47.978
47.978
47.978
47.978
47.978
47.978
47.978
47.978
47.978
47.978
47.978
47.978
47.978
47.978
47.978
47.978
47.978
47.978
47.978
47.978
47.978
47.978
47.978
47.978
47.978
47.978
47.978
47.978
47.978
47.978
47.978
47.978
47.978
47.978
47.978
47.978
47.978
47.978
47.978
47.978
47.978
47.978
47.978
47.978
47.978
47.978
