-110.984
-114.013
-116.263
-110.247
-102.277
-112.303
-116.26
-109.306
-117.305
-117.21
-106.824
-109.802
-109.675
-100.734
-105.602
-95.819
-85.26
-78.616
-56.8
-65.791
-52.199
-55.895
-52.78
-41.19
-49.415
-28.955
-46.834
-46.838
-36.457
-45.935
-53.256
-48.929
-38.239
-51.875
-58.909
-56.129
-43.813
-53.758
-43.833
-41.72
-47.69
-48.771
-46.722
-37.667
-51.649
-41.827
-38.663
-51.691
-51.82
-41.749
-50.496
-54.486
-26.458
-54.736
-50.794
-49.761
-41.734
-49.519
-44.797
-51.81
-38.59
-40.799
-38.512
-40.591
-45.512
-45.707
-24.051
-51.466
-43.978
-43.978
-43.978
-43.978
-43.978
-43.978
-43.978
-43.978
-43.978
-43.978
-43.978
-43.978
-43.978
-43.978
-43.978
-43.978
-43.978
-43.978
-43.978
-43.978
-43.978
-43.978
-43.978
-43.978
-43.978
-43.978
-43.978
-43.978
-43.978
-43.978
-43.978
-43.978
-43.978
-43.978
-43.978
-43.978
-43.978
-43.978
-43.978
-43.978
-43.978
-43.978
-43.978
-43.978
-43.978
-43.978
-43.978
-43.978
-43.978
-43.978
-43.978
-43.978
-43.978
-43.978
-43.978
-43.978
-43.978
-43.978
-43.978
-43.978
-43.978
-43.978
