148.984
128.013
150.263
131.247
145.277
132.303
137.26
136.306
133.305
134.21
117.824
133.802
135.675
122.734
131.602
105.819
105.26
111.616
90.8
91.791
68.199
80.895
82.78
65.19
77.415
57.955
61.834
91.838
65.457
72.935
68.256
73.929
61.239
69.875
73.909
65.129
59.813
61.758
73.833
53.72
68.69
64.771
58.722
62.667
60.649
62.827
54.663
58.691
81.82
76.749
56.496
55.486
61.458
50.736
75.794
66.761
60.734
68.519
65.797
66.81
56.59
59.799
74.512
65.591
76.512
70.707
56.051
67.466
51.978
51.978
51.978
51.978
51.978
51.978
51.978
51.978
51.978
51.978
51.978
51.978
51.978
51.978
51.978
51.978
51.978
51.978
51.978
51.978
51.978
51.978
51.978
51.978
51.978
51.978
51.978
51.978
51.978
51.978
51.978
51.978
51.978
51.978
51.978
51.978
51.978
51.978
51.978
51.978
51.978
51.978
51.978
51.978
51.978
51.978
51.978
51.978
51.978
51.978
51.978
51.978
51.978
51.978
51.978
51.978
51.978
51.978
51.978
51.978
51.978
51.978
