-111.984
-109.013
-98.263
-104.247
-100.277
-112.303
-102.26
-114.306
-114.305
-120.21
-110.824
-111.802
-113.675
-107.734
-100.602
-87.819
-86.26
-79.616
-60.8
-66.791
-50.199
-67.895
-38.78
-40.19
-28.415
-37.955
-48.834
-47.838
-41.457
-46.935
-47.256
-34.929
-42.239
-38.875
-47.909
-48.129
-41.813
-35.758
-40.833
-66.72
-46.69
-48.771
-52.722
-34.667
-50.649
-49.827
-45.663
-24.691
-27.82
-40.749
-48.496
-42.486
-33.458
-46.736
-40.794
-45.761
-42.734
-35.519
-26.797
-34.81
-29.59
-46.799
-29.512
-34.591
-31.512
-49.707
-24.051
-34.466
-40.978
-40.978
-40.978
-40.978
-40.978
-40.978
-40.978
-40.978
-40.978
-40.978
-40.978
-40.978
-40.978
-40.978
-40.978
-40.978
-40.978
-40.978
-40.978
-40.978
-40.978
-40.978
-40.978
-40.978
-40.978
-40.978
-40.978
-40.978
-40.978
-40.978
-40.978
-40.978
-40.978
-40.978
-40.978
-40.978
-40.978
-40.978
-40.978
-40.978
-40.978
-40.978
-40.978
-40.978
-40.978
-40.978
-40.978
-40.978
-40.978
-40.978
-40.978
-40.978
-40.978
-40.978
-40.978
-40.978
-40.978
-40.978
-40.978
-40.978
-40.978
-40.978
