-114.984
-108.013
-119.263
-123.247
-126.277
-121.303
-101.26
-107.306
-113.305
-104.21
-117.824
-113.802
-92.675
-111.734
-106.602
-91.819
-80.26
-84.616
-69.8
-51.791
-46.199
-41.895
-48.78
-44.19
-52.415
-46.955
-42.834
-32.838
-33.457
-50.935
-37.256
-38.929
-48.239
-31.875
-41.909
-51.129
-52.813
-47.758
-50.833
-57.72
-42.69
-49.771
-31.722
-36.667
-37.649
-32.827
-42.663
-46.691
-56.82
-28.749
-45.496
-41.486
-41.458
-40.736
-44.794
-36.761
-46.734
-31.519
-45.797
-46.81
-29.59
-42.799
-29.512
-43.591
-32.512
-45.707
-29.051
-38.466
-44.978
-44.978
-44.978
-44.978
-44.978
-44.978
-44.978
-44.978
-44.978
-44.978
-44.978
-44.978
-44.978
-44.978
-44.978
-44.978
-44.978
-44.978
-44.978
-44.978
-44.978
-44.978
-44.978
-44.978
-44.978
-44.978
-44.978
-44.978
-44.978
-44.978
-44.978
-44.978
-44.978
-44.978
-44.978
-44.978
-44.978
-44.978
-44.978
-44.978
-44.978
-44.978
-44.978
-44.978
-44.978
-44.978
-44.978
-44.978
-44.978
-44.978
-44.978
-44.978
-44.978
-44.978
-44.978
-44.978
-44.978
-44.978
-44.978
-44.978
-44.978
-44.978
