136.984
121.013
127.263
143.247
132.277
142.303
128.26
132.306
149.305
128.21
140.824
132.802
124.675
128.734
124.602
110.819
105.26
109.616
75.8
86.791
80.199
69.895
63.78
68.19
56.415
65.955
64.834
75.838
64.457
66.935
83.256
63.929
75.239
67.875
62.909
85.129
60.813
77.758
72.833
76.72
76.69
69.771
56.722
65.667
73.649
61.827
67.663
56.691
68.82
61.749
73.496
70.486
64.458
60.736
61.794
58.761
65.734
53.519
48.797
70.81
72.59
71.799
70.512
70.591
70.512
77.707
65.051
59.466
49.978
49.978
49.978
49.978
49.978
49.978
49.978
49.978
49.978
49.978
49.978
49.978
49.978
49.978
49.978
49.978
49.978
49.978
49.978
49.978
49.978
49.978
49.978
49.978
49.978
49.978
49.978
49.978
49.978
49.978
49.978
49.978
49.978
49.978
49.978
49.978
49.978
49.978
49.978
49.978
49.978
49.978
49.978
49.978
49.978
49.978
49.978
49.978
49.978
49.978
49.978
49.978
49.978
49.978
49.978
49.978
49.978
49.978
49.978
49.978
49.978
49.978
