-104.984
-102.013
-101.263
-96.247
-109.277
-94.303
-101.26
-118.306
-109.305
-107.21
-92.824
-106.802
-89.675
-97.734
-103.602
-75.819
-79.26
-71.616
-67.8
-65.791
-53.199
-51.895
-49.78
-36.19
-20.415
-35.955
-45.834
-41.838
-39.457
-47.935
-39.256
-38.929
-39.239
-36.875
-26.909
-49.129
-50.813
-47.758
-34.833
-33.72
-51.69
-27.771
-51.722
-38.667
-35.649
-33.827
-52.663
-34.691
-46.82
-53.749
-45.496
-30.486
-37.458
-50.736
-37.794
-35.761
-28.734
-39.519
-48.797
-54.81
-34.59
-40.799
-40.512
-28.591
-39.512
-39.707
-23.051
-24.466
-38.978
-38.978
-38.978
-38.978
-38.978
-38.978
-38.978
-38.978
-38.978
-38.978
-38.978
-38.978
-38.978
-38.978
-38.978
-38.978
-38.978
-38.978
-38.978
-38.978
-38.978
-38.978
-38.978
-38.978
-38.978
-38.978
-38.978
-38.978
-38.978
-38.978
-38.978
-38.978
-38.978
-38.978
-38.978
-38.978
-38.978
-38.978
-38.978
-38.978
-38.978
-38.978
-38.978
-38.978
-38.978
-38.978
-38.978
-38.978
-38.978
-38.978
-38.978
-38.978
-38.978
-38.978
-38.978
-38.978
-38.978
-38.978
-38.978
-38.978
-38.978
-38.978
