-113.984
-118.013
-107.263
-107.247
-104.277
-119.303
-110.26
-118.306
-110.305
-118.21
-114.824
-115.802
-109.675
-108.734
-107.602
-89.819
-90.26
-81.616
-68.8
-69.791
-57.199
-64.895
-43.78
-39.19
-31.415
-45.955
-52.834
-54.838
-38.457
-49.935
-52.256
-40.929
-52.239
-46.875
-51.909
-55.129
-46.813
-32.758
-44.833
-62.72
-50.69
-52.771
-58.722
-38.667
-58.649
-57.827
-48.663
-31.691
-30.82
-38.749
-52.496
-40.486
-38.458
-49.736
-42.794
-47.761
-46.734
-44.519
-34.797
-44.81
-37.59
-48.799
-26.512
-39.591
-37.512
-47.707
-33.051
-38.466
-44.978
-44.978
-44.978
-44.978
-44.978
-44.978
-44.978
-44.978
-44.978
-44.978
-44.978
-44.978
-44.978
-44.978
-44.978
-44.978
-44.978
-44.978
-44.978
-44.978
-44.978
-44.978
-44.978
-44.978
-44.978
-44.978
-44.978
-44.978
-44.978
-44.978
-44.978
-44.978
-44.978
-44.978
-44.978
-44.978
-44.978
-44.978
-44.978
-44.978
-44.978
-44.978
-44.978
-44.978
-44.978
-44.978
-44.978
-44.978
-44.978
-44.978
-44.978
-44.978
-44.978
-44.978
-44.978
-44.978
-44.978
-44.978
-44.978
-44.978
-44.978
-44.978
