125.984
118.013
126.263
131.247
118.277
130.303
126.26
131.306
143.305
133.21
115.824
128.802
129.675
110.734
113.602
110.819
97.26
89.616
100.8
69.791
82.199
65.895
70.78
75.19
63.415
56.955
69.834
56.838
63.457
62.935
70.256
59.929
69.239
66.875
63.909
56.129
69.813
62.758
69.833
61.72
80.69
65.771
74.722
69.667
63.649
67.827
66.663
57.691
67.82
63.749
60.496
61.486
72.458
66.736
57.794
77.761
59.734
51.519
74.797
63.81
63.59
74.799
64.512
77.591
68.512
63.707
43.051
59.466
56.978
56.978
56.978
56.978
56.978
56.978
56.978
56.978
56.978
56.978
56.978
56.978
56.978
56.978
56.978
56.978
56.978
56.978
56.978
56.978
56.978
56.978
56.978
56.978
56.978
56.978
56.978
56.978
56.978
56.978
56.978
56.978
56.978
56.978
56.978
56.978
56.978
56.978
56.978
56.978
56.978
56.978
56.978
56.978
56.978
56.978
56.978
56.978
56.978
56.978
56.978
56.978
56.978
56.978
56.978
56.978
56.978
56.978
56.978
56.978
56.978
56.978
