117.984
122.013
122.263
126.247
120.277
122.303
125.26
126.306
126.305
120.21
116.824
116.802
116.675
109.734
111.602
97.819
94.26
88.616
80.8
67.791
66.199
60.895
61.78
59.19
56.415
47.955
59.834
53.838
57.457
55.935
59.256
55.929
57.239
58.875
54.909
57.129
60.813
60.758
54.833
53.72
60.69
54.771
53.722
55.667
58.649
53.827
55.663
55.691
53.82
58.749
52.496
57.486
52.458
60.736
55.794
60.761
53.734
51.519
60.797
55.81
56.59
59.799
56.512
57.591
57.512
54.707
41.051
48.466
46.978
46.978
46.978
46.978
46.978
46.978
46.978
46.978
46.978
46.978
46.978
46.978
46.978
46.978
46.978
46.978
46.978
46.978
46.978
46.978
46.978
46.978
46.978
46.978
46.978
46.978
46.978
46.978
46.978
46.978
46.978
46.978
46.978
46.978
46.978
46.978
46.978
46.978
46.978
46.978
46.978
46.978
46.978
46.978
46.978
46.978
46.978
46.978
46.978
46.978
46.978
46.978
46.978
46.978
46.978
46.978
46.978
46.978
46.978
46.978
46.978
46.978
