120.984
126.013
119.263
125.247
123.277
124.303
120.26
131.306
129.305
121.21
119.824
115.802
114.675
110.734
113.602
97.819
103.26
97.616
73.8
67.791
67.199
66.895
69.78
65.19
48.415
50.955
54.834
55.838
55.457
59.935
60.256
51.929
64.239
52.875
57.909
61.129
58.813
59.758
58.833
53.72
55.69
63.771
64.722
57.667
63.649
63.827
60.663
63.691
60.82
57.749
56.496
50.486
55.458
63.736
59.794
53.761
57.734
55.519
58.797
53.81
53.59
60.799
57.512
56.591
49.512
59.707
39.051
52.466
49.978
49.978
49.978
49.978
49.978
49.978
49.978
49.978
49.978
49.978
49.978
49.978
49.978
49.978
49.978
49.978
49.978
49.978
49.978
49.978
49.978
49.978
49.978
49.978
49.978
49.978
49.978
49.978
49.978
49.978
49.978
49.978
49.978
49.978
49.978
49.978
49.978
49.978
49.978
49.978
49.978
49.978
49.978
49.978
49.978
49.978
49.978
49.978
49.978
49.978
49.978
49.978
49.978
49.978
49.978
49.978
49.978
49.978
49.978
49.978
49.978
49.978
