123.984
124.013
120.263
120.247
126.277
127.303
127.26
120.306
121.305
126.21
118.824
123.802
118.675
109.734
109.602
96.819
98.26
94.616
81.8
74.791
65.199
60.895
60.78
63.19
55.415
46.955
58.834
60.838
57.457
58.935
59.256
54.929
57.239
58.875
58.909
63.129
58.813
59.758
54.833
59.72
58.69
53.771
53.722
55.667
53.649
55.827
59.663
60.691
55.82
53.749
50.496
51.486
57.458
54.736
60.794
59.761
55.734
56.519
54.797
60.81
51.59
55.799
57.512
56.591
56.512
53.707
40.051
50.466
47.978
47.978
47.978
47.978
47.978
47.978
47.978
47.978
47.978
47.978
47.978
47.978
47.978
47.978
47.978
47.978
47.978
47.978
47.978
47.978
47.978
47.978
47.978
47.978
47.978
47.978
47.978
47.978
47.978
47.978
47.978
47.978
47.978
47.978
47.978
47.978
47.978
47.978
47.978
47.978
47.978
47.978
47.978
47.978
47.978
47.978
47.978
47.978
47.978
47.978
47.978
47.978
47.978
47.978
47.978
47.978
47.978
47.978
47.978
47.978
47.978
47.978
