122.984
119.013
125.263
126.247
121.277
120.303
121.26
121.306
126.305
127.21
116.824
122.802
117.675
116.734
110.602
96.819
92.26
95.616
80.8
73.791
71.199
62.895
61.78
57.19
52.415
47.955
60.834
60.838
51.457
55.935
62.256
55.929
63.239
55.875
53.909
57.129
55.813
59.758
59.833
54.72
54.69
53.771
53.722
58.667
58.649
53.827
59.663
55.691
60.82
54.749
51.496
51.486
52.458
58.736
53.794
53.761
53.734
55.519
58.797
60.81
56.59
53.799
52.512
57.591
50.512
55.707
40.051
43.466
51.978
51.978
51.978
51.978
51.978
51.978
51.978
51.978
51.978
51.978
51.978
51.978
51.978
51.978
51.978
51.978
51.978
51.978
51.978
51.978
51.978
51.978
51.978
51.978
51.978
51.978
51.978
51.978
51.978
51.978
51.978
51.978
51.978
51.978
51.978
51.978
51.978
51.978
51.978
51.978
51.978
51.978
51.978
51.978
51.978
51.978
51.978
51.978
51.978
51.978
51.978
51.978
51.978
51.978
51.978
51.978
51.978
51.978
51.978
51.978
51.978
51.978
