129.984
125.013
132.263
131.247
127.277
127.303
122.26
123.306
135.305
123.21
127.824
125.802
125.675
123.734
118.602
103.819
101.26
110.616
82.8
74.791
76.199
65.895
57.78
59.19
56.415
51.955
67.834
52.838
60.457
61.935
66.256
64.929
55.239
53.875
62.909
57.129
71.813
64.758
62.833
71.72
61.69
68.771
69.722
55.667
68.649
67.827
67.663
49.691
54.82
65.749
63.496
53.486
58.458
56.736
55.794
55.761
65.734
64.519
61.797
62.81
59.59
69.799
63.512
53.591
52.512
53.707
49.051
49.466
55.978
55.978
55.978
55.978
55.978
55.978
55.978
55.978
55.978
55.978
55.978
55.978
55.978
55.978
55.978
55.978
55.978
55.978
55.978
55.978
55.978
55.978
55.978
55.978
55.978
55.978
55.978
55.978
55.978
55.978
55.978
55.978
55.978
55.978
55.978
55.978
55.978
55.978
55.978
55.978
55.978
55.978
55.978
55.978
55.978
55.978
55.978
55.978
55.978
55.978
55.978
55.978
55.978
55.978
55.978
55.978
55.978
55.978
55.978
55.978
55.978
55.978
