126.984
130.013
131.263
136.247
135.277
132.303
124.26
141.306
131.305
126.21
132.824
126.802
109.675
110.734
127.602
101.819
108.26
101.616
83.8
78.791
79.199
67.895
69.78
78.19
47.415
54.955
60.834
59.838
76.457
65.935
73.256
68.929
81.239
57.875
57.909
71.129
61.813
73.758
67.833
50.72
71.69
69.771
80.722
59.667
77.649
75.827
72.663
71.691
61.82
64.749
66.496
58.486
62.458
71.736
53.794
67.761
71.734
65.519
69.797
56.81
55.59
69.799
60.512
51.591
57.512
75.707
54.051
53.466
65.978
65.978
65.978
65.978
65.978
65.978
65.978
65.978
65.978
65.978
65.978
65.978
65.978
65.978
65.978
65.978
65.978
65.978
65.978
65.978
65.978
65.978
65.978
65.978
65.978
65.978
65.978
65.978
65.978
65.978
65.978
65.978
65.978
65.978
65.978
65.978
65.978
65.978
65.978
65.978
65.978
65.978
65.978
65.978
65.978
65.978
65.978
65.978
65.978
65.978
65.978
65.978
65.978
65.978
65.978
65.978
65.978
65.978
65.978
65.978
65.978
65.978
