126.984
116.013
132.263
138.247
130.277
128.303
117.26
129.306
126.305
134.21
113.824
126.802
125.675
118.734
112.602
95.819
98.26
89.616
85.8
83.791
80.199
64.895
70.78
57.19
60.415
55.955
72.834
63.838
58.457
64.935
60.256
67.929
70.239
62.875
64.909
55.129
61.813
61.758
70.833
56.72
62.69
59.771
59.722
65.667
53.649
56.827
60.663
58.691
61.82
55.749
57.496
51.486
56.458
60.736
50.794
59.761
60.734
52.519
63.797
62.81
64.59
64.799
52.512
63.591
58.512
62.707
40.051
46.466
62.978
62.978
62.978
62.978
62.978
62.978
62.978
62.978
62.978
62.978
62.978
62.978
62.978
62.978
62.978
62.978
62.978
62.978
62.978
62.978
62.978
62.978
62.978
62.978
62.978
62.978
62.978
62.978
62.978
62.978
62.978
62.978
62.978
62.978
62.978
62.978
62.978
62.978
62.978
62.978
62.978
62.978
62.978
62.978
62.978
62.978
62.978
62.978
62.978
62.978
62.978
62.978
62.978
62.978
62.978
62.978
62.978
62.978
62.978
62.978
62.978
62.978
