-110.984
-114.013
-120.263
-124.247
-123.277
-121.303
-119.26
-126.306
-114.305
-121.21
-116.824
-114.802
-110.675
-111.734
-108.602
-100.819
-95.26
-86.616
-77.8
-66.791
-69.199
-58.895
-55.78
-51.19
-50.415
-46.955
-52.834
-47.838
-48.457
-48.935
-49.256
-52.929
-55.239
-54.875
-57.909
-52.129
-52.813
-54.758
-47.833
-52.72
-51.69
-53.771
-53.722
-48.667
-53.649
-54.827
-48.663
-58.691
-57.82
-53.749
-56.496
-50.486
-51.458
-52.736
-57.794
-45.761
-52.734
-48.519
-51.797
-47.81
-50.59
-57.799
-49.512
-51.591
-44.512
-53.707
-39.051
-45.466
-40.978
-40.978
-40.978
-40.978
-40.978
-40.978
-40.978
-40.978
-40.978
-40.978
-40.978
-40.978
-40.978
-40.978
-40.978
-40.978
-40.978
-40.978
-40.978
-40.978
-40.978
-40.978
-40.978
-40.978
-40.978
-40.978
-40.978
-40.978
-40.978
-40.978
-40.978
-40.978
-40.978
-40.978
-40.978
-40.978
-40.978
-40.978
-40.978
-40.978
-40.978
-40.978
-40.978
-40.978
-40.978
-40.978
-40.978
-40.978
-40.978
-40.978
-40.978
-40.978
-40.978
-40.978
-40.978
-40.978
-40.978
-40.978
-40.978
-40.978
-40.978
-40.978
