136.984
119.013
131.263
145.247
132.277
140.303
135.26
141.306
127.305
147.21
116.824
127.802
123.675
125.734
127.602
100.819
95.26
98.616
92.8
89.791
85.199
70.895
77.78
69.19
69.415
60.955
67.834
66.838
59.457
78.935
78.256
83.929
75.239
72.875
75.909
65.129
68.813
70.758
80.833
54.72
69.69
59.771
75.722
68.667
46.649
55.827
69.663
69.691
60.82
68.749
70.496
64.486
50.458
61.736
59.794
67.761
69.734
56.519
61.797
70.81
76.59
73.799
57.512
64.591
61.512
67.707
39.051
58.466
57.978
57.978
57.978
57.978
57.978
57.978
57.978
57.978
57.978
57.978
57.978
57.978
57.978
57.978
57.978
57.978
57.978
57.978
57.978
57.978
57.978
57.978
57.978
57.978
57.978
57.978
57.978
57.978
57.978
57.978
57.978
57.978
57.978
57.978
57.978
57.978
57.978
57.978
57.978
57.978
57.978
57.978
57.978
57.978
57.978
57.978
57.978
57.978
57.978
57.978
57.978
57.978
57.978
57.978
57.978
57.978
57.978
57.978
57.978
57.978
57.978
57.978
