115.984
122.013
130.263
124.247
125.277
121.303
130.26
119.306
129.305
131.21
127.824
120.802
126.675
114.734
119.602
100.819
99.26
98.616
78.8
77.791
68.199
70.895
61.78
62.19
54.415
51.955
65.834
55.838
56.457
58.935
66.256
64.929
57.239
52.875
57.909
62.129
54.813
54.758
54.833
52.72
58.69
60.771
65.722
52.667
59.649
64.827
54.663
53.691
54.82
60.749
55.496
55.486
49.458
52.736
56.794
56.761
63.734
51.519
58.797
58.81
53.59
64.799
58.512
55.591
49.512
64.707
49.051
47.466
58.978
58.978
58.978
58.978
58.978
58.978
58.978
58.978
58.978
58.978
58.978
58.978
58.978
58.978
58.978
58.978
58.978
58.978
58.978
58.978
58.978
58.978
58.978
58.978
58.978
58.978
58.978
58.978
58.978
58.978
58.978
58.978
58.978
58.978
58.978
58.978
58.978
58.978
58.978
58.978
58.978
58.978
58.978
58.978
58.978
58.978
58.978
58.978
58.978
58.978
58.978
58.978
58.978
58.978
58.978
58.978
58.978
58.978
58.978
58.978
58.978
58.978
