134.984
128.013
133.263
124.247
138.277
129.303
137.26
135.306
130.305
119.21
116.824
117.802
122.675
122.734
114.602
102.819
95.26
108.616
84.8
79.791
67.199
63.895
73.78
63.19
61.415
59.955
56.834
70.838
63.457
64.935
61.256
57.929
53.239
54.875
68.909
62.129
52.813
61.758
58.833
54.72
57.69
66.771
58.722
61.667
57.649
62.827
56.663
57.691
65.82
68.749
52.496
52.486
63.458
57.736
73.794
60.761
56.734
52.519
60.797
57.81
53.59
50.799
64.512
64.591
59.512
59.707
54.051
54.466
44.978
44.978
44.978
44.978
44.978
44.978
44.978
44.978
44.978
44.978
44.978
44.978
44.978
44.978
44.978
44.978
44.978
44.978
44.978
44.978
44.978
44.978
44.978
44.978
44.978
44.978
44.978
44.978
44.978
44.978
44.978
44.978
44.978
44.978
44.978
44.978
44.978
44.978
44.978
44.978
44.978
44.978
44.978
44.978
44.978
44.978
44.978
44.978
44.978
44.978
44.978
44.978
44.978
44.978
44.978
44.978
44.978
44.978
44.978
44.978
44.978
44.978
