-101.984
-98.013
-103.263
-106.247
-121.277
-106.303
-101.26
-121.306
-103.305
-101.21
-87.824
-98.802
-98.675
-94.734
-87.602
-86.819
-80.26
-76.616
-64.8
-54.791
-49.199
-52.895
-50.78
-36.19
-38.415
-26.955
-49.834
-36.838
-22.457
-38.935
-30.256
-40.929
-43.239
-51.875
-23.909
-20.129
-34.813
-31.758
-33.833
-26.72
-43.69
-45.771
-49.722
-24.667
-51.649
-48.827
-30.663
-52.691
-54.82
-53.749
-47.496
-54.486
-45.458
-30.736
-46.794
-29.761
-46.734
-43.519
-46.797
-30.81
-46.59
-32.799
-36.512
-44.591
-43.512
-38.707
-22.051
-21.466
-39.978
-39.978
-39.978
-39.978
-39.978
-39.978
-39.978
-39.978
-39.978
-39.978
-39.978
-39.978
-39.978
-39.978
-39.978
-39.978
-39.978
-39.978
-39.978
-39.978
-39.978
-39.978
-39.978
-39.978
-39.978
-39.978
-39.978
-39.978
-39.978
-39.978
-39.978
-39.978
-39.978
-39.978
-39.978
-39.978
-39.978
-39.978
-39.978
-39.978
-39.978
-39.978
-39.978
-39.978
-39.978
-39.978
-39.978
-39.978
-39.978
-39.978
-39.978
-39.978
-39.978
-39.978
-39.978
-39.978
-39.978
-39.978
-39.978
-39.978
-39.978
-39.978
