126.984
128.013
133.263
122.247
135.277
131.303
118.26
128.306
123.305
136.21
137.824
128.802
130.675
114.734
125.602
107.819
99.26
97.616
83.8
76.791
76.199
73.895
78.78
64.19
60.415
56.955
64.834
68.838
66.457
63.935
80.256
71.929
71.239
69.875
68.909
79.129
70.813
66.758
63.833
66.72
63.69
56.771
60.722
73.667
66.649
67.827
73.663
68.691
62.82
72.749
72.496
72.486
65.458
56.736
66.794
65.761
83.734
76.519
60.797
64.81
66.59
63.799
67.512
57.591
62.512
57.707
55.051
57.466
61.978
61.978
61.978
61.978
61.978
61.978
61.978
61.978
61.978
61.978
61.978
61.978
61.978
61.978
61.978
61.978
61.978
61.978
61.978
61.978
61.978
61.978
61.978
61.978
61.978
61.978
61.978
61.978
61.978
61.978
61.978
61.978
61.978
61.978
61.978
61.978
61.978
61.978
61.978
61.978
61.978
61.978
61.978
61.978
61.978
61.978
61.978
61.978
61.978
61.978
61.978
61.978
61.978
61.978
61.978
61.978
61.978
61.978
61.978
61.978
61.978
61.978
