-111.984
-118.013
-114.263
-112.247
-113.277
-105.303
-117.26
-114.306
-110.305
-108.21
-116.824
-123.802
-109.675
-103.734
-106.602
-84.819
-81.26
-80.616
-58.8
-55.791
-53.199
-56.895
-49.78
-40.19
-40.415
-33.955
-45.834
-32.838
-34.457
-41.935
-42.256
-38.929
-41.239
-46.875
-28.909
-41.129
-55.813
-43.758
-55.833
-46.72
-34.69
-53.771
-40.722
-58.667
-50.649
-43.827
-54.663
-52.691
-50.82
-43.749
-51.496
-50.486
-43.458
-42.736
-57.794
-45.761
-48.734
-43.519
-35.797
-43.81
-45.59
-55.799
-45.512
-40.591
-61.512
-38.707
-22.051
-29.466
-41.978
-41.978
-41.978
-41.978
-41.978
-41.978
-41.978
-41.978
-41.978
-41.978
-41.978
-41.978
-41.978
-41.978
-41.978
-41.978
-41.978
-41.978
-41.978
-41.978
-41.978
-41.978
-41.978
-41.978
-41.978
-41.978
-41.978
-41.978
-41.978
-41.978
-41.978
-41.978
-41.978
-41.978
-41.978
-41.978
-41.978
-41.978
-41.978
-41.978
-41.978
-41.978
-41.978
-41.978
-41.978
-41.978
-41.978
-41.978
-41.978
-41.978
-41.978
-41.978
-41.978
-41.978
-41.978
-41.978
-41.978
-41.978
-41.978
-41.978
-41.978
-41.978
