-113.984
-121.013
-122.263
-119.247
-117.277
-119.303
-118.26
-119.306
-124.305
-124.21
-119.824
-120.802
-119.675
-111.734
-111.602
-98.819
-90.26
-91.616
-72.8
-65.791
-61.199
-64.895
-63.78
-54.19
-48.415
-43.955
-56.834
-51.838
-52.457
-50.935
-59.256
-57.929
-60.239
-50.875
-57.909
-59.129
-51.813
-56.758
-56.833
-52.72
-52.69
-57.771
-56.722
-51.667
-56.649
-50.827
-50.663
-55.691
-57.82
-57.749
-53.496
-54.486
-47.458
-55.736
-56.794
-57.761
-51.734
-49.519
-56.797
-55.81
-52.59
-52.799
-49.512
-52.591
-54.512
-55.707
-38.051
-47.466
-49.978
-49.978
-49.978
-49.978
-49.978
-49.978
-49.978
-49.978
-49.978
-49.978
-49.978
-49.978
-49.978
-49.978
-49.978
-49.978
-49.978
-49.978
-49.978
-49.978
-49.978
-49.978
-49.978
-49.978
-49.978
-49.978
-49.978
-49.978
-49.978
-49.978
-49.978
-49.978
-49.978
-49.978
-49.978
-49.978
-49.978
-49.978
-49.978
-49.978
-49.978
-49.978
-49.978
-49.978
-49.978
-49.978
-49.978
-49.978
-49.978
-49.978
-49.978
-49.978
-49.978
-49.978
-49.978
-49.978
-49.978
-49.978
-49.978
-49.978
-49.978
-49.978
