-103.984
-106.013
-110.263
-112.247
-119.277
-110.303
-107.26
-121.306
-109.305
-104.21
-101.824
-107.802
-97.675
-104.734
-89.602
-97.819
-84.26
-76.616
-75.8
-59.791
-59.199
-54.895
-55.78
-47.19
-45.415
-43.955
-53.834
-38.838
-32.457
-36.935
-36.256
-43.929
-51.239
-48.875
-40.909
-34.129
-41.813
-47.758
-41.833
-39.72
-51.69
-52.771
-52.722
-40.667
-52.649
-55.827
-47.663
-49.691
-52.82
-53.749
-59.496
-54.486
-45.458
-42.736
-57.794
-34.761
-45.734
-47.519
-51.797
-42.81
-44.59
-41.799
-47.512
-45.591
-48.512
-45.707
-28.051
-34.466
-41.978
-41.978
-41.978
-41.978
-41.978
-41.978
-41.978
-41.978
-41.978
-41.978
-41.978
-41.978
-41.978
-41.978
-41.978
-41.978
-41.978
-41.978
-41.978
-41.978
-41.978
-41.978
-41.978
-41.978
-41.978
-41.978
-41.978
-41.978
-41.978
-41.978
-41.978
-41.978
-41.978
-41.978
-41.978
-41.978
-41.978
-41.978
-41.978
-41.978
-41.978
-41.978
-41.978
-41.978
-41.978
-41.978
-41.978
-41.978
-41.978
-41.978
-41.978
-41.978
-41.978
-41.978
-41.978
-41.978
-41.978
-41.978
-41.978
-41.978
-41.978
-41.978
