-119.984
-110.013
-114.263
-115.247
-118.277
-106.303
-121.26
-116.306
-117.305
-117.21
-100.824
-115.802
-104.675
-94.734
-111.602
-91.819
-85.26
-77.616
-69.8
-64.791
-58.199
-57.895
-54.78
-42.19
-32.415
-39.955
-58.834
-45.838
-55.457
-46.935
-40.256
-49.929
-47.239
-47.875
-38.909
-53.129
-45.813
-49.758
-47.833
-38.72
-50.69
-42.771
-51.722
-44.667
-51.649
-45.827
-46.663
-41.691
-58.82
-55.749
-45.496
-46.486
-44.458
-43.736
-49.794
-46.761
-48.734
-54.519
-54.797
-60.81
-44.59
-46.799
-52.512
-46.591
-45.512
-45.707
-23.051
-34.466
-41.978
-41.978
-41.978
-41.978
-41.978
-41.978
-41.978
-41.978
-41.978
-41.978
-41.978
-41.978
-41.978
-41.978
-41.978
-41.978
-41.978
-41.978
-41.978
-41.978
-41.978
-41.978
-41.978
-41.978
-41.978
-41.978
-41.978
-41.978
-41.978
-41.978
-41.978
-41.978
-41.978
-41.978
-41.978
-41.978
-41.978
-41.978
-41.978
-41.978
-41.978
-41.978
-41.978
-41.978
-41.978
-41.978
-41.978
-41.978
-41.978
-41.978
-41.978
-41.978
-41.978
-41.978
-41.978
-41.978
-41.978
-41.978
-41.978
-41.978
-41.978
-41.978
