120.984
122.013
120.263
124.247
120.277
126.303
123.26
126.306
130.305
119.21
115.824
116.802
114.675
109.734
109.602
97.819
99.26
93.616
84.8
67.791
71.199
63.895
61.78
63.19
55.415
46.955
62.834
57.838
57.457
58.935
64.256
60.929
55.239
58.875
52.909
55.129
60.813
59.758
53.833
57.72
63.69
58.771
56.722
60.667
58.649
58.827
54.663
53.691
51.82
58.749
50.496
62.486
52.458
65.736
55.794
65.761
53.734
49.519
65.797
54.81
54.59
57.799
60.512
62.591
60.512
57.707
39.051
51.466
51.978
51.978
51.978
51.978
51.978
51.978
51.978
51.978
51.978
51.978
51.978
51.978
51.978
51.978
51.978
51.978
51.978
51.978
51.978
51.978
51.978
51.978
51.978
51.978
51.978
51.978
51.978
51.978
51.978
51.978
51.978
51.978
51.978
51.978
51.978
51.978
51.978
51.978
51.978
51.978
51.978
51.978
51.978
51.978
51.978
51.978
51.978
51.978
51.978
51.978
51.978
51.978
51.978
51.978
51.978
51.978
51.978
51.978
51.978
51.978
51.978
51.978
