126.984
125.013
137.263
137.247
127.277
134.303
130.26
130.306
130.305
119.21
130.824
131.802
115.675
136.734
123.602
107.819
107.26
105.616
85.8
70.791
79.199
76.895
77.78
64.19
59.415
50.955
64.834
63.838
67.457
74.935
75.256
53.929
72.239
66.875
62.909
72.129
74.813
68.758
65.833
55.72
77.69
64.771
62.722
67.667
53.649
63.827
57.663
70.691
68.82
74.749
81.496
59.486
64.458
72.736
77.794
57.761
55.734
59.519
77.797
68.81
74.59
65.799
67.512
63.591
47.512
75.707
50.051
57.466
62.978
62.978
62.978
62.978
62.978
62.978
62.978
62.978
62.978
62.978
62.978
62.978
62.978
62.978
62.978
62.978
62.978
62.978
62.978
62.978
62.978
62.978
62.978
62.978
62.978
62.978
62.978
62.978
62.978
62.978
62.978
62.978
62.978
62.978
62.978
62.978
62.978
62.978
62.978
62.978
62.978
62.978
62.978
62.978
62.978
62.978
62.978
62.978
62.978
62.978
62.978
62.978
62.978
62.978
62.978
62.978
62.978
62.978
62.978
62.978
62.978
62.978
