129.984
131.013
139.263
123.247
137.277
129.303
116.26
137.306
127.305
140.21
140.824
131.802
133.675
123.734
121.602
106.819
101.26
102.616
84.8
80.791
80.199
74.895
80.78
71.19
57.415
62.955
63.834
72.838
66.457
68.935
82.256
73.929
76.239
75.875
73.909
76.129
73.813
65.758
66.833
62.72
72.69
58.771
61.722
70.667
68.649
68.827
76.663
73.691
66.82
80.749
74.496
69.486
66.458
57.736
70.794
68.761
87.734
86.519
64.797
72.81
75.59
64.799
72.512
60.591
66.512
61.707
64.051
58.466
65.978
65.978
65.978
65.978
65.978
65.978
65.978
65.978
65.978
65.978
65.978
65.978
65.978
65.978
65.978
65.978
65.978
65.978
65.978
65.978
65.978
65.978
65.978
65.978
65.978
65.978
65.978
65.978
65.978
65.978
65.978
65.978
65.978
65.978
65.978
65.978
65.978
65.978
65.978
65.978
65.978
65.978
65.978
65.978
65.978
65.978
65.978
65.978
65.978
65.978
65.978
65.978
65.978
65.978
65.978
65.978
65.978
65.978
65.978
65.978
65.978
65.978
