-115.984
-119.013
-124.263
-123.247
-122.277
-124.303
-124.26
-124.306
-119.305
-124.21
-115.824
-118.802
-115.675
-111.734
-108.602
-98.819
-95.26
-90.616
-77.8
-64.791
-67.199
-62.895
-58.78
-55.19
-53.415
-45.955
-50.834
-50.838
-47.457
-51.935
-54.256
-55.929
-59.239
-52.875
-57.909
-55.129
-57.813
-57.758
-50.833
-56.72
-55.69
-52.771
-52.722
-52.667
-56.649
-57.827
-52.663
-57.691
-55.82
-52.749
-54.496
-49.486
-49.458
-50.736
-55.794
-50.761
-52.734
-52.519
-50.797
-52.81
-48.59
-56.799
-54.512
-54.591
-48.512
-57.707
-39.051
-45.466
-43.978
-43.978
-43.978
-43.978
-43.978
-43.978
-43.978
-43.978
-43.978
-43.978
-43.978
-43.978
-43.978
-43.978
-43.978
-43.978
-43.978
-43.978
-43.978
-43.978
-43.978
-43.978
-43.978
-43.978
-43.978
-43.978
-43.978
-43.978
-43.978
-43.978
-43.978
-43.978
-43.978
-43.978
-43.978
-43.978
-43.978
-43.978
-43.978
-43.978
-43.978
-43.978
-43.978
-43.978
-43.978
-43.978
-43.978
-43.978
-43.978
-43.978
-43.978
-43.978
-43.978
-43.978
-43.978
-43.978
-43.978
-43.978
-43.978
-43.978
-43.978
-43.978
