-117.984
-108.013
-116.263
-105.247
-109.277
-116.303
-115.26
-112.306
-118.305
-116.21
-112.824
-114.802
-111.675
-99.734
-110.602
-85.819
-86.26
-83.616
-69.8
-64.791
-65.199
-51.895
-56.78
-61.19
-43.415
-39.955
-48.834
-47.838
-51.457
-53.935
-55.256
-49.929
-57.239
-61.875
-49.909
-50.129
-50.813
-48.758
-41.833
-45.72
-45.69
-47.771
-57.722
-47.667
-54.649
-44.827
-44.663
-47.691
-50.82
-60.749
-41.496
-49.486
-39.458
-45.736
-47.794
-40.761
-50.734
-47.519
-41.797
-47.81
-55.59
-47.799
-41.512
-36.591
-40.512
-61.707
-37.051
-37.466
-48.978
-48.978
-48.978
-48.978
-48.978
-48.978
-48.978
-48.978
-48.978
-48.978
-48.978
-48.978
-48.978
-48.978
-48.978
-48.978
-48.978
-48.978
-48.978
-48.978
-48.978
-48.978
-48.978
-48.978
-48.978
-48.978
-48.978
-48.978
-48.978
-48.978
-48.978
-48.978
-48.978
-48.978
-48.978
-48.978
-48.978
-48.978
-48.978
-48.978
-48.978
-48.978
-48.978
-48.978
-48.978
-48.978
-48.978
-48.978
-48.978
-48.978
-48.978
-48.978
-48.978
-48.978
-48.978
-48.978
-48.978
-48.978
-48.978
-48.978
-48.978
-48.978
