134.984
121.013
128.263
146.247
127.277
135.303
126.26
138.306
124.305
138.21
119.824
126.802
124.675
126.734
118.602
103.819
92.26
90.616
93.8
90.791
84.199
65.895
73.78
64.19
65.415
57.955
68.834
68.838
60.457
69.935
68.256
77.929
71.239
68.875
68.909
62.129
64.813
66.758
76.833
56.72
66.69
61.771
72.722
67.667
50.649
59.827
67.663
61.691
61.82
68.749
67.496
59.486
52.458
60.736
52.794
60.761
66.734
58.519
63.797
66.81
70.59
64.799
59.512
63.591
65.512
65.707
35.051
55.466
58.978
58.978
58.978
58.978
58.978
58.978
58.978
58.978
58.978
58.978
58.978
58.978
58.978
58.978
58.978
58.978
58.978
58.978
58.978
58.978
58.978
58.978
58.978
58.978
58.978
58.978
58.978
58.978
58.978
58.978
58.978
58.978
58.978
58.978
58.978
58.978
58.978
58.978
58.978
58.978
58.978
58.978
58.978
58.978
58.978
58.978
58.978
58.978
58.978
58.978
58.978
58.978
58.978
58.978
58.978
58.978
58.978
58.978
58.978
58.978
58.978
58.978
