136.984
119.013
127.263
148.247
130.277
142.303
128.26
137.306
154.305
126.21
144.824
135.802
128.675
126.734
129.602
110.819
103.26
112.616
78.8
84.791
79.199
72.895
63.78
66.19
55.415
64.955
69.834
75.838
62.457
66.935
86.256
62.929
74.239
66.875
65.909
89.129
65.813
80.758
77.833
80.72
75.69
67.771
54.722
70.667
73.649
66.827
67.663
56.691
66.82
64.749
77.496
75.486
68.458
64.736
65.794
56.761
64.734
58.519
48.797
68.81
75.59
76.799
73.512
75.591
73.512
77.707
63.051
59.466
54.978
54.978
54.978
54.978
54.978
54.978
54.978
54.978
54.978
54.978
54.978
54.978
54.978
54.978
54.978
54.978
54.978
54.978
54.978
54.978
54.978
54.978
54.978
54.978
54.978
54.978
54.978
54.978
54.978
54.978
54.978
54.978
54.978
54.978
54.978
54.978
54.978
54.978
54.978
54.978
54.978
54.978
54.978
54.978
54.978
54.978
54.978
54.978
54.978
54.978
54.978
54.978
54.978
54.978
54.978
54.978
54.978
54.978
54.978
54.978
54.978
54.978
