119.984
120.013
121.263
127.247
116.277
128.303
125.26
125.306
131.305
127.21
112.824
124.802
122.675
111.734
119.602
101.819
96.26
89.616
93.8
64.791
74.199
66.895
63.78
72.19
58.415
47.955
71.834
60.838
53.457
61.935
73.256
63.929
59.239
61.875
55.909
58.129
68.813
60.758
55.833
60.72
67.69
65.771
66.722
57.667
62.649
62.827
59.663
54.691
59.82
59.749
58.496
65.486
60.458
69.736
51.794
66.761
61.734
57.519
68.797
54.81
62.59
61.799
61.512
65.591
63.512
62.707
41.051
56.466
59.978
59.978
59.978
59.978
59.978
59.978
59.978
59.978
59.978
59.978
59.978
59.978
59.978
59.978
59.978
59.978
59.978
59.978
59.978
59.978
59.978
59.978
59.978
59.978
59.978
59.978
59.978
59.978
59.978
59.978
59.978
59.978
59.978
59.978
59.978
59.978
59.978
59.978
59.978
59.978
59.978
59.978
59.978
59.978
59.978
59.978
59.978
59.978
59.978
59.978
59.978
59.978
59.978
59.978
59.978
59.978
59.978
59.978
59.978
59.978
59.978
59.978
