135.984
121.013
129.263
146.247
127.277
136.303
121.26
139.306
125.305
135.21
121.824
128.802
126.675
127.734
114.602
98.819
94.26
92.616
93.8
86.791
84.199
61.895
73.78
59.19
62.415
53.955
70.834
69.838
57.457
70.935
63.256
72.929
72.239
68.875
64.909
63.129
66.813
67.758
73.833
58.72
68.69
58.771
69.722
67.667
52.649
59.827
62.663
56.691
62.82
63.749
67.496
54.486
52.458
62.736
53.794
62.761
63.734
54.519
60.797
66.81
71.59
66.799
60.512
65.591
66.512
65.707
37.051
50.466
59.978
59.978
59.978
59.978
59.978
59.978
59.978
59.978
59.978
59.978
59.978
59.978
59.978
59.978
59.978
59.978
59.978
59.978
59.978
59.978
59.978
59.978
59.978
59.978
59.978
59.978
59.978
59.978
59.978
59.978
59.978
59.978
59.978
59.978
59.978
59.978
59.978
59.978
59.978
59.978
59.978
59.978
59.978
59.978
59.978
59.978
59.978
59.978
59.978
59.978
59.978
59.978
59.978
59.978
59.978
59.978
59.978
59.978
59.978
59.978
59.978
59.978
