128.984
136.013
142.263
122.247
136.277
132.303
121.26
141.306
132.305
138.21
140.824
130.802
137.675
128.734
121.602
105.819
101.26
107.616
84.8
79.791
80.199
72.895
80.78
71.19
55.415
60.955
68.834
72.838
69.457
67.935
80.256
72.929
74.239
80.875
72.909
81.129
78.813
65.758
71.833
65.72
77.69
58.771
61.722
70.667
66.649
72.827
80.663
77.691
66.82
84.749
79.496
68.486
71.458
55.736
70.794
67.761
90.734
85.519
68.797
77.81
80.59
68.799
76.512
58.591
65.512
64.707
62.051
63.466
65.978
65.978
65.978
65.978
65.978
65.978
65.978
65.978
65.978
65.978
65.978
65.978
65.978
65.978
65.978
65.978
65.978
65.978
65.978
65.978
65.978
65.978
65.978
65.978
65.978
65.978
65.978
65.978
65.978
65.978
65.978
65.978
65.978
65.978
65.978
65.978
65.978
65.978
65.978
65.978
65.978
65.978
65.978
65.978
65.978
65.978
65.978
65.978
65.978
65.978
65.978
65.978
65.978
65.978
65.978
65.978
65.978
65.978
65.978
65.978
65.978
65.978
