121.984
119.013
126.263
120.247
125.277
127.303
122.26
121.306
126.305
126.21
121.824
121.802
118.675
115.734
114.602
101.819
98.26
95.616
81.8
72.791
70.199
65.895
60.78
62.19
55.415
52.955
53.834
60.838
56.457
58.935
59.256
53.929
57.239
59.875
55.909
63.129
60.813
59.758
59.833
55.72
58.69
60.771
59.722
54.667
55.649
59.827
58.663
59.691
55.82
55.749
55.496
57.486
55.458
59.736
54.794
53.761
59.734
50.519
53.797
53.81
51.59
54.799
55.512
56.591
52.512
60.707
41.051
49.466
46.978
46.978
46.978
46.978
46.978
46.978
46.978
46.978
46.978
46.978
46.978
46.978
46.978
46.978
46.978
46.978
46.978
46.978
46.978
46.978
46.978
46.978
46.978
46.978
46.978
46.978
46.978
46.978
46.978
46.978
46.978
46.978
46.978
46.978
46.978
46.978
46.978
46.978
46.978
46.978
46.978
46.978
46.978
46.978
46.978
46.978
46.978
46.978
46.978
46.978
46.978
46.978
46.978
46.978
46.978
46.978
46.978
46.978
46.978
46.978
46.978
46.978
