147.984
122.013
135.263
132.247
129.277
128.303
135.26
131.306
140.305
134.21
138.824
132.802
129.675
139.734
133.602
112.819
120.26
109.616
89.8
89.791
87.199
76.895
61.78
82.19
59.415
60.955
73.834
65.838
72.457
69.935
78.256
74.929
65.239
63.875
76.909
70.129
76.813
68.758
70.833
76.72
76.69
76.771
80.722
69.667
69.649
84.827
79.663
58.691
64.82
75.749
67.496
63.486
75.458
64.736
66.794
65.761
76.734
77.519
70.797
68.81
72.59
83.799
70.512
51.591
64.512
65.707
61.051
58.466
64.978
64.978
64.978
64.978
64.978
64.978
64.978
64.978
64.978
64.978
64.978
64.978
64.978
64.978
64.978
64.978
64.978
64.978
64.978
64.978
64.978
64.978
64.978
64.978
64.978
64.978
64.978
64.978
64.978
64.978
64.978
64.978
64.978
64.978
64.978
64.978
64.978
64.978
64.978
64.978
64.978
64.978
64.978
64.978
64.978
64.978
64.978
64.978
64.978
64.978
64.978
64.978
64.978
64.978
64.978
64.978
64.978
64.978
64.978
64.978
64.978
64.978
