-122.984
-110.013
-115.263
-126.247
-127.277
-120.303
-110.26
-105.306
-120.305
-112.21
-120.824
-116.802
-105.675
-107.734
-114.602
-99.819
-90.26
-80.616
-71.8
-56.791
-59.199
-49.895
-58.78
-49.19
-52.415
-49.955
-50.834
-37.838
-45.457
-46.935
-49.256
-45.929
-50.239
-41.875
-47.909
-52.129
-48.813
-51.758
-47.833
-56.72
-48.69
-57.771
-40.722
-44.667
-44.649
-37.827
-43.663
-43.691
-50.82
-40.749
-47.496
-45.486
-47.458
-53.736
-49.794
-43.761
-51.734
-40.519
-48.797
-48.81
-36.59
-52.799
-42.512
-50.591
-38.512
-53.707
-32.051
-42.466
-45.978
-45.978
-45.978
-45.978
-45.978
-45.978
-45.978
-45.978
-45.978
-45.978
-45.978
-45.978
-45.978
-45.978
-45.978
-45.978
-45.978
-45.978
-45.978
-45.978
-45.978
-45.978
-45.978
-45.978
-45.978
-45.978
-45.978
-45.978
-45.978
-45.978
-45.978
-45.978
-45.978
-45.978
-45.978
-45.978
-45.978
-45.978
-45.978
-45.978
-45.978
-45.978
-45.978
-45.978
-45.978
-45.978
-45.978
-45.978
-45.978
-45.978
-45.978
-45.978
-45.978
-45.978
-45.978
-45.978
-45.978
-45.978
-45.978
-45.978
-45.978
-45.978
