141.984
126.013
144.263
129.247
146.277
129.303
135.26
135.306
135.305
125.21
118.824
124.802
136.675
125.734
122.602
102.819
101.26
104.616
83.8
89.791
70.199
71.895
79.78
66.19
69.415
61.955
63.834
84.838
64.457
71.935
69.256
64.929
55.239
61.875
75.909
66.129
54.813
58.758
64.833
55.72
65.69
62.771
60.722
62.667
58.649
64.827
54.663
55.691
78.82
74.749
52.496
51.486
63.458
53.736
78.794
61.761
57.734
63.519
67.797
65.81
57.59
56.799
71.512
61.591
67.512
63.707
60.051
60.466
47.978
47.978
47.978
47.978
47.978
47.978
47.978
47.978
47.978
47.978
47.978
47.978
47.978
47.978
47.978
47.978
47.978
47.978
47.978
47.978
47.978
47.978
47.978
47.978
47.978
47.978
47.978
47.978
47.978
47.978
47.978
47.978
47.978
47.978
47.978
47.978
47.978
47.978
47.978
47.978
47.978
47.978
47.978
47.978
47.978
47.978
47.978
47.978
47.978
47.978
47.978
47.978
47.978
47.978
47.978
47.978
47.978
47.978
47.978
47.978
47.978
47.978
