120.984
117.013
130.263
131.247
121.277
124.303
119.26
121.306
124.305
130.21
116.824
126.802
121.675
116.734
115.602
94.819
90.26
93.616
83.8
78.791
74.199
60.895
65.78
55.19
55.415
52.955
65.834
60.838
49.457
60.935
61.256
59.929
67.239
58.875
56.909
56.129
59.813
57.758
63.833
58.72
58.69
56.771
57.722
62.667
57.649
53.827
57.663
55.691
59.82
58.749
51.496
54.486
57.458
56.736
52.794
57.761
51.734
53.519
58.797
59.81
61.59
56.799
50.512
62.591
49.512
54.707
38.051
42.466
56.978
56.978
56.978
56.978
56.978
56.978
56.978
56.978
56.978
56.978
56.978
56.978
56.978
56.978
56.978
56.978
56.978
56.978
56.978
56.978
56.978
56.978
56.978
56.978
56.978
56.978
56.978
56.978
56.978
56.978
56.978
56.978
56.978
56.978
56.978
56.978
56.978
56.978
56.978
56.978
56.978
56.978
56.978
56.978
56.978
56.978
56.978
56.978
56.978
56.978
56.978
56.978
56.978
56.978
56.978
56.978
56.978
56.978
56.978
56.978
56.978
56.978
