127.984
129.013
135.263
123.247
130.277
126.303
120.26
123.306
125.305
137.21
139.824
125.802
131.675
114.734
126.602
109.819
94.26
97.616
83.8
72.791
72.199
73.895
79.78
66.19
60.415
52.955
66.834
64.838
62.457
58.935
75.256
67.929
66.239
71.875
65.909
80.129
72.813
62.758
60.833
67.72
63.69
53.771
60.722
70.667
68.649
67.827
69.663
65.691
64.82
74.749
68.496
68.486
62.458
51.736
68.794
61.761
79.734
71.519
55.797
64.81
61.59
65.799
69.512
58.591
58.512
58.707
50.051
54.466
56.978
56.978
56.978
56.978
56.978
56.978
56.978
56.978
56.978
56.978
56.978
56.978
56.978
56.978
56.978
56.978
56.978
56.978
56.978
56.978
56.978
56.978
56.978
56.978
56.978
56.978
56.978
56.978
56.978
56.978
56.978
56.978
56.978
56.978
56.978
56.978
56.978
56.978
56.978
56.978
56.978
56.978
56.978
56.978
56.978
56.978
56.978
56.978
56.978
56.978
56.978
56.978
56.978
56.978
56.978
56.978
56.978
56.978
56.978
56.978
56.978
56.978
