-102.984
-103.013
-109.263
-120.247
-113.277
-99.303
-103.26
-121.306
-126.305
-105.21
-107.824
-105.802
-106.675
-99.734
-105.602
-76.819
-77.26
-65.616
-60.8
-46.791
-46.199
-46.895
-56.78
-47.19
-33.415
-32.955
-31.834
-30.838
-44.457
-39.935
-49.256
-54.929
-63.239
-41.875
-52.909
-49.129
-48.813
-45.758
-47.833
-37.72
-29.69
-31.771
-29.722
-44.667
-52.649
-45.827
-31.663
-50.691
-45.82
-34.749
-40.496
-52.486
-40.458
-38.736
-33.794
-44.761
-39.734
-39.519
-33.797
-58.81
-51.59
-51.799
-30.512
-35.591
-45.512
-44.707
-38.051
-30.466
-54.978
-54.978
-54.978
-54.978
-54.978
-54.978
-54.978
-54.978
-54.978
-54.978
-54.978
-54.978
-54.978
-54.978
-54.978
-54.978
-54.978
-54.978
-54.978
-54.978
-54.978
-54.978
-54.978
-54.978
-54.978
-54.978
-54.978
-54.978
-54.978
-54.978
-54.978
-54.978
-54.978
-54.978
-54.978
-54.978
-54.978
-54.978
-54.978
-54.978
-54.978
-54.978
-54.978
-54.978
-54.978
-54.978
-54.978
-54.978
-54.978
-54.978
-54.978
-54.978
-54.978
-54.978
-54.978
-54.978
-54.978
-54.978
-54.978
-54.978
-54.978
-54.978
