-118.984
-98.013
-123.263
-110.247
-112.277
-114.303
-114.26
-118.306
-113.305
-121.21
-95.824
-110.802
-108.675
-104.734
-104.602
-82.819
-81.26
-69.616
-71.8
-55.791
-58.199
-49.895
-47.78
-53.19
-38.415
-40.955
-43.834
-55.838
-55.457
-54.935
-47.256
-34.929
-40.239
-48.875
-41.909
-49.129
-49.813
-42.758
-36.833
-42.72
-40.69
-35.771
-47.722
-31.667
-39.649
-48.827
-54.663
-54.691
-42.82
-58.749
-33.496
-36.486
-44.458
-45.736
-52.794
-38.761
-42.734
-44.519
-51.797
-41.81
-41.59
-41.799
-41.512
-49.591
-40.512
-36.707
-35.051
-27.466
-32.978
-32.978
-32.978
-32.978
-32.978
-32.978
-32.978
-32.978
-32.978
-32.978
-32.978
-32.978
-32.978
-32.978
-32.978
-32.978
-32.978
-32.978
-32.978
-32.978
-32.978
-32.978
-32.978
-32.978
-32.978
-32.978
-32.978
-32.978
-32.978
-32.978
-32.978
-32.978
-32.978
-32.978
-32.978
-32.978
-32.978
-32.978
-32.978
-32.978
-32.978
-32.978
-32.978
-32.978
-32.978
-32.978
-32.978
-32.978
-32.978
-32.978
-32.978
-32.978
-32.978
-32.978
-32.978
-32.978
-32.978
-32.978
-32.978
-32.978
-32.978
-32.978
