124.984
133.013
131.263
134.247
134.277
130.303
129.26
145.306
130.305
131.21
136.824
129.802
109.675
109.734
126.602
104.819
112.26
101.616
87.8
76.791
79.199
65.895
74.78
77.19
50.415
57.955
65.834
62.838
75.457
63.935
76.256
72.929
81.239
62.875
61.909
74.129
65.813
78.758
71.833
48.72
75.69
73.771
83.722
57.667
82.649
75.827
75.663
74.691
66.82
62.749
70.496
58.486
60.458
74.736
56.794
72.761
69.734
68.519
74.797
61.81
54.59
69.799
63.512
55.591
62.512
79.707
59.051
57.466
65.978
65.978
65.978
65.978
65.978
65.978
65.978
65.978
65.978
65.978
65.978
65.978
65.978
65.978
65.978
65.978
65.978
65.978
65.978
65.978
65.978
65.978
65.978
65.978
65.978
65.978
65.978
65.978
65.978
65.978
65.978
65.978
65.978
65.978
65.978
65.978
65.978
65.978
65.978
65.978
65.978
65.978
65.978
65.978
65.978
65.978
65.978
65.978
65.978
65.978
65.978
65.978
65.978
65.978
65.978
65.978
65.978
65.978
65.978
65.978
65.978
65.978
