-110.984
-121.013
-115.263
-116.247
-109.277
-125.303
-118.26
-120.306
-113.305
-126.21
-122.824
-118.802
-116.675
-104.734
-112.602
-91.819
-94.26
-82.616
-75.8
-70.791
-63.199
-65.895
-49.78
-45.19
-44.415
-45.955
-49.834
-53.838
-46.457
-52.935
-51.256
-41.929
-60.239
-54.875
-52.909
-54.129
-52.813
-45.758
-54.833
-59.72
-58.69
-55.771
-54.722
-46.667
-59.649
-54.827
-52.663
-43.691
-41.82
-48.749
-48.496
-47.486
-44.458
-48.736
-51.794
-48.761
-49.734
-41.519
-45.797
-49.81
-45.59
-55.799
-40.512
-48.591
-50.512
-54.707
-34.051
-45.466
-46.978
-46.978
-46.978
-46.978
-46.978
-46.978
-46.978
-46.978
-46.978
-46.978
-46.978
-46.978
-46.978
-46.978
-46.978
-46.978
-46.978
-46.978
-46.978
-46.978
-46.978
-46.978
-46.978
-46.978
-46.978
-46.978
-46.978
-46.978
-46.978
-46.978
-46.978
-46.978
-46.978
-46.978
-46.978
-46.978
-46.978
-46.978
-46.978
-46.978
-46.978
-46.978
-46.978
-46.978
-46.978
-46.978
-46.978
-46.978
-46.978
-46.978
-46.978
-46.978
-46.978
-46.978
-46.978
-46.978
-46.978
-46.978
-46.978
-46.978
-46.978
-46.978
