-120.984
-116.013
-124.263
-122.247
-124.277
-119.303
-123.26
-123.306
-124.305
-124.21
-115.824
-119.802
-113.675
-108.734
-108.602
-93.819
-91.26
-87.616
-77.8
-66.791
-63.199
-64.895
-62.78
-54.19
-48.415
-50.955
-51.834
-57.838
-52.457
-52.935
-56.256
-50.929
-54.239
-51.875
-50.909
-60.129
-55.813
-52.758
-51.833
-50.72
-51.69
-52.771
-57.722
-50.667
-56.649
-57.827
-50.663
-50.691
-57.82
-57.749
-47.496
-48.486
-54.458
-50.736
-52.794
-50.761
-52.734
-53.519
-52.797
-56.81
-48.59
-52.799
-52.512
-48.591
-53.512
-55.707
-39.051
-40.466
-48.978
-48.978
-48.978
-48.978
-48.978
-48.978
-48.978
-48.978
-48.978
-48.978
-48.978
-48.978
-48.978
-48.978
-48.978
-48.978
-48.978
-48.978
-48.978
-48.978
-48.978
-48.978
-48.978
-48.978
-48.978
-48.978
-48.978
-48.978
-48.978
-48.978
-48.978
-48.978
-48.978
-48.978
-48.978
-48.978
-48.978
-48.978
-48.978
-48.978
-48.978
-48.978
-48.978
-48.978
-48.978
-48.978
-48.978
-48.978
-48.978
-48.978
-48.978
-48.978
-48.978
-48.978
-48.978
-48.978
-48.978
-48.978
-48.978
-48.978
-48.978
-48.978
