-110.984
-111.013
-115.263
-123.247
-116.277
-115.303
-114.26
-125.306
-124.305
-116.21
-115.824
-112.802
-111.675
-112.734
-110.602
-91.819
-84.26
-75.616
-69.8
-57.791
-60.199
-49.895
-63.78
-53.19
-44.415
-38.955
-46.834
-47.838
-51.457
-49.935
-58.256
-55.929
-56.239
-47.875
-50.909
-53.129
-59.813
-49.758
-59.833
-46.72
-43.69
-47.771
-47.722
-47.667
-58.649
-54.827
-41.663
-55.691
-53.82
-44.749
-40.496
-56.486
-48.458
-52.736
-49.794
-57.761
-56.734
-50.519
-46.797
-60.81
-56.59
-53.799
-40.512
-40.591
-46.512
-51.707
-35.051
-34.466
-46.978
-46.978
-46.978
-46.978
-46.978
-46.978
-46.978
-46.978
-46.978
-46.978
-46.978
-46.978
-46.978
-46.978
-46.978
-46.978
-46.978
-46.978
-46.978
-46.978
-46.978
-46.978
-46.978
-46.978
-46.978
-46.978
-46.978
-46.978
-46.978
-46.978
-46.978
-46.978
-46.978
-46.978
-46.978
-46.978
-46.978
-46.978
-46.978
-46.978
-46.978
-46.978
-46.978
-46.978
-46.978
-46.978
-46.978
-46.978
-46.978
-46.978
-46.978
-46.978
-46.978
-46.978
-46.978
-46.978
-46.978
-46.978
-46.978
-46.978
-46.978
-46.978
