118.984
134.013
126.263
132.247
128.277
128.303
143.26
136.306
129.305
135.21
127.824
146.802
128.675
130.734
118.602
107.819
110.26
103.616
89.8
82.791
81.199
65.895
72.78
85.19
84.415
57.955
68.834
69.838
55.457
73.935
74.256
60.929
58.239
53.875
70.909
82.129
61.813
66.758
63.833
74.72
79.69
56.771
74.722
56.667
69.649
72.827
69.663
60.691
71.82
48.749
63.496
63.486
70.458
53.736
71.794
74.761
65.734
72.519
66.797
75.81
51.59
66.799
55.512
73.591
64.512
66.707
36.051
56.466
44.978
44.978
44.978
44.978
44.978
44.978
44.978
44.978
44.978
44.978
44.978
44.978
44.978
44.978
44.978
44.978
44.978
44.978
44.978
44.978
44.978
44.978
44.978
44.978
44.978
44.978
44.978
44.978
44.978
44.978
44.978
44.978
44.978
44.978
44.978
44.978
44.978
44.978
44.978
44.978
44.978
44.978
44.978
44.978
44.978
44.978
44.978
44.978
44.978
44.978
44.978
44.978
44.978
44.978
44.978
44.978
44.978
44.978
44.978
44.978
44.978
44.978
