-113.984
-117.013
-119.263
-120.247
-123.277
-115.303
-113.26
-120.306
-123.305
-119.21
-113.824
-113.802
-115.675
-113.734
-105.602
-95.819
-91.26
-80.616
-73.8
-67.791
-63.199
-63.895
-62.78
-55.19
-54.415
-51.955
-50.834
-52.838
-44.457
-52.935
-52.256
-47.929
-50.239
-47.875
-52.909
-57.129
-46.813
-53.758
-48.833
-56.72
-52.69
-54.771
-52.722
-52.667
-46.649
-52.827
-53.663
-52.691
-48.82
-48.749
-49.496
-50.486
-45.458
-52.736
-45.794
-54.761
-54.734
-47.519
-46.797
-57.81
-55.59
-54.799
-54.512
-53.591
-48.512
-46.707
-46.051
-39.466
-51.978
-51.978
-51.978
-51.978
-51.978
-51.978
-51.978
-51.978
-51.978
-51.978
-51.978
-51.978
-51.978
-51.978
-51.978
-51.978
-51.978
-51.978
-51.978
-51.978
-51.978
-51.978
-51.978
-51.978
-51.978
-51.978
-51.978
-51.978
-51.978
-51.978
-51.978
-51.978
-51.978
-51.978
-51.978
-51.978
-51.978
-51.978
-51.978
-51.978
-51.978
-51.978
-51.978
-51.978
-51.978
-51.978
-51.978
-51.978
-51.978
-51.978
-51.978
-51.978
-51.978
-51.978
-51.978
-51.978
-51.978
-51.978
-51.978
-51.978
-51.978
-51.978
