-100.984
-96.013
-113.263
-114.247
-102.277
-113.303
-110.26
-115.306
-112.305
-110.21
-109.824
-108.802
-109.675
-109.734
-112.602
-75.819
-75.26
-65.616
-55.8
-61.791
-60.199
-38.895
-46.78
-46.19
-40.415
-40.955
-36.834
-54.838
-36.457
-53.935
-36.256
-35.929
-39.239
-34.875
-47.909
-52.129
-36.813
-56.758
-46.833
-48.72
-41.69
-34.771
-49.722
-44.667
-28.649
-50.827
-39.663
-54.691
-42.82
-36.749
-45.496
-48.486
-37.458
-38.736
-39.794
-42.761
-35.734
-21.519
-35.797
-40.81
-51.59
-44.799
-36.512
-45.591
-50.512
-45.707
-37.051
-23.466
-50.978
-50.978
-50.978
-50.978
-50.978
-50.978
-50.978
-50.978
-50.978
-50.978
-50.978
-50.978
-50.978
-50.978
-50.978
-50.978
-50.978
-50.978
-50.978
-50.978
-50.978
-50.978
-50.978
-50.978
-50.978
-50.978
-50.978
-50.978
-50.978
-50.978
-50.978
-50.978
-50.978
-50.978
-50.978
-50.978
-50.978
-50.978
-50.978
-50.978
-50.978
-50.978
-50.978
-50.978
-50.978
-50.978
-50.978
-50.978
-50.978
-50.978
-50.978
-50.978
-50.978
-50.978
-50.978
-50.978
-50.978
-50.978
-50.978
-50.978
-50.978
-50.978
