134.984
117.013
131.263
140.247
130.277
135.303
125.26
130.306
146.305
128.21
138.824
132.802
124.675
125.734
127.602
102.819
102.26
107.616
78.8
81.791
77.199
70.895
66.78
66.19
59.415
56.955
66.834
72.838
59.457
62.935
76.256
59.929
68.239
61.875
63.909
75.129
61.813
70.758
69.833
67.72
67.69
67.771
57.722
58.667
64.649
53.827
63.663
59.691
60.82
63.749
70.496
67.486
62.458
57.736
64.794
53.761
67.734
51.519
45.797
64.81
63.59
67.799
67.512
67.591
61.512
70.707
56.051
55.466
45.978
45.978
45.978
45.978
45.978
45.978
45.978
45.978
45.978
45.978
45.978
45.978
45.978
45.978
45.978
45.978
45.978
45.978
45.978
45.978
45.978
45.978
45.978
45.978
45.978
45.978
45.978
45.978
45.978
45.978
45.978
45.978
45.978
45.978
45.978
45.978
45.978
45.978
45.978
45.978
45.978
45.978
45.978
45.978
45.978
45.978
45.978
45.978
45.978
45.978
45.978
45.978
45.978
45.978
45.978
45.978
45.978
45.978
45.978
45.978
45.978
45.978
