-95.984
-92.013
-108.263
-116.247
-98.277
-110.303
-107.26
-116.306
-109.305
-110.21
-109.824
-109.802
-111.675
-111.734
-107.602
-75.819
-70.26
-62.616
-51.8
-63.791
-57.199
-38.895
-47.78
-48.19
-42.415
-37.955
-31.834
-56.838
-31.457
-50.935
-38.256
-37.929
-34.239
-34.875
-43.909
-54.129
-36.813
-52.758
-48.833
-44.72
-41.69
-34.771
-50.722
-41.667
-28.649
-52.827
-39.663
-54.691
-38.82
-37.749
-45.496
-50.486
-37.458
-40.736
-40.794
-44.761
-36.734
-21.519
-35.797
-35.81
-47.59
-40.799
-36.512
-45.591
-51.512
-46.707
-39.051
-24.466
-51.978
-51.978
-51.978
-51.978
-51.978
-51.978
-51.978
-51.978
-51.978
-51.978
-51.978
-51.978
-51.978
-51.978
-51.978
-51.978
-51.978
-51.978
-51.978
-51.978
-51.978
-51.978
-51.978
-51.978
-51.978
-51.978
-51.978
-51.978
-51.978
-51.978
-51.978
-51.978
-51.978
-51.978
-51.978
-51.978
-51.978
-51.978
-51.978
-51.978
-51.978
-51.978
-51.978
-51.978
-51.978
-51.978
-51.978
-51.978
-51.978
-51.978
-51.978
-51.978
-51.978
-51.978
-51.978
-51.978
-51.978
-51.978
-51.978
-51.978
-51.978
-51.978
