130.984
118.013
128.263
132.247
120.277
133.303
130.26
134.306
146.305
129.21
118.824
137.802
132.675
107.734
118.602
114.819
93.26
91.616
103.8
70.791
88.199
68.895
80.78
78.19
72.415
59.955
75.834
58.838
62.457
66.935
78.256
65.929
72.239
70.875
65.909
61.129
76.813
65.758
77.833
65.72
90.69
69.771
82.722
77.667
66.649
74.827
71.663
59.691
72.82
65.749
62.496
64.486
74.458
73.736
65.794
80.761
62.734
57.519
77.797
62.81
61.59
75.799
61.512
75.591
64.512
66.707
50.051
56.466
59.978
59.978
59.978
59.978
59.978
59.978
59.978
59.978
59.978
59.978
59.978
59.978
59.978
59.978
59.978
59.978
59.978
59.978
59.978
59.978
59.978
59.978
59.978
59.978
59.978
59.978
59.978
59.978
59.978
59.978
59.978
59.978
59.978
59.978
59.978
59.978
59.978
59.978
59.978
59.978
59.978
59.978
59.978
59.978
59.978
59.978
59.978
59.978
59.978
59.978
59.978
59.978
59.978
59.978
59.978
59.978
59.978
59.978
59.978
59.978
59.978
59.978
