-97.984
-89.013
-108.263
-117.247
-99.277
-111.303
-107.26
-116.306
-110.305
-110.21
-106.824
-111.802
-111.675
-111.734
-109.602
-71.819
-66.26
-62.616
-48.8
-64.791
-52.199
-35.895
-42.78
-43.19
-38.415
-38.955
-27.834
-53.838
-27.457
-45.935
-34.256
-32.929
-30.239
-36.875
-43.909
-56.129
-31.813
-47.758
-45.833
-40.72
-36.69
-35.771
-46.722
-41.667
-28.649
-49.827
-36.663
-55.691
-33.82
-33.749
-46.496
-46.486
-38.458
-40.736
-37.794
-41.761
-33.734
-23.519
-36.797
-37.81
-44.59
-36.799
-36.512
-42.591
-51.512
-46.707
-40.051
-25.466
-48.978
-48.978
-48.978
-48.978
-48.978
-48.978
-48.978
-48.978
-48.978
-48.978
-48.978
-48.978
-48.978
-48.978
-48.978
-48.978
-48.978
-48.978
-48.978
-48.978
-48.978
-48.978
-48.978
-48.978
-48.978
-48.978
-48.978
-48.978
-48.978
-48.978
-48.978
-48.978
-48.978
-48.978
-48.978
-48.978
-48.978
-48.978
-48.978
-48.978
-48.978
-48.978
-48.978
-48.978
-48.978
-48.978
-48.978
-48.978
-48.978
-48.978
-48.978
-48.978
-48.978
-48.978
-48.978
-48.978
-48.978
-48.978
-48.978
-48.978
-48.978
-48.978
