141.984
117.013
127.263
152.247
135.277
142.303
131.26
137.306
153.305
125.21
148.824
140.802
127.675
130.734
132.602
115.819
106.26
111.616
82.8
82.791
79.199
71.895
67.78
66.19
53.415
63.955
67.834
75.838
65.457
70.935
90.256
60.929
77.239
65.875
70.909
89.129
69.813
83.758
77.833
84.72
78.69
65.771
57.722
70.667
78.649
65.827
67.663
61.691
65.82
67.749
77.496
73.486
72.458
62.736
63.794
55.761
64.734
63.519
51.797
73.81
78.59
76.799
77.512
80.591
73.512
81.707
62.051
59.466
58.978
58.978
58.978
58.978
58.978
58.978
58.978
58.978
58.978
58.978
58.978
58.978
58.978
58.978
58.978
58.978
58.978
58.978
58.978
58.978
58.978
58.978
58.978
58.978
58.978
58.978
58.978
58.978
58.978
58.978
58.978
58.978
58.978
58.978
58.978
58.978
58.978
58.978
58.978
58.978
58.978
58.978
58.978
58.978
58.978
58.978
58.978
58.978
58.978
58.978
58.978
58.978
58.978
58.978
58.978
58.978
58.978
58.978
58.978
58.978
58.978
58.978
