-116.984
-106.013
-121.263
-129.247
-125.277
-115.303
-98.26
-98.306
-111.305
-92.21
-108.824
-112.802
-89.675
-106.734
-98.602
-83.819
-75.26
-81.616
-66.8
-39.791
-37.199
-34.895
-51.78
-41.19
-53.415
-41.955
-37.834
-26.838
-36.457
-51.935
-31.256
-37.929
-42.239
-25.875
-47.909
-45.129
-47.813
-47.758
-48.833
-48.72
-36.69
-37.771
-18.722
-34.667
-35.649
-27.827
-34.663
-49.691
-54.82
-24.749
-43.496
-37.486
-43.458
-36.736
-43.794
-41.761
-49.734
-30.519
-47.797
-39.81
-25.59
-42.799
-26.512
-37.591
-29.512
-44.707
-22.051
-36.466
-42.978
-42.978
-42.978
-42.978
-42.978
-42.978
-42.978
-42.978
-42.978
-42.978
-42.978
-42.978
-42.978
-42.978
-42.978
-42.978
-42.978
-42.978
-42.978
-42.978
-42.978
-42.978
-42.978
-42.978
-42.978
-42.978
-42.978
-42.978
-42.978
-42.978
-42.978
-42.978
-42.978
-42.978
-42.978
-42.978
-42.978
-42.978
-42.978
-42.978
-42.978
-42.978
-42.978
-42.978
-42.978
-42.978
-42.978
-42.978
-42.978
-42.978
-42.978
-42.978
-42.978
-42.978
-42.978
-42.978
-42.978
-42.978
-42.978
-42.978
-42.978
-42.978
