123.984
136.013
136.263
136.247
129.277
129.303
140.26
141.306
133.305
136.21
126.824
151.802
138.675
133.734
128.602
109.819
117.26
107.616
94.8
83.791
84.199
73.895
76.78
88.19
81.415
61.955
76.834
67.838
53.457
70.935
78.256
69.929
61.239
59.875
70.909
85.129
63.813
69.758
60.833
73.72
76.69
59.771
70.722
64.667
72.649
74.827
67.663
68.691
73.82
50.749
67.496
69.486
79.458
55.736
74.794
75.761
66.734
69.519
76.797
76.81
60.59
71.799
57.512
76.591
61.512
68.707
42.051
62.466
46.978
46.978
46.978
46.978
46.978
46.978
46.978
46.978
46.978
46.978
46.978
46.978
46.978
46.978
46.978
46.978
46.978
46.978
46.978
46.978
46.978
46.978
46.978
46.978
46.978
46.978
46.978
46.978
46.978
46.978
46.978
46.978
46.978
46.978
46.978
46.978
46.978
46.978
46.978
46.978
46.978
46.978
46.978
46.978
46.978
46.978
46.978
46.978
46.978
46.978
46.978
46.978
46.978
46.978
46.978
46.978
46.978
46.978
46.978
46.978
46.978
46.978
