126.984
131.013
127.263
133.247
136.277
127.303
120.26
143.306
132.305
127.21
129.824
123.802
110.675
111.734
124.602
97.819
109.26
98.616
83.8
74.791
79.199
62.895
70.78
74.19
49.415
55.955
57.834
56.838
72.457
67.935
68.256
64.929
77.239
53.875
52.909
68.129
63.813
70.758
69.833
52.72
66.69
66.771
76.722
55.667
72.649
75.827
73.663
68.691
62.82
60.749
62.496
55.486
63.458
68.736
55.794
69.761
68.734
60.519
71.797
53.81
55.59
69.799
62.512
53.591
53.512
70.707
50.051
48.466
65.978
65.978
65.978
65.978
65.978
65.978
65.978
65.978
65.978
65.978
65.978
65.978
65.978
65.978
65.978
65.978
65.978
65.978
65.978
65.978
65.978
65.978
65.978
65.978
65.978
65.978
65.978
65.978
65.978
65.978
65.978
65.978
65.978
65.978
65.978
65.978
65.978
65.978
65.978
65.978
65.978
65.978
65.978
65.978
65.978
65.978
65.978
65.978
65.978
65.978
65.978
65.978
65.978
65.978
65.978
65.978
65.978
65.978
65.978
65.978
65.978
65.978
