-107.984
-107.013
-111.263
-87.247
-110.277
-116.303
-110.26
-108.306
-101.305
-107.21
-102.824
-107.802
-107.675
-88.734
-107.602
-73.819
-81.26
-79.616
-64.8
-56.791
-56.199
-42.895
-47.78
-55.19
-40.415
-36.955
-47.834
-46.838
-51.457
-48.935
-44.256
-52.929
-43.239
-53.875
-43.909
-51.129
-50.813
-39.758
-36.833
-38.72
-30.69
-41.771
-52.722
-44.667
-54.649
-38.827
-33.663
-44.691
-44.82
-57.749
-28.496
-53.486
-29.458
-39.736
-42.794
-34.761
-55.734
-38.519
-44.797
-54.81
-45.59
-36.799
-42.512
-38.591
-29.512
-58.707
-33.051
-30.466
-41.978
-41.978
-41.978
-41.978
-41.978
-41.978
-41.978
-41.978
-41.978
-41.978
-41.978
-41.978
-41.978
-41.978
-41.978
-41.978
-41.978
-41.978
-41.978
-41.978
-41.978
-41.978
-41.978
-41.978
-41.978
-41.978
-41.978
-41.978
-41.978
-41.978
-41.978
-41.978
-41.978
-41.978
-41.978
-41.978
-41.978
-41.978
-41.978
-41.978
-41.978
-41.978
-41.978
-41.978
-41.978
-41.978
-41.978
-41.978
-41.978
-41.978
-41.978
-41.978
-41.978
-41.978
-41.978
-41.978
-41.978
-41.978
-41.978
-41.978
-41.978
-41.978
