-110.984
-112.013
-115.263
-115.247
-120.277
-112.303
-115.26
-121.306
-120.305
-120.21
-113.824
-115.802
-111.675
-113.734
-105.602
-91.819
-93.26
-81.616
-69.8
-64.791
-60.199
-59.895
-57.78
-55.19
-49.415
-46.955
-47.834
-53.838
-44.457
-54.935
-52.256
-43.929
-50.239
-49.875
-54.909
-54.129
-47.813
-54.758
-49.833
-58.72
-48.69
-49.771
-54.722
-52.667
-41.649
-53.827
-49.663
-53.691
-43.82
-48.749
-45.496
-51.486
-47.458
-47.736
-41.794
-49.761
-54.734
-44.519
-46.797
-53.81
-51.59
-50.799
-51.512
-50.591
-48.512
-43.707
-46.051
-39.466
-52.978
-52.978
-52.978
-52.978
-52.978
-52.978
-52.978
-52.978
-52.978
-52.978
-52.978
-52.978
-52.978
-52.978
-52.978
-52.978
-52.978
-52.978
-52.978
-52.978
-52.978
-52.978
-52.978
-52.978
-52.978
-52.978
-52.978
-52.978
-52.978
-52.978
-52.978
-52.978
-52.978
-52.978
-52.978
-52.978
-52.978
-52.978
-52.978
-52.978
-52.978
-52.978
-52.978
-52.978
-52.978
-52.978
-52.978
-52.978
-52.978
-52.978
-52.978
-52.978
-52.978
-52.978
-52.978
-52.978
-52.978
-52.978
-52.978
-52.978
-52.978
-52.978
