146.984
126.013
153.263
136.247
144.277
131.303
135.26
139.306
137.305
137.21
115.824
136.802
134.675
127.734
135.602
108.819
105.26
110.616
89.8
94.791
68.199
78.895
82.78
65.19
76.415
57.955
59.834
94.838
68.457
77.935
67.256
78.929
65.239
74.875
77.909
63.129
58.813
60.758
71.833
56.72
66.69
67.771
56.722
60.667
65.649
65.827
58.663
62.691
85.82
76.749
56.496
55.486
60.458
53.736
80.794
64.761
65.734
71.519
70.797
64.81
59.59
57.799
74.512
65.591
75.512
70.707
54.051
72.466
55.978
55.978
55.978
55.978
55.978
55.978
55.978
55.978
55.978
55.978
55.978
55.978
55.978
55.978
55.978
55.978
55.978
55.978
55.978
55.978
55.978
55.978
55.978
55.978
55.978
55.978
55.978
55.978
55.978
55.978
55.978
55.978
55.978
55.978
55.978
55.978
55.978
55.978
55.978
55.978
55.978
55.978
55.978
55.978
55.978
55.978
55.978
55.978
55.978
55.978
55.978
55.978
55.978
55.978
55.978
55.978
55.978
55.978
55.978
55.978
55.978
55.978
