119.984
125.013
118.263
125.247
128.277
123.303
119.26
136.306
134.305
126.21
123.824
115.802
112.675
110.734
118.602
96.819
101.26
95.616
76.8
66.791
70.199
64.895
67.78
63.19
51.415
49.955
58.834
55.838
60.457
64.935
59.256
54.929
69.239
50.875
55.909
61.129
57.813
59.758
61.833
52.72
53.69
66.771
62.722
55.667
66.649
67.827
65.663
66.691
58.82
55.749
59.496
55.486
60.458
61.736
58.794
58.761
60.734
54.519
63.797
53.81
51.59
65.799
61.512
55.591
49.512
63.707
37.051
51.466
54.978
54.978
54.978
54.978
54.978
54.978
54.978
54.978
54.978
54.978
54.978
54.978
54.978
54.978
54.978
54.978
54.978
54.978
54.978
54.978
54.978
54.978
54.978
54.978
54.978
54.978
54.978
54.978
54.978
54.978
54.978
54.978
54.978
54.978
54.978
54.978
54.978
54.978
54.978
54.978
54.978
54.978
54.978
54.978
54.978
54.978
54.978
54.978
54.978
54.978
54.978
54.978
54.978
54.978
54.978
54.978
54.978
54.978
54.978
54.978
54.978
54.978
