-117.984
-103.013
-127.263
-109.247
-111.277
-119.303
-113.26
-117.306
-117.305
-126.21
-99.824
-108.802
-111.675
-103.734
-104.602
-80.819
-85.26
-68.616
-70.8
-58.791
-58.199
-53.895
-51.78
-52.19
-38.415
-38.955
-41.834
-53.838
-54.457
-53.935
-47.256
-37.929
-43.239
-47.875
-44.909
-48.129
-53.813
-46.758
-39.833
-42.72
-45.69
-40.771
-47.722
-29.667
-42.649
-46.827
-59.663
-52.691
-40.82
-58.749
-37.496
-39.486
-43.458
-45.736
-50.794
-38.761
-40.734
-43.519
-55.797
-41.81
-40.59
-40.799
-44.512
-49.591
-43.512
-40.707
-38.051
-27.466
-37.978
-37.978
-37.978
-37.978
-37.978
-37.978
-37.978
-37.978
-37.978
-37.978
-37.978
-37.978
-37.978
-37.978
-37.978
-37.978
-37.978
-37.978
-37.978
-37.978
-37.978
-37.978
-37.978
-37.978
-37.978
-37.978
-37.978
-37.978
-37.978
-37.978
-37.978
-37.978
-37.978
-37.978
-37.978
-37.978
-37.978
-37.978
-37.978
-37.978
-37.978
-37.978
-37.978
-37.978
-37.978
-37.978
-37.978
-37.978
-37.978
-37.978
-37.978
-37.978
-37.978
-37.978
-37.978
-37.978
-37.978
-37.978
-37.978
-37.978
-37.978
-37.978
