141.984
118.013
135.263
144.247
137.277
145.303
135.26
145.306
125.305
152.21
119.824
131.802
122.675
124.734
125.602
100.819
100.26
98.616
91.8
93.791
84.199
68.895
80.78
74.19
67.415
60.955
71.834
64.838
63.457
77.935
83.256
87.929
79.239
76.875
75.909
65.129
67.813
69.758
85.833
52.72
74.69
63.771
80.722
72.667
44.649
55.827
72.663
68.691
60.82
73.749
74.496
63.486
55.458
65.736
63.794
66.761
73.734
59.519
64.797
70.81
76.59
78.799
55.512
62.591
61.512
71.707
42.051
57.466
56.978
56.978
56.978
56.978
56.978
56.978
56.978
56.978
56.978
56.978
56.978
56.978
56.978
56.978
56.978
56.978
56.978
56.978
56.978
56.978
56.978
56.978
56.978
56.978
56.978
56.978
56.978
56.978
56.978
56.978
56.978
56.978
56.978
56.978
56.978
56.978
56.978
56.978
56.978
56.978
56.978
56.978
56.978
56.978
56.978
56.978
56.978
56.978
56.978
56.978
56.978
56.978
56.978
56.978
56.978
56.978
56.978
56.978
56.978
56.978
56.978
56.978
