121.984
123.013
123.263
120.247
122.277
130.303
135.26
128.306
121.305
128.21
115.824
125.802
120.675
118.734
113.602
100.819
108.26
102.616
83.8
77.791
73.199
59.895
59.78
67.19
63.415
46.955
60.834
63.838
62.457
65.935
67.256
57.929
53.239
61.875
67.909
72.129
62.813
61.758
56.833
68.72
59.69
51.771
59.722
53.667
55.649
58.827
57.663
57.691
60.82
50.749
53.496
49.486
55.458
53.736
61.794
64.761
63.734
64.519
56.797
65.81
53.59
53.799
55.512
60.591
58.512
59.707
37.051
52.466
45.978
45.978
45.978
45.978
45.978
45.978
45.978
45.978
45.978
45.978
45.978
45.978
45.978
45.978
45.978
45.978
45.978
45.978
45.978
45.978
45.978
45.978
45.978
45.978
45.978
45.978
45.978
45.978
45.978
45.978
45.978
45.978
45.978
45.978
45.978
45.978
45.978
45.978
45.978
45.978
45.978
45.978
45.978
45.978
45.978
45.978
45.978
45.978
45.978
45.978
45.978
45.978
45.978
45.978
45.978
45.978
45.978
45.978
45.978
45.978
45.978
45.978
