-115.984
-110.013
-118.263
-121.247
-114.277
-114.303
-119.26
-123.306
-123.305
-119.21
-113.824
-116.802
-114.675
-111.734
-108.602
-96.819
-87.26
-80.616
-72.8
-61.791
-65.199
-52.895
-61.78
-52.19
-49.415
-43.955
-49.834
-47.838
-50.457
-52.935
-57.256
-53.929
-56.239
-51.875
-53.909
-57.129
-58.813
-49.758
-59.833
-50.72
-48.69
-52.771
-52.722
-45.667
-57.649
-52.827
-46.663
-59.691
-57.82
-47.749
-43.496
-55.486
-48.458
-56.736
-52.794
-57.761
-54.734
-49.519
-49.797
-59.81
-55.59
-57.799
-45.512
-43.591
-49.512
-54.707
-34.051
-38.466
-46.978
-46.978
-46.978
-46.978
-46.978
-46.978
-46.978
-46.978
-46.978
-46.978
-46.978
-46.978
-46.978
-46.978
-46.978
-46.978
-46.978
-46.978
-46.978
-46.978
-46.978
-46.978
-46.978
-46.978
-46.978
-46.978
-46.978
-46.978
-46.978
-46.978
-46.978
-46.978
-46.978
-46.978
-46.978
-46.978
-46.978
-46.978
-46.978
-46.978
-46.978
-46.978
-46.978
-46.978
-46.978
-46.978
-46.978
-46.978
-46.978
-46.978
-46.978
-46.978
-46.978
-46.978
-46.978
-46.978
-46.978
-46.978
-46.978
-46.978
-46.978
-46.978
