131.984
124.013
141.263
129.247
128.277
129.303
125.26
126.306
136.305
130.21
130.824
123.802
122.675
126.734
117.602
105.819
105.26
112.616
80.8
77.791
77.199
65.895
61.78
63.19
58.415
57.955
68.834
60.838
61.457
63.935
76.256
62.929
60.239
54.875
66.909
65.129
69.813
65.758
60.833
81.72
66.69
70.771
78.722
59.667
76.649
72.827
73.663
51.691
64.82
70.749
66.496
57.486
64.458
57.736
59.794
57.761
73.734
72.519
65.797
64.81
67.59
75.799
67.512
58.591
54.512
62.707
52.051
46.466
63.978
63.978
63.978
63.978
63.978
63.978
63.978
63.978
63.978
63.978
63.978
63.978
63.978
63.978
63.978
63.978
63.978
63.978
63.978
63.978
63.978
63.978
63.978
63.978
63.978
63.978
63.978
63.978
63.978
63.978
63.978
63.978
63.978
63.978
63.978
63.978
63.978
63.978
63.978
63.978
63.978
63.978
63.978
63.978
63.978
63.978
63.978
63.978
63.978
63.978
63.978
63.978
63.978
63.978
63.978
63.978
63.978
63.978
63.978
63.978
63.978
63.978
