-118.984
-114.013
-122.263
-117.247
-119.277
-122.303
-123.26
-122.306
-122.305
-124.21
-118.824
-118.802
-120.675
-113.734
-107.602
-94.819
-96.26
-85.616
-78.8
-71.791
-66.199
-63.895
-59.78
-56.19
-53.415
-49.955
-52.834
-52.838
-53.457
-56.935
-55.256
-55.929
-54.239
-55.875
-50.909
-60.129
-57.813
-56.758
-50.833
-56.72
-55.69
-50.771
-57.722
-50.667
-56.649
-55.827
-56.663
-52.691
-57.82
-55.749
-47.496
-49.486
-49.458
-55.736
-52.794
-52.761
-56.734
-47.519
-57.797
-51.81
-49.59
-55.799
-54.512
-54.591
-49.512
-50.707
-37.051
-40.466
-43.978
-43.978
-43.978
-43.978
-43.978
-43.978
-43.978
-43.978
-43.978
-43.978
-43.978
-43.978
-43.978
-43.978
-43.978
-43.978
-43.978
-43.978
-43.978
-43.978
-43.978
-43.978
-43.978
-43.978
-43.978
-43.978
-43.978
-43.978
-43.978
-43.978
-43.978
-43.978
-43.978
-43.978
-43.978
-43.978
-43.978
-43.978
-43.978
-43.978
-43.978
-43.978
-43.978
-43.978
-43.978
-43.978
-43.978
-43.978
-43.978
-43.978
-43.978
-43.978
-43.978
-43.978
-43.978
-43.978
-43.978
-43.978
-43.978
-43.978
-43.978
-43.978
