-105.984
-107.013
-116.263
-110.247
-117.277
-112.303
-117.26
-117.306
-116.305
-115.21
-114.824
-117.802
-113.675
-110.734
-107.602
-87.819
-89.26
-82.616
-66.8
-65.791
-55.199
-56.895
-52.78
-57.19
-46.415
-46.955
-47.834
-54.838
-44.457
-54.935
-53.256
-38.929
-46.239
-44.875
-55.909
-51.129
-42.813
-56.758
-51.833
-54.72
-50.69
-46.771
-54.722
-54.667
-42.649
-49.827
-50.663
-55.691
-43.82
-44.749
-45.496
-52.486
-48.458
-48.736
-42.794
-51.761
-51.734
-40.519
-43.797
-50.81
-52.59
-45.799
-48.512
-51.591
-49.512
-44.707
-42.051
-39.466
-53.978
-53.978
-53.978
-53.978
-53.978
-53.978
-53.978
-53.978
-53.978
-53.978
-53.978
-53.978
-53.978
-53.978
-53.978
-53.978
-53.978
-53.978
-53.978
-53.978
-53.978
-53.978
-53.978
-53.978
-53.978
-53.978
-53.978
-53.978
-53.978
-53.978
-53.978
-53.978
-53.978
-53.978
-53.978
-53.978
-53.978
-53.978
-53.978
-53.978
-53.978
-53.978
-53.978
-53.978
-53.978
-53.978
-53.978
-53.978
-53.978
-53.978
-53.978
-53.978
-53.978
-53.978
-53.978
-53.978
-53.978
-53.978
-53.978
-53.978
-53.978
-53.978
