133.984
124.013
137.263
129.247
130.277
125.303
121.26
128.306
138.305
126.21
126.824
123.802
124.675
121.734
118.602
102.819
101.26
114.616
80.8
73.791
79.199
65.895
56.78
59.19
54.415
54.955
65.834
57.838
58.457
65.935
71.256
63.929
55.239
56.875
61.909
61.129
70.813
67.758
61.833
76.72
66.69
67.771
73.722
55.667
72.649
67.827
70.663
52.691
59.82
70.749
67.496
52.486
61.458
54.736
55.794
59.761
69.734
68.519
60.797
60.81
63.59
72.799
63.512
53.591
50.512
57.707
49.051
47.466
59.978
59.978
59.978
59.978
59.978
59.978
59.978
59.978
59.978
59.978
59.978
59.978
59.978
59.978
59.978
59.978
59.978
59.978
59.978
59.978
59.978
59.978
59.978
59.978
59.978
59.978
59.978
59.978
59.978
59.978
59.978
59.978
59.978
59.978
59.978
59.978
59.978
59.978
59.978
59.978
59.978
59.978
59.978
59.978
59.978
59.978
59.978
59.978
59.978
59.978
59.978
59.978
59.978
59.978
59.978
59.978
59.978
59.978
59.978
59.978
59.978
59.978
