133.984
122.013
129.263
139.247
128.277
139.303
130.26
134.306
145.305
128.21
142.824
132.802
124.675
123.734
125.602
106.819
100.26
110.616
77.8
81.791
76.199
70.895
64.78
69.19
57.415
61.955
65.834
77.838
64.457
66.935
80.256
59.929
71.239
64.875
63.909
80.129
61.813
73.758
74.833
71.72
71.69
66.771
56.722
62.667
69.649
58.827
67.663
58.691
63.82
62.749
74.496
70.486
65.458
55.736
63.794
53.761
66.734
49.519
49.797
67.81
68.59
72.799
71.512
71.591
66.512
74.707
60.051
59.466
50.978
50.978
50.978
50.978
50.978
50.978
50.978
50.978
50.978
50.978
50.978
50.978
50.978
50.978
50.978
50.978
50.978
50.978
50.978
50.978
50.978
50.978
50.978
50.978
50.978
50.978
50.978
50.978
50.978
50.978
50.978
50.978
50.978
50.978
50.978
50.978
50.978
50.978
50.978
50.978
50.978
50.978
50.978
50.978
50.978
50.978
50.978
50.978
50.978
50.978
50.978
50.978
50.978
50.978
50.978
50.978
50.978
50.978
50.978
50.978
50.978
50.978
