130.984
116.013
130.263
143.247
129.277
131.303
121.26
134.306
126.305
137.21
118.824
125.802
123.675
122.734
115.602
95.819
96.26
88.616
90.8
81.791
85.199
62.895
70.78
60.19
59.415
53.955
72.834
66.838
57.457
67.935
59.256
72.929
69.239
65.875
64.909
58.129
66.813
64.758
74.833
59.72
65.69
59.771
64.722
63.667
52.649
55.827
64.663
58.691
59.82
60.749
62.496
56.486
54.458
63.736
50.794
58.761
64.734
50.519
62.797
66.81
68.59
68.799
56.512
62.591
62.512
62.707
38.051
45.466
61.978
61.978
61.978
61.978
61.978
61.978
61.978
61.978
61.978
61.978
61.978
61.978
61.978
61.978
61.978
61.978
61.978
61.978
61.978
61.978
61.978
61.978
61.978
61.978
61.978
61.978
61.978
61.978
61.978
61.978
61.978
61.978
61.978
61.978
61.978
61.978
61.978
61.978
61.978
61.978
61.978
61.978
61.978
61.978
61.978
61.978
61.978
61.978
61.978
61.978
61.978
61.978
61.978
61.978
61.978
61.978
61.978
61.978
61.978
61.978
61.978
61.978
