-122.984
-110.013
-117.263
-126.247
-129.277
-120.303
-105.26
-105.306
-121.305
-109.21
-115.824
-116.802
-102.675
-108.734
-109.602
-94.819
-87.26
-82.616
-72.8
-58.791
-55.199
-51.895
-55.78
-50.19
-54.415
-46.955
-45.834
-34.838
-40.457
-47.935
-44.256
-40.929
-52.239
-41.875
-42.909
-52.129
-50.813
-51.758
-48.833
-53.72
-45.69
-52.771
-36.722
-39.667
-40.649
-38.827
-40.663
-43.691
-52.82
-35.749
-48.496
-45.486
-48.458
-48.736
-50.794
-39.761
-53.734
-35.519
-48.797
-45.81
-31.59
-49.799
-37.512
-51.591
-40.512
-49.707
-32.051
-43.466
-47.978
-47.978
-47.978
-47.978
-47.978
-47.978
-47.978
-47.978
-47.978
-47.978
-47.978
-47.978
-47.978
-47.978
-47.978
-47.978
-47.978
-47.978
-47.978
-47.978
-47.978
-47.978
-47.978
-47.978
-47.978
-47.978
-47.978
-47.978
-47.978
-47.978
-47.978
-47.978
-47.978
-47.978
-47.978
-47.978
-47.978
-47.978
-47.978
-47.978
-47.978
-47.978
-47.978
-47.978
-47.978
-47.978
-47.978
-47.978
-47.978
-47.978
-47.978
-47.978
-47.978
-47.978
-47.978
-47.978
-47.978
-47.978
-47.978
-47.978
-47.978
-47.978
