121.984
131.013
128.263
129.247
132.277
124.303
117.26
145.306
132.305
129.21
125.824
118.802
112.675
107.734
125.602
97.819
104.26
99.616
84.8
75.791
79.199
64.895
71.78
71.19
51.415
57.955
59.834
52.838
68.457
67.935
65.256
64.929
73.239
49.875
54.909
69.129
59.813
67.758
64.833
49.72
61.69
67.771
71.722
51.667
68.649
70.827
74.663
69.691
58.82
60.749
64.496
57.486
58.458
68.736
55.794
65.761
63.734
56.519
67.797
55.81
56.59
70.799
64.512
53.591
49.512
65.707
46.051
50.466
61.978
61.978
61.978
61.978
61.978
61.978
61.978
61.978
61.978
61.978
61.978
61.978
61.978
61.978
61.978
61.978
61.978
61.978
61.978
61.978
61.978
61.978
61.978
61.978
61.978
61.978
61.978
61.978
61.978
61.978
61.978
61.978
61.978
61.978
61.978
61.978
61.978
61.978
61.978
61.978
61.978
61.978
61.978
61.978
61.978
61.978
61.978
61.978
61.978
61.978
61.978
61.978
61.978
61.978
61.978
61.978
61.978
61.978
61.978
61.978
61.978
61.978
