-107.984
-104.013
-119.263
-120.247
-119.277
-114.303
-115.26
-124.306
-118.305
-113.21
-109.824
-110.802
-100.675
-113.734
-98.602
-101.819
-86.26
-83.616
-80.8
-64.791
-66.199
-52.895
-52.78
-50.19
-50.415
-42.955
-50.834
-41.838
-39.457
-40.935
-39.256
-48.929
-53.239
-46.875
-50.909
-44.129
-44.813
-55.758
-41.833
-47.72
-50.69
-54.771
-55.722
-46.667
-50.649
-58.827
-50.663
-53.691
-55.82
-55.749
-58.496
-52.486
-53.458
-44.736
-56.794
-38.761
-53.734
-50.519
-53.797
-44.81
-44.59
-50.799
-47.512
-49.591
-46.512
-47.707
-32.051
-37.466
-42.978
-42.978
-42.978
-42.978
-42.978
-42.978
-42.978
-42.978
-42.978
-42.978
-42.978
-42.978
-42.978
-42.978
-42.978
-42.978
-42.978
-42.978
-42.978
-42.978
-42.978
-42.978
-42.978
-42.978
-42.978
-42.978
-42.978
-42.978
-42.978
-42.978
-42.978
-42.978
-42.978
-42.978
-42.978
-42.978
-42.978
-42.978
-42.978
-42.978
-42.978
-42.978
-42.978
-42.978
-42.978
-42.978
-42.978
-42.978
-42.978
-42.978
-42.978
-42.978
-42.978
-42.978
-42.978
-42.978
-42.978
-42.978
-42.978
-42.978
-42.978
-42.978
