131.984
122.013
128.263
128.247
134.277
130.303
118.26
124.306
134.305
124.21
129.824
123.802
120.675
123.734
118.602
100.819
102.26
94.616
84.8
75.791
68.199
69.895
61.78
64.19
53.415
55.955
58.834
64.838
58.457
54.935
66.256
56.929
60.239
59.875
56.909
72.129
60.813
67.758
62.833
61.72
60.69
62.771
60.722
50.667
63.649
57.827
61.663
57.691
57.82
57.749
59.496
56.486
53.458
62.736
56.794
51.761
61.734
50.519
51.797
56.81
59.59
59.799
63.512
59.591
51.512
63.707
49.051
56.466
49.978
49.978
49.978
49.978
49.978
49.978
49.978
49.978
49.978
49.978
49.978
49.978
49.978
49.978
49.978
49.978
49.978
49.978
49.978
49.978
49.978
49.978
49.978
49.978
49.978
49.978
49.978
49.978
49.978
49.978
49.978
49.978
49.978
49.978
49.978
49.978
49.978
49.978
49.978
49.978
49.978
49.978
49.978
49.978
49.978
49.978
49.978
49.978
49.978
49.978
49.978
49.978
49.978
49.978
49.978
49.978
49.978
49.978
49.978
49.978
49.978
49.978
