-114.984
-109.013
-106.263
-104.247
-117.277
-98.303
-110.26
-114.306
-114.305
-110.21
-90.824
-107.802
-98.675
-98.734
-108.602
-78.819
-84.26
-74.616
-66.8
-66.791
-55.199
-56.895
-58.78
-34.19
-28.415
-38.955
-53.834
-40.838
-48.457
-46.935
-37.256
-48.929
-46.239
-43.875
-34.909
-48.129
-48.813
-45.758
-36.833
-41.72
-51.69
-35.771
-49.722
-41.667
-43.649
-36.827
-49.663
-32.691
-55.82
-51.749
-43.496
-40.486
-41.458
-48.736
-41.794
-38.761
-38.734
-48.519
-45.797
-56.81
-42.59
-43.799
-43.512
-32.591
-42.512
-37.707
-21.051
-27.466
-41.978
-41.978
-41.978
-41.978
-41.978
-41.978
-41.978
-41.978
-41.978
-41.978
-41.978
-41.978
-41.978
-41.978
-41.978
-41.978
-41.978
-41.978
-41.978
-41.978
-41.978
-41.978
-41.978
-41.978
-41.978
-41.978
-41.978
-41.978
-41.978
-41.978
-41.978
-41.978
-41.978
-41.978
-41.978
-41.978
-41.978
-41.978
-41.978
-41.978
-41.978
-41.978
-41.978
-41.978
-41.978
-41.978
-41.978
-41.978
-41.978
-41.978
-41.978
-41.978
-41.978
-41.978
-41.978
-41.978
-41.978
-41.978
-41.978
-41.978
-41.978
-41.978
