-108.984
-119.013
-119.263
-108.247
-102.277
-115.303
-116.26
-113.306
-120.305
-116.21
-111.824
-114.802
-114.675
-105.734
-103.602
-98.819
-84.26
-77.616
-55.8
-64.791
-50.199
-60.895
-57.78
-45.19
-47.415
-32.955
-45.834
-46.838
-40.457
-49.935
-58.256
-46.929
-43.239
-50.875
-62.909
-56.129
-42.813
-56.758
-46.833
-45.72
-45.69
-51.771
-49.722
-42.667
-55.649
-44.827
-36.663
-49.691
-51.82
-45.749
-54.496
-54.486
-29.458
-54.736
-53.794
-48.761
-41.734
-49.519
-44.797
-54.81
-37.59
-44.799
-42.512
-43.591
-45.512
-50.707
-29.051
-49.466
-42.978
-42.978
-42.978
-42.978
-42.978
-42.978
-42.978
-42.978
-42.978
-42.978
-42.978
-42.978
-42.978
-42.978
-42.978
-42.978
-42.978
-42.978
-42.978
-42.978
-42.978
-42.978
-42.978
-42.978
-42.978
-42.978
-42.978
-42.978
-42.978
-42.978
-42.978
-42.978
-42.978
-42.978
-42.978
-42.978
-42.978
-42.978
-42.978
-42.978
-42.978
-42.978
-42.978
-42.978
-42.978
-42.978
-42.978
-42.978
-42.978
-42.978
-42.978
-42.978
-42.978
-42.978
-42.978
-42.978
-42.978
-42.978
-42.978
-42.978
-42.978
-42.978
