118.984
126.013
138.263
125.247
126.277
121.303
131.26
125.306
135.305
138.21
123.824
129.802
130.675
123.734
126.602
109.819
110.26
100.616
85.8
80.791
70.199
75.895
69.78
75.19
60.415
59.955
71.834
51.838
63.457
58.935
67.256
63.929
57.239
60.875
64.909
68.129
62.813
61.758
67.833
51.72
60.69
63.771
71.722
60.667
58.649
73.827
57.663
65.691
59.82
61.749
55.496
52.486
49.458
51.736
70.794
59.761
74.734
48.519
58.797
54.81
52.59
65.799
63.512
67.591
51.512
70.707
46.051
53.466
73.978
73.978
73.978
73.978
73.978
73.978
73.978
73.978
73.978
73.978
73.978
73.978
73.978
73.978
73.978
73.978
73.978
73.978
73.978
73.978
73.978
73.978
73.978
73.978
73.978
73.978
73.978
73.978
73.978
73.978
73.978
73.978
73.978
73.978
73.978
73.978
73.978
73.978
73.978
73.978
73.978
73.978
73.978
73.978
73.978
73.978
73.978
73.978
73.978
73.978
73.978
73.978
73.978
73.978
73.978
73.978
73.978
73.978
73.978
73.978
73.978
73.978
