-122.984
-112.013
-121.263
-119.247
-114.277
-118.303
-121.26
-116.306
-110.305
-115.21
-121.824
-116.802
-104.675
-108.734
-108.602
-94.819
-92.26
-89.616
-61.8
-63.791
-54.199
-57.895
-55.78
-46.19
-40.415
-40.955
-50.834
-45.838
-43.457
-47.935
-48.256
-49.929
-59.239
-47.875
-43.909
-54.129
-53.813
-46.758
-53.833
-50.72
-43.69
-54.771
-46.722
-52.667
-50.649
-59.827
-60.663
-54.691
-53.82
-55.749
-50.496
-52.486
-49.458
-47.736
-57.794
-52.761
-55.734
-45.519
-43.797
-49.81
-44.59
-51.799
-52.512
-50.591
-56.512
-43.707
-37.051
-38.466
-45.978
-45.978
-45.978
-45.978
-45.978
-45.978
-45.978
-45.978
-45.978
-45.978
-45.978
-45.978
-45.978
-45.978
-45.978
-45.978
-45.978
-45.978
-45.978
-45.978
-45.978
-45.978
-45.978
-45.978
-45.978
-45.978
-45.978
-45.978
-45.978
-45.978
-45.978
-45.978
-45.978
-45.978
-45.978
-45.978
-45.978
-45.978
-45.978
-45.978
-45.978
-45.978
-45.978
-45.978
-45.978
-45.978
-45.978
-45.978
-45.978
-45.978
-45.978
-45.978
-45.978
-45.978
-45.978
-45.978
-45.978
-45.978
-45.978
-45.978
-45.978
-45.978
