138.984
121.013
133.263
146.247
132.277
135.303
130.26
141.306
127.305
142.21
117.824
129.802
124.675
125.734
122.602
101.819
96.26
93.616
92.8
90.791
87.199
70.895
73.78
69.19
64.415
60.955
67.834
67.838
60.457
74.935
73.256
80.929
71.239
67.875
71.909
60.129
68.813
70.758
80.833
56.72
64.69
60.771
71.722
70.667
48.649
57.827
71.663
66.691
61.82
68.749
66.496
64.486
52.458
63.736
55.794
63.761
70.734
57.519
63.797
71.81
73.59
69.799
57.512
61.591
63.512
69.707
40.051
59.466
57.978
57.978
57.978
57.978
57.978
57.978
57.978
57.978
57.978
57.978
57.978
57.978
57.978
57.978
57.978
57.978
57.978
57.978
57.978
57.978
57.978
57.978
57.978
57.978
57.978
57.978
57.978
57.978
57.978
57.978
57.978
57.978
57.978
57.978
57.978
57.978
57.978
57.978
57.978
57.978
57.978
57.978
57.978
57.978
57.978
57.978
57.978
57.978
57.978
57.978
57.978
57.978
57.978
57.978
57.978
57.978
57.978
57.978
57.978
57.978
57.978
57.978
