141.984
127.013
141.263
126.247
146.277
131.303
135.26
131.306
137.305
122.21
114.824
120.802
131.675
120.734
124.602
99.819
98.26
106.616
85.8
84.791
70.199
66.895
79.78
63.19
71.415
63.955
60.834
79.838
65.457
67.935
69.256
64.929
56.239
57.875
70.909
67.129
49.813
59.758
66.833
51.72
60.69
63.771
56.722
63.667
55.649
65.827
55.663
56.691
74.82
75.749
54.496
53.486
60.458
55.736
75.794
57.761
59.734
59.519
68.797
66.81
52.59
53.799
67.512
62.591
63.512
60.707
57.051
62.466
49.978
49.978
49.978
49.978
49.978
49.978
49.978
49.978
49.978
49.978
49.978
49.978
49.978
49.978
49.978
49.978
49.978
49.978
49.978
49.978
49.978
49.978
49.978
49.978
49.978
49.978
49.978
49.978
49.978
49.978
49.978
49.978
49.978
49.978
49.978
49.978
49.978
49.978
49.978
49.978
49.978
49.978
49.978
49.978
49.978
49.978
49.978
49.978
49.978
49.978
49.978
49.978
49.978
49.978
49.978
49.978
49.978
49.978
49.978
49.978
49.978
49.978
