127.984
136.013
141.263
140.247
125.277
135.303
134.26
138.306
140.305
131.21
137.824
131.802
121.675
137.734
125.602
110.819
114.26
114.616
86.8
69.791
89.199
72.895
78.78
66.19
66.415
52.955
65.834
68.838
78.457
73.935
82.256
55.929
72.239
70.875
62.909
80.129
82.813
71.758
69.833
57.72
82.69
70.771
64.722
80.667
56.649
73.827
64.663
73.691
79.82
78.749
85.496
56.486
70.458
78.736
88.794
59.761
64.734
67.519
89.797
69.81
73.59
70.799
75.512
68.591
53.512
75.707
50.051
68.466
58.978
58.978
58.978
58.978
58.978
58.978
58.978
58.978
58.978
58.978
58.978
58.978
58.978
58.978
58.978
58.978
58.978
58.978
58.978
58.978
58.978
58.978
58.978
58.978
58.978
58.978
58.978
58.978
58.978
58.978
58.978
58.978
58.978
58.978
58.978
58.978
58.978
58.978
58.978
58.978
58.978
58.978
58.978
58.978
58.978
58.978
58.978
58.978
58.978
58.978
58.978
58.978
58.978
58.978
58.978
58.978
58.978
58.978
58.978
58.978
58.978
58.978
