-118.984
-112.013
-117.263
-123.247
-131.277
-121.303
-105.26
-107.306
-118.305
-104.21
-116.824
-113.802
-97.675
-109.734
-106.602
-95.819
-84.26
-82.616
-68.8
-55.791
-50.199
-46.895
-52.78
-47.19
-56.415
-46.955
-47.834
-31.838
-36.457
-48.935
-40.256
-41.929
-53.239
-36.875
-39.909
-49.129
-50.813
-52.758
-50.833
-55.72
-42.69
-49.771
-36.722
-35.667
-40.649
-35.827
-41.663
-45.691
-54.82
-31.749
-44.496
-40.486
-44.458
-44.736
-47.794
-40.761
-50.734
-30.519
-45.797
-46.81
-27.59
-45.799
-34.512
-46.591
-35.512
-45.707
-34.051
-38.466
-48.978
-48.978
-48.978
-48.978
-48.978
-48.978
-48.978
-48.978
-48.978
-48.978
-48.978
-48.978
-48.978
-48.978
-48.978
-48.978
-48.978
-48.978
-48.978
-48.978
-48.978
-48.978
-48.978
-48.978
-48.978
-48.978
-48.978
-48.978
-48.978
-48.978
-48.978
-48.978
-48.978
-48.978
-48.978
-48.978
-48.978
-48.978
-48.978
-48.978
-48.978
-48.978
-48.978
-48.978
-48.978
-48.978
-48.978
-48.978
-48.978
-48.978
-48.978
-48.978
-48.978
-48.978
-48.978
-48.978
-48.978
-48.978
-48.978
-48.978
-48.978
-48.978
