-114.984
-121.013
-119.263
-124.247
-117.277
-122.303
-122.26
-118.306
-117.305
-123.21
-120.824
-120.802
-119.675
-108.734
-112.602
-93.819
-91.26
-91.616
-71.8
-70.791
-62.199
-64.895
-57.78
-55.19
-48.415
-43.955
-57.834
-57.838
-54.457
-52.935
-54.256
-50.929
-60.239
-56.875
-56.909
-55.129
-50.813
-52.758
-52.833
-57.72
-56.69
-57.771
-56.722
-51.667
-57.649
-51.827
-55.663
-51.691
-50.82
-55.749
-47.496
-49.486
-47.458
-55.736
-50.794
-51.761
-52.734
-47.519
-50.797
-51.81
-48.59
-52.799
-47.512
-53.591
-54.512
-57.707
-37.051
-47.466
-45.978
-45.978
-45.978
-45.978
-45.978
-45.978
-45.978
-45.978
-45.978
-45.978
-45.978
-45.978
-45.978
-45.978
-45.978
-45.978
-45.978
-45.978
-45.978
-45.978
-45.978
-45.978
-45.978
-45.978
-45.978
-45.978
-45.978
-45.978
-45.978
-45.978
-45.978
-45.978
-45.978
-45.978
-45.978
-45.978
-45.978
-45.978
-45.978
-45.978
-45.978
-45.978
-45.978
-45.978
-45.978
-45.978
-45.978
-45.978
-45.978
-45.978
-45.978
-45.978
-45.978
-45.978
-45.978
-45.978
-45.978
-45.978
-45.978
-45.978
-45.978
-45.978
