119.984
120.013
123.263
123.247
118.277
129.303
127.26
125.306
133.305
123.21
113.824
120.802
117.675
107.734
114.602
97.819
97.26
91.616
88.8
65.791
70.199
61.895
64.78
68.19
58.415
44.955
67.834
61.838
55.457
57.935
68.256
63.929
54.239
63.875
56.909
53.129
65.813
57.758
57.833
62.72
63.69
61.771
61.722
59.667
63.649
63.827
54.663
51.691
56.82
56.749
55.496
62.486
57.458
69.736
53.794
63.761
58.734
54.519
70.797
54.81
57.59
61.799
58.512
66.591
63.512
62.707
37.051
51.466
56.978
56.978
56.978
56.978
56.978
56.978
56.978
56.978
56.978
56.978
56.978
56.978
56.978
56.978
56.978
56.978
56.978
56.978
56.978
56.978
56.978
56.978
56.978
56.978
56.978
56.978
56.978
56.978
56.978
56.978
56.978
56.978
56.978
56.978
56.978
56.978
56.978
56.978
56.978
56.978
56.978
56.978
56.978
56.978
56.978
56.978
56.978
56.978
56.978
56.978
56.978
56.978
56.978
56.978
56.978
56.978
56.978
56.978
56.978
56.978
56.978
56.978
