-102.984
-98.013
-111.263
-115.247
-114.277
-101.303
-99.26
-123.306
-121.305
-102.21
-104.824
-106.802
-106.675
-94.734
-101.602
-72.819
-78.26
-62.616
-57.8
-46.791
-41.199
-46.895
-57.78
-42.19
-33.415
-27.955
-26.834
-32.838
-39.457
-39.935
-51.256
-56.929
-59.239
-43.875
-52.909
-45.129
-43.813
-45.758
-44.833
-38.72
-26.69
-27.771
-29.722
-44.667
-47.649
-47.827
-26.663
-46.691
-42.82
-31.749
-41.496
-48.486
-35.458
-39.736
-30.794
-39.761
-36.734
-34.519
-35.797
-58.81
-52.59
-52.799
-26.512
-36.591
-47.512
-40.707
-40.051
-31.466
-54.978
-54.978
-54.978
-54.978
-54.978
-54.978
-54.978
-54.978
-54.978
-54.978
-54.978
-54.978
-54.978
-54.978
-54.978
-54.978
-54.978
-54.978
-54.978
-54.978
-54.978
-54.978
-54.978
-54.978
-54.978
-54.978
-54.978
-54.978
-54.978
-54.978
-54.978
-54.978
-54.978
-54.978
-54.978
-54.978
-54.978
-54.978
-54.978
-54.978
-54.978
-54.978
-54.978
-54.978
-54.978
-54.978
-54.978
-54.978
-54.978
-54.978
-54.978
-54.978
-54.978
-54.978
-54.978
-54.978
-54.978
-54.978
-54.978
-54.978
-54.978
-54.978
