125.984
125.013
129.263
133.247
127.277
122.303
122.26
119.306
132.305
124.21
122.824
121.802
125.675
120.734
114.602
100.819
101.26
105.616
84.8
70.791
71.199
61.895
59.78
60.19
53.415
51.955
64.834
53.838
61.457
57.935
66.256
60.929
55.239
50.875
58.909
59.129
67.813
61.758
62.833
67.72
56.69
63.771
69.722
51.667
63.649
68.827
67.663
51.691
54.82
62.749
64.496
48.486
54.458
52.736
56.794
52.761
65.734
65.519
62.797
62.81
59.59
66.799
60.512
53.591
53.512
55.707
51.051
45.466
51.978
51.978
51.978
51.978
51.978
51.978
51.978
51.978
51.978
51.978
51.978
51.978
51.978
51.978
51.978
51.978
51.978
51.978
51.978
51.978
51.978
51.978
51.978
51.978
51.978
51.978
51.978
51.978
51.978
51.978
51.978
51.978
51.978
51.978
51.978
51.978
51.978
51.978
51.978
51.978
51.978
51.978
51.978
51.978
51.978
51.978
51.978
51.978
51.978
51.978
51.978
51.978
51.978
51.978
51.978
51.978
51.978
51.978
51.978
51.978
51.978
51.978
