123.984
133.013
131.263
136.247
131.277
126.303
142.26
136.306
134.305
133.21
127.824
146.802
133.675
135.734
123.602
105.819
114.26
108.616
94.8
85.791
79.199
69.895
77.78
85.19
82.415
61.955
72.834
69.838
55.457
71.935
78.256
65.929
57.239
56.875
70.909
85.129
59.813
64.758
61.833
73.72
77.69
60.771
72.722
59.667
73.649
71.827
69.663
65.691
69.82
47.749
68.496
66.486
75.458
51.736
74.794
77.761
68.734
70.519
71.797
73.81
55.59
66.799
58.512
72.591
62.512
65.707
39.051
59.466
43.978
43.978
43.978
43.978
43.978
43.978
43.978
43.978
43.978
43.978
43.978
43.978
43.978
43.978
43.978
43.978
43.978
43.978
43.978
43.978
43.978
43.978
43.978
43.978
43.978
43.978
43.978
43.978
43.978
43.978
43.978
43.978
43.978
43.978
43.978
43.978
43.978
43.978
43.978
43.978
43.978
43.978
43.978
43.978
43.978
43.978
43.978
43.978
43.978
43.978
43.978
43.978
43.978
43.978
43.978
43.978
43.978
43.978
43.978
43.978
43.978
43.978
