122.984
118.013
124.263
132.247
116.277
131.303
129.26
129.306
134.305
131.21
110.824
123.802
126.675
111.734
117.602
100.819
96.26
92.616
96.8
67.791
79.199
64.895
66.78
72.19
61.415
50.955
71.834
59.838
53.457
61.935
73.256
61.929
62.239
65.875
54.909
58.129
72.813
60.758
60.833
63.72
72.69
68.771
66.722
61.667
61.649
65.827
59.663
52.691
63.82
59.749
62.496
63.486
63.458
69.736
50.794
69.761
61.734
55.519
66.797
59.81
62.59
65.799
59.512
70.591
63.512
62.707
40.051
56.466
59.978
59.978
59.978
59.978
59.978
59.978
59.978
59.978
59.978
59.978
59.978
59.978
59.978
59.978
59.978
59.978
59.978
59.978
59.978
59.978
59.978
59.978
59.978
59.978
59.978
59.978
59.978
59.978
59.978
59.978
59.978
59.978
59.978
59.978
59.978
59.978
59.978
59.978
59.978
59.978
59.978
59.978
59.978
59.978
59.978
59.978
59.978
59.978
59.978
59.978
59.978
59.978
59.978
59.978
59.978
59.978
59.978
59.978
59.978
59.978
59.978
59.978
