121.984
118.013
127.263
131.247
114.277
130.303
128.26
128.306
138.305
130.21
115.824
128.802
125.675
110.734
115.602
105.819
99.26
90.616
101.8
65.791
79.199
67.895
66.78
76.19
64.415
53.955
69.834
58.838
58.457
59.935
71.256
59.929
65.239
68.875
58.909
58.129
71.813
58.758
65.833
63.72
75.69
66.771
69.722
65.667
64.649
69.827
62.663
52.691
62.82
58.749
61.496
63.486
67.458
68.736
53.794
73.761
60.734
53.519
71.797
58.81
60.59
70.799
64.512
73.591
68.512
65.707
43.051
55.466
58.978
58.978
58.978
58.978
58.978
58.978
58.978
58.978
58.978
58.978
58.978
58.978
58.978
58.978
58.978
58.978
58.978
58.978
58.978
58.978
58.978
58.978
58.978
58.978
58.978
58.978
58.978
58.978
58.978
58.978
58.978
58.978
58.978
58.978
58.978
58.978
58.978
58.978
58.978
58.978
58.978
58.978
58.978
58.978
58.978
58.978
58.978
58.978
58.978
58.978
58.978
58.978
58.978
58.978
58.978
58.978
58.978
58.978
58.978
58.978
58.978
58.978
