-115.984
-116.013
-118.263
-117.247
-118.277
-118.303
-122.26
-119.306
-122.305
-123.21
-114.824
-118.802
-118.675
-107.734
-108.602
-93.819
-96.26
-92.616
-77.8
-64.791
-67.199
-59.895
-59.78
-59.19
-54.415
-45.955
-56.834
-55.838
-47.457
-57.935
-55.256
-50.929
-59.239
-57.875
-55.909
-60.129
-52.813
-52.758
-52.833
-52.72
-51.69
-51.771
-56.722
-55.667
-55.649
-51.827
-56.663
-50.691
-50.82
-56.749
-49.496
-49.486
-47.458
-50.736
-51.794
-50.761
-52.734
-49.519
-50.797
-51.81
-54.59
-55.799
-47.512
-49.591
-47.512
-57.707
-38.051
-47.466
-48.978
-48.978
-48.978
-48.978
-48.978
-48.978
-48.978
-48.978
-48.978
-48.978
-48.978
-48.978
-48.978
-48.978
-48.978
-48.978
-48.978
-48.978
-48.978
-48.978
-48.978
-48.978
-48.978
-48.978
-48.978
-48.978
-48.978
-48.978
-48.978
-48.978
-48.978
-48.978
-48.978
-48.978
-48.978
-48.978
-48.978
-48.978
-48.978
-48.978
-48.978
-48.978
-48.978
-48.978
-48.978
-48.978
-48.978
-48.978
-48.978
-48.978
-48.978
-48.978
-48.978
-48.978
-48.978
-48.978
-48.978
-48.978
-48.978
-48.978
-48.978
-48.978
