125.984
126.013
131.263
124.247
130.277
126.303
130.26
131.306
130.305
121.21
119.824
116.802
115.675
119.734
112.602
99.819
90.26
98.616
80.8
78.791
64.199
65.895
65.78
60.19
56.415
52.955
57.834
63.838
55.457
56.935
60.256
54.929
56.239
56.875
60.909
65.129
54.813
58.758
58.833
51.72
58.69
61.771
59.722
54.667
53.649
64.827
52.663
52.691
63.82
62.749
55.496
51.486
58.458
59.736
64.794
59.761
55.734
54.519
57.797
54.81
55.59
51.799
56.512
61.591
55.512
55.707
51.051
54.466
48.978
48.978
48.978
48.978
48.978
48.978
48.978
48.978
48.978
48.978
48.978
48.978
48.978
48.978
48.978
48.978
48.978
48.978
48.978
48.978
48.978
48.978
48.978
48.978
48.978
48.978
48.978
48.978
48.978
48.978
48.978
48.978
48.978
48.978
48.978
48.978
48.978
48.978
48.978
48.978
48.978
48.978
48.978
48.978
48.978
48.978
48.978
48.978
48.978
48.978
48.978
48.978
48.978
48.978
48.978
48.978
48.978
48.978
48.978
48.978
48.978
48.978
