-112.984
-106.013
-109.263
-122.247
-120.277
-106.303
-113.26
-119.306
-124.305
-109.21
-105.824
-108.802
-105.675
-109.734
-108.602
-77.819
-81.26
-73.616
-64.8
-49.791
-51.199
-44.895
-55.78
-50.19
-31.415
-35.955
-32.834
-33.838
-47.457
-43.935
-57.256
-53.929
-61.239
-38.875
-49.909
-48.129
-51.813
-48.758
-47.833
-44.72
-37.69
-40.771
-38.722
-45.667
-50.649
-46.827
-37.663
-53.691
-50.82
-38.749
-38.496
-56.486
-38.458
-44.736
-40.794
-54.761
-46.734
-42.519
-39.797
-60.81
-48.59
-55.799
-33.512
-34.591
-48.512
-53.707
-34.051
-28.466
-52.978
-52.978
-52.978
-52.978
-52.978
-52.978
-52.978
-52.978
-52.978
-52.978
-52.978
-52.978
-52.978
-52.978
-52.978
-52.978
-52.978
-52.978
-52.978
-52.978
-52.978
-52.978
-52.978
-52.978
-52.978
-52.978
-52.978
-52.978
-52.978
-52.978
-52.978
-52.978
-52.978
-52.978
-52.978
-52.978
-52.978
-52.978
-52.978
-52.978
-52.978
-52.978
-52.978
-52.978
-52.978
-52.978
-52.978
-52.978
-52.978
-52.978
-52.978
-52.978
-52.978
-52.978
-52.978
-52.978
-52.978
-52.978
-52.978
-52.978
-52.978
-52.978
