-106.984
-109.013
-116.263
-111.247
-102.277
-108.303
-116.26
-106.306
-118.305
-118.21
-101.824
-105.802
-105.675
-102.734
-105.602
-91.819
-81.26
-75.616
-57.8
-65.791
-54.199
-56.895
-49.78
-37.19
-44.415
-28.955
-48.834
-43.838
-31.457
-47.935
-53.256
-45.929
-40.239
-48.875
-59.909
-53.129
-43.813
-48.758
-45.833
-43.72
-48.69
-50.771
-41.722
-37.667
-51.649
-38.827
-39.663
-52.691
-52.82
-38.749
-51.496
-50.486
-28.458
-55.736
-45.794
-51.761
-36.734
-51.519
-45.797
-47.81
-34.59
-37.799
-33.512
-37.591
-45.512
-41.707
-26.051
-47.466
-43.978
-43.978
-43.978
-43.978
-43.978
-43.978
-43.978
-43.978
-43.978
-43.978
-43.978
-43.978
-43.978
-43.978
-43.978
-43.978
-43.978
-43.978
-43.978
-43.978
-43.978
-43.978
-43.978
-43.978
-43.978
-43.978
-43.978
-43.978
-43.978
-43.978
-43.978
-43.978
-43.978
-43.978
-43.978
-43.978
-43.978
-43.978
-43.978
-43.978
-43.978
-43.978
-43.978
-43.978
-43.978
-43.978
-43.978
-43.978
-43.978
-43.978
-43.978
-43.978
-43.978
-43.978
-43.978
-43.978
-43.978
-43.978
-43.978
-43.978
-43.978
-43.978
