123.984
124.013
123.263
120.247
124.277
127.303
131.26
123.306
121.305
125.21
116.824
121.802
121.675
113.734
114.602
101.819
103.26
99.616
80.8
77.791
69.199
59.895
60.78
63.19
60.415
46.955
61.834
59.838
62.457
61.935
64.256
59.929
55.239
62.875
62.909
68.129
62.813
62.758
52.833
63.72
61.69
53.771
56.722
55.667
57.649
54.827
58.663
58.691
60.82
52.749
53.496
51.486
55.458
54.736
58.794
64.761
58.734
61.519
52.797
65.81
54.59
53.799
57.512
55.591
54.512
56.707
39.051
54.466
45.978
45.978
45.978
45.978
45.978
45.978
45.978
45.978
45.978
45.978
45.978
45.978
45.978
45.978
45.978
45.978
45.978
45.978
45.978
45.978
45.978
45.978
45.978
45.978
45.978
45.978
45.978
45.978
45.978
45.978
45.978
45.978
45.978
45.978
45.978
45.978
45.978
45.978
45.978
45.978
45.978
45.978
45.978
45.978
45.978
45.978
45.978
45.978
45.978
45.978
45.978
45.978
45.978
45.978
45.978
45.978
45.978
45.978
45.978
45.978
45.978
45.978
