-121.984
-114.013
-115.263
-124.247
-125.277
-125.303
-114.26
-110.306
-120.305
-115.21
-119.824
-116.802
-108.675
-106.734
-114.602
-99.819
-90.26
-83.616
-70.8
-61.791
-58.199
-53.895
-61.78
-53.19
-51.415
-47.955
-53.834
-41.838
-50.457
-49.935
-52.256
-48.929
-53.239
-45.875
-52.909
-52.129
-48.813
-50.758
-47.833
-55.72
-52.69
-61.771
-43.722
-49.667
-43.649
-42.827
-48.663
-41.691
-48.82
-45.749
-50.496
-48.486
-50.458
-52.736
-48.794
-47.761
-56.734
-45.519
-53.797
-52.81
-40.59
-50.799
-42.512
-50.591
-41.512
-51.707
-32.051
-47.466
-44.978
-44.978
-44.978
-44.978
-44.978
-44.978
-44.978
-44.978
-44.978
-44.978
-44.978
-44.978
-44.978
-44.978
-44.978
-44.978
-44.978
-44.978
-44.978
-44.978
-44.978
-44.978
-44.978
-44.978
-44.978
-44.978
-44.978
-44.978
-44.978
-44.978
-44.978
-44.978
-44.978
-44.978
-44.978
-44.978
-44.978
-44.978
-44.978
-44.978
-44.978
-44.978
-44.978
-44.978
-44.978
-44.978
-44.978
-44.978
-44.978
-44.978
-44.978
-44.978
-44.978
-44.978
-44.978
-44.978
-44.978
-44.978
-44.978
-44.978
-44.978
-44.978
