-116.984
-104.013
-119.263
-127.247
-128.277
-113.303
-98.26
-103.306
-110.305
-96.21
-112.824
-116.802
-88.675
-109.734
-98.602
-87.819
-75.26
-79.616
-65.8
-43.791
-41.199
-33.895
-49.78
-46.19
-52.415
-46.955
-40.834
-31.838
-34.457
-49.935
-30.256
-35.929
-46.239
-30.875
-45.909
-48.129
-45.813
-46.758
-48.833
-51.72
-34.69
-40.771
-23.722
-34.667
-34.649
-27.827
-34.663
-47.691
-52.82
-24.749
-48.496
-36.486
-41.458
-36.736
-43.794
-40.761
-49.734
-28.519
-47.797
-38.81
-25.59
-40.799
-26.512
-42.591
-27.512
-42.707
-26.051
-35.466
-42.978
-42.978
-42.978
-42.978
-42.978
-42.978
-42.978
-42.978
-42.978
-42.978
-42.978
-42.978
-42.978
-42.978
-42.978
-42.978
-42.978
-42.978
-42.978
-42.978
-42.978
-42.978
-42.978
-42.978
-42.978
-42.978
-42.978
-42.978
-42.978
-42.978
-42.978
-42.978
-42.978
-42.978
-42.978
-42.978
-42.978
-42.978
-42.978
-42.978
-42.978
-42.978
-42.978
-42.978
-42.978
-42.978
-42.978
-42.978
-42.978
-42.978
-42.978
-42.978
-42.978
-42.978
-42.978
-42.978
-42.978
-42.978
-42.978
-42.978
-42.978
-42.978
