144.984
129.013
147.263
132.247
146.277
128.303
134.26
138.306
134.305
130.21
118.824
129.802
136.675
123.734
127.602
105.819
100.26
107.616
87.8
93.791
70.199
75.895
78.78
65.19
72.415
59.955
63.834
88.838
67.457
74.935
68.256
68.929
58.239
64.875
75.909
66.129
54.813
61.758
69.833
55.72
63.69
61.771
60.722
62.667
62.649
64.827
54.663
54.691
82.82
78.749
56.496
51.486
61.458
52.736
77.794
61.761
62.734
68.519
67.797
68.81
57.59
54.799
75.512
60.591
71.512
67.707
58.051
63.466
51.978
51.978
51.978
51.978
51.978
51.978
51.978
51.978
51.978
51.978
51.978
51.978
51.978
51.978
51.978
51.978
51.978
51.978
51.978
51.978
51.978
51.978
51.978
51.978
51.978
51.978
51.978
51.978
51.978
51.978
51.978
51.978
51.978
51.978
51.978
51.978
51.978
51.978
51.978
51.978
51.978
51.978
51.978
51.978
51.978
51.978
51.978
51.978
51.978
51.978
51.978
51.978
51.978
51.978
51.978
51.978
51.978
51.978
51.978
51.978
51.978
51.978
