-110.984
-121.013
-114.263
-121.247
-114.277
-123.303
-117.26
-120.306
-112.305
-125.21
-120.824
-121.802
-116.675
-108.734
-112.602
-95.819
-92.26
-87.616
-73.8
-70.791
-62.199
-65.895
-54.78
-50.19
-48.415
-43.955
-53.834
-57.838
-49.457
-52.935
-54.256
-46.929
-60.239
-53.875
-57.909
-52.129
-52.813
-49.758
-53.833
-58.72
-58.69
-54.771
-58.722
-51.667
-59.649
-52.827
-52.663
-46.691
-46.82
-52.749
-48.496
-46.486
-42.458
-52.736
-50.794
-47.761
-49.734
-44.519
-45.797
-48.81
-45.59
-53.799
-44.512
-53.591
-55.512
-52.707
-37.051
-44.466
-45.978
-45.978
-45.978
-45.978
-45.978
-45.978
-45.978
-45.978
-45.978
-45.978
-45.978
-45.978
-45.978
-45.978
-45.978
-45.978
-45.978
-45.978
-45.978
-45.978
-45.978
-45.978
-45.978
-45.978
-45.978
-45.978
-45.978
-45.978
-45.978
-45.978
-45.978
-45.978
-45.978
-45.978
-45.978
-45.978
-45.978
-45.978
-45.978
-45.978
-45.978
-45.978
-45.978
-45.978
-45.978
-45.978
-45.978
-45.978
-45.978
-45.978
-45.978
-45.978
-45.978
-45.978
-45.978
-45.978
-45.978
-45.978
-45.978
-45.978
-45.978
-45.978
