125.984
132.013
142.263
135.247
130.277
122.303
133.26
131.306
137.305
144.21
134.824
135.802
132.675
128.734
131.602
117.819
114.26
108.616
92.8
88.791
66.199
78.895
71.78
76.19
62.415
68.955
72.834
49.838
64.457
63.935
75.256
72.929
66.239
66.875
61.909
76.129
70.813
62.758
73.833
50.72
59.69
70.771
74.722
62.667
55.649
84.827
61.663
71.691
74.82
58.749
68.496
53.486
58.458
59.736
78.794
61.761
79.734
51.519
57.797
61.81
60.59
61.799
69.512
74.591
46.512
78.707
47.051
62.466
78.978
78.978
78.978
78.978
78.978
78.978
78.978
78.978
78.978
78.978
78.978
78.978
78.978
78.978
78.978
78.978
78.978
78.978
78.978
78.978
78.978
78.978
78.978
78.978
78.978
78.978
78.978
78.978
78.978
78.978
78.978
78.978
78.978
78.978
78.978
78.978
78.978
78.978
78.978
78.978
78.978
78.978
78.978
78.978
78.978
78.978
78.978
78.978
78.978
78.978
78.978
78.978
78.978
78.978
78.978
78.978
78.978
78.978
78.978
78.978
78.978
78.978
