123.984
119.013
127.263
131.247
128.277
128.303
127.26
130.306
129.305
123.21
129.824
123.802
118.675
123.734
117.602
109.819
106.26
94.616
82.8
67.791
79.199
69.895
70.78
68.19
57.415
48.955
60.834
64.838
61.457
70.935
69.256
50.929
70.239
59.875
65.909
69.129
61.813
64.758
63.833
55.72
66.69
63.771
60.722
60.667
51.649
66.827
54.663
62.691
60.82
68.749
70.496
54.486
55.458
64.736
70.794
60.761
53.734
50.519
69.797
61.81
64.59
58.799
58.512
54.591
51.512
62.707
50.051
49.466
61.978
61.978
61.978
61.978
61.978
61.978
61.978
61.978
61.978
61.978
61.978
61.978
61.978
61.978
61.978
61.978
61.978
61.978
61.978
61.978
61.978
61.978
61.978
61.978
61.978
61.978
61.978
61.978
61.978
61.978
61.978
61.978
61.978
61.978
61.978
61.978
61.978
61.978
61.978
61.978
61.978
61.978
61.978
61.978
61.978
61.978
61.978
61.978
61.978
61.978
61.978
61.978
61.978
61.978
61.978
61.978
61.978
61.978
61.978
61.978
61.978
61.978
