-109.984
-105.013
-106.263
-99.247
-112.277
-99.303
-105.26
-116.306
-114.305
-106.21
-92.824
-109.802
-94.675
-100.734
-108.602
-80.819
-84.26
-69.616
-66.8
-68.791
-52.199
-51.895
-53.78
-34.19
-23.415
-33.955
-48.834
-41.838
-43.457
-46.935
-37.256
-43.929
-42.239
-40.875
-31.909
-49.129
-49.813
-45.758
-37.833
-36.72
-51.69
-32.771
-50.722
-43.667
-38.649
-32.827
-51.663
-34.691
-51.82
-53.749
-44.496
-35.486
-41.458
-48.736
-42.794
-33.761
-33.734
-43.519
-47.797
-53.81
-37.59
-38.799
-39.512
-32.591
-37.512
-38.707
-21.051
-28.466
-42.978
-42.978
-42.978
-42.978
-42.978
-42.978
-42.978
-42.978
-42.978
-42.978
-42.978
-42.978
-42.978
-42.978
-42.978
-42.978
-42.978
-42.978
-42.978
-42.978
-42.978
-42.978
-42.978
-42.978
-42.978
-42.978
-42.978
-42.978
-42.978
-42.978
-42.978
-42.978
-42.978
-42.978
-42.978
-42.978
-42.978
-42.978
-42.978
-42.978
-42.978
-42.978
-42.978
-42.978
-42.978
-42.978
-42.978
-42.978
-42.978
-42.978
-42.978
-42.978
-42.978
-42.978
-42.978
-42.978
-42.978
-42.978
-42.978
-42.978
-42.978
-42.978
