142.984
124.013
135.263
132.247
129.277
125.303
136.26
128.306
136.305
136.21
133.824
128.802
126.675
135.734
129.602
113.819
116.26
110.616
86.8
84.791
83.199
72.895
62.78
77.19
61.415
55.955
74.834
67.838
72.457
66.935
80.256
76.929
65.239
63.875
73.909
66.129
78.813
68.758
71.833
78.72
72.69
73.771
81.722
65.667
70.649
81.827
80.663
59.691
60.82
75.749
67.496
64.486
70.458
65.736
63.794
65.761
72.734
77.519
72.797
69.81
73.59
80.799
67.512
53.591
65.512
65.707
57.051
55.466
59.978
59.978
59.978
59.978
59.978
59.978
59.978
59.978
59.978
59.978
59.978
59.978
59.978
59.978
59.978
59.978
59.978
59.978
59.978
59.978
59.978
59.978
59.978
59.978
59.978
59.978
59.978
59.978
59.978
59.978
59.978
59.978
59.978
59.978
59.978
59.978
59.978
59.978
59.978
59.978
59.978
59.978
59.978
59.978
59.978
59.978
59.978
59.978
59.978
59.978
59.978
59.978
59.978
59.978
59.978
59.978
59.978
59.978
59.978
59.978
59.978
59.978
