-120.984
-116.013
-122.263
-110.247
-117.277
-126.303
-120.26
-124.306
-114.305
-128.21
-108.824
-120.802
-112.675
-108.734
-106.602
-95.819
-91.26
-78.616
-75.8
-68.791
-65.199
-60.895
-57.78
-52.19
-45.415
-46.955
-48.834
-48.838
-54.457
-50.935
-47.256
-48.929
-46.239
-51.875
-49.909
-55.129
-60.813
-53.758
-46.833
-52.72
-52.69
-46.771
-54.722
-42.667
-48.649
-48.827
-60.663
-52.691
-48.82
-54.749
-42.496
-42.486
-47.458
-54.736
-53.794
-50.761
-48.734
-44.519
-49.797
-49.81
-46.59
-47.799
-49.512
-57.591
-52.512
-47.707
-39.051
-35.466
-41.978
-41.978
-41.978
-41.978
-41.978
-41.978
-41.978
-41.978
-41.978
-41.978
-41.978
-41.978
-41.978
-41.978
-41.978
-41.978
-41.978
-41.978
-41.978
-41.978
-41.978
-41.978
-41.978
-41.978
-41.978
-41.978
-41.978
-41.978
-41.978
-41.978
-41.978
-41.978
-41.978
-41.978
-41.978
-41.978
-41.978
-41.978
-41.978
-41.978
-41.978
-41.978
-41.978
-41.978
-41.978
-41.978
-41.978
-41.978
-41.978
-41.978
-41.978
-41.978
-41.978
-41.978
-41.978
-41.978
-41.978
-41.978
-41.978
-41.978
-41.978
-41.978
