122.984
122.013
122.263
124.247
124.277
126.303
141.26
132.306
123.305
133.21
120.824
134.802
123.675
123.734
111.602
99.819
113.26
100.616
82.8
80.791
70.199
58.895
63.78
76.19
72.415
50.955
62.834
67.838
58.457
69.935
73.256
59.929
57.239
57.875
70.909
81.129
66.813
70.758
54.833
72.72
69.69
55.771
69.722
56.667
55.649
61.827
55.663
58.691
65.82
52.749
57.496
58.486
62.458
55.736
58.794
68.761
63.734
66.519
64.797
68.81
51.59
54.799
53.512
69.591
56.512
65.707
35.051
54.466
44.978
44.978
44.978
44.978
44.978
44.978
44.978
44.978
44.978
44.978
44.978
44.978
44.978
44.978
44.978
44.978
44.978
44.978
44.978
44.978
44.978
44.978
44.978
44.978
44.978
44.978
44.978
44.978
44.978
44.978
44.978
44.978
44.978
44.978
44.978
44.978
44.978
44.978
44.978
44.978
44.978
44.978
44.978
44.978
44.978
44.978
44.978
44.978
44.978
44.978
44.978
44.978
44.978
44.978
44.978
44.978
44.978
44.978
44.978
44.978
44.978
44.978
