-120.984
-114.013
-122.263
-122.247
-117.277
-123.303
-119.26
-119.306
-117.305
-117.21
-119.824
-118.802
-114.675
-111.734
-112.602
-92.819
-90.26
-86.616
-71.8
-65.791
-62.199
-59.895
-59.78
-54.19
-49.415
-44.955
-51.834
-55.838
-47.457
-56.935
-55.256
-51.929
-55.239
-51.875
-51.909
-55.129
-55.813
-52.758
-56.833
-57.72
-52.69
-52.771
-50.722
-57.667
-51.649
-57.827
-57.663
-56.691
-52.82
-51.749
-53.496
-52.486
-52.458
-50.736
-55.794
-55.761
-57.734
-53.519
-50.797
-52.81
-48.59
-50.799
-49.512
-52.591
-54.512
-50.707
-38.051
-47.466
-44.978
-44.978
-44.978
-44.978
-44.978
-44.978
-44.978
-44.978
-44.978
-44.978
-44.978
-44.978
-44.978
-44.978
-44.978
-44.978
-44.978
-44.978
-44.978
-44.978
-44.978
-44.978
-44.978
-44.978
-44.978
-44.978
-44.978
-44.978
-44.978
-44.978
-44.978
-44.978
-44.978
-44.978
-44.978
-44.978
-44.978
-44.978
-44.978
-44.978
-44.978
-44.978
-44.978
-44.978
-44.978
-44.978
-44.978
-44.978
-44.978
-44.978
-44.978
-44.978
-44.978
-44.978
-44.978
-44.978
-44.978
-44.978
-44.978
-44.978
-44.978
-44.978
