122.984
128.013
123.263
125.247
133.277
121.303
119.26
141.306
132.305
125.21
121.824
115.802
112.675
108.734
122.602
94.819
100.26
94.616
79.8
71.791
74.199
64.895
71.78
67.19
51.415
52.955
61.834
54.838
63.457
69.935
62.256
59.929
68.239
50.875
54.909
65.129
61.813
64.758
64.833
51.72
57.69
64.771
66.722
53.667
65.649
71.827
70.663
69.691
58.82
55.749
64.496
54.486
60.458
65.736
57.794
62.761
59.734
57.519
63.797
56.81
56.59
70.799
66.512
55.591
49.512
62.707
41.051
51.466
57.978
57.978
57.978
57.978
57.978
57.978
57.978
57.978
57.978
57.978
57.978
57.978
57.978
57.978
57.978
57.978
57.978
57.978
57.978
57.978
57.978
57.978
57.978
57.978
57.978
57.978
57.978
57.978
57.978
57.978
57.978
57.978
57.978
57.978
57.978
57.978
57.978
57.978
57.978
57.978
57.978
57.978
57.978
57.978
57.978
57.978
57.978
57.978
57.978
57.978
57.978
57.978
57.978
57.978
57.978
57.978
57.978
57.978
57.978
57.978
57.978
57.978
