-115.984
-106.013
-126.263
-107.247
-114.277
-122.303
-117.26
-120.306
-115.305
-126.21
-104.824
-111.802
-110.675
-103.734
-104.602
-85.819
-88.26
-71.616
-74.8
-62.791
-62.199
-56.895
-54.78
-50.19
-42.415
-43.955
-44.834
-51.838
-58.457
-51.935
-51.256
-40.929
-43.239
-50.875
-42.909
-48.129
-57.813
-45.758
-37.833
-47.72
-45.69
-44.771
-50.722
-34.667
-40.649
-46.827
-62.663
-50.691
-44.82
-58.749
-35.496
-39.486
-43.458
-45.736
-50.794
-41.761
-40.734
-41.519
-53.797
-46.81
-43.59
-44.799
-42.512
-49.591
-48.512
-44.707
-41.051
-31.466
-37.978
-37.978
-37.978
-37.978
-37.978
-37.978
-37.978
-37.978
-37.978
-37.978
-37.978
-37.978
-37.978
-37.978
-37.978
-37.978
-37.978
-37.978
-37.978
-37.978
-37.978
-37.978
-37.978
-37.978
-37.978
-37.978
-37.978
-37.978
-37.978
-37.978
-37.978
-37.978
-37.978
-37.978
-37.978
-37.978
-37.978
-37.978
-37.978
-37.978
-37.978
-37.978
-37.978
-37.978
-37.978
-37.978
-37.978
-37.978
-37.978
-37.978
-37.978
-37.978
-37.978
-37.978
-37.978
-37.978
-37.978
-37.978
-37.978
-37.978
-37.978
-37.978
