-113.984
-116.013
-123.263
-124.247
-122.277
-118.303
-118.26
-123.306
-122.305
-122.21
-118.824
-113.802
-113.675
-113.734
-108.602
-99.819
-89.26
-85.616
-72.8
-66.791
-61.199
-63.895
-62.78
-59.19
-53.415
-49.955
-50.834
-51.838
-48.457
-50.935
-56.256
-51.929
-55.239
-52.875
-51.909
-55.129
-51.813
-52.758
-51.833
-56.72
-56.69
-52.771
-51.722
-50.667
-51.649
-50.827
-57.663
-51.691
-51.82
-51.749
-53.496
-53.486
-48.458
-56.736
-50.794
-52.761
-52.734
-47.519
-51.797
-55.81
-54.59
-57.799
-52.512
-52.591
-52.512
-50.707
-44.051
-42.466
-50.978
-50.978
-50.978
-50.978
-50.978
-50.978
-50.978
-50.978
-50.978
-50.978
-50.978
-50.978
-50.978
-50.978
-50.978
-50.978
-50.978
-50.978
-50.978
-50.978
-50.978
-50.978
-50.978
-50.978
-50.978
-50.978
-50.978
-50.978
-50.978
-50.978
-50.978
-50.978
-50.978
-50.978
-50.978
-50.978
-50.978
-50.978
-50.978
-50.978
-50.978
-50.978
-50.978
-50.978
-50.978
-50.978
-50.978
-50.978
-50.978
-50.978
-50.978
-50.978
-50.978
-50.978
-50.978
-50.978
-50.978
-50.978
-50.978
-50.978
-50.978
-50.978
