128.984
135.013
151.263
138.247
128.277
121.303
141.26
138.306
146.305
148.21
136.824
133.802
136.675
137.734
136.602
121.819
117.26
110.616
94.8
94.791
68.199
77.895
69.78
83.19
65.415
70.955
80.834
53.838
63.457
62.935
72.256
80.929
64.239
74.875
64.909
80.129
71.813
69.758
81.833
53.72
62.69
71.771
71.722
70.667
57.649
82.827
59.663
74.691
77.82
60.749
76.496
50.486
68.458
55.736
81.794
64.761
82.734
53.519
60.797
65.81
65.59
59.799
67.512
78.591
49.512
80.707
56.051
63.466
75.978
75.978
75.978
75.978
75.978
75.978
75.978
75.978
75.978
75.978
75.978
75.978
75.978
75.978
75.978
75.978
75.978
75.978
75.978
75.978
75.978
75.978
75.978
75.978
75.978
75.978
75.978
75.978
75.978
75.978
75.978
75.978
75.978
75.978
75.978
75.978
75.978
75.978
75.978
75.978
75.978
75.978
75.978
75.978
75.978
75.978
75.978
75.978
75.978
75.978
75.978
75.978
75.978
75.978
75.978
75.978
75.978
75.978
75.978
75.978
75.978
75.978
