127.984
122.013
132.263
133.247
129.277
130.303
132.26
131.306
131.305
121.21
132.824
126.802
116.675
131.734
120.602
107.819
104.26
102.616
80.8
65.791
76.199
76.895
72.78
66.19
59.415
50.955
59.834
60.838
63.457
74.935
76.256
48.929
73.239
62.875
63.909
73.129
70.813
70.758
66.833
56.72
73.69
66.771
59.722
69.667
54.649
63.827
52.663
71.691
68.82
70.749
78.496
59.486
59.458
73.736
73.794
58.761
56.734
59.519
78.797
69.81
71.59
61.799
63.512
58.591
48.512
71.707
52.051
59.466
64.978
64.978
64.978
64.978
64.978
64.978
64.978
64.978
64.978
64.978
64.978
64.978
64.978
64.978
64.978
64.978
64.978
64.978
64.978
64.978
64.978
64.978
64.978
64.978
64.978
64.978
64.978
64.978
64.978
64.978
64.978
64.978
64.978
64.978
64.978
64.978
64.978
64.978
64.978
64.978
64.978
64.978
64.978
64.978
64.978
64.978
64.978
64.978
64.978
64.978
64.978
64.978
64.978
64.978
64.978
64.978
64.978
64.978
64.978
64.978
64.978
64.978
