134.984
128.013
139.263
129.247
132.277
127.303
128.26
126.306
139.305
129.21
129.824
126.802
120.675
131.734
122.602
104.819
108.26
112.616
83.8
82.791
80.199
69.895
60.78
68.19
58.415
57.955
71.834
65.838
64.457
68.935
75.256
67.929
64.239
53.875
70.909
63.129
72.813
65.758
65.833
80.72
70.69
70.771
81.722
58.667
74.649
72.827
72.663
54.691
62.82
73.749
64.496
56.486
63.458
55.736
58.794
56.761
73.734
75.519
70.797
63.81
66.59
73.799
70.512
57.591
57.512
67.707
56.051
51.466
63.978
63.978
63.978
63.978
63.978
63.978
63.978
63.978
63.978
63.978
63.978
63.978
63.978
63.978
63.978
63.978
63.978
63.978
63.978
63.978
63.978
63.978
63.978
63.978
63.978
63.978
63.978
63.978
63.978
63.978
63.978
63.978
63.978
63.978
63.978
63.978
63.978
63.978
63.978
63.978
63.978
63.978
63.978
63.978
63.978
63.978
63.978
63.978
63.978
63.978
63.978
63.978
63.978
63.978
63.978
63.978
63.978
63.978
63.978
63.978
63.978
63.978
