129.984
119.013
126.263
135.247
131.277
137.303
121.26
132.306
141.305
123.21
134.824
129.802
124.675
122.734
122.602
103.819
102.26
102.616
80.8
82.791
78.199
72.895
61.78
66.19
61.415
56.955
67.834
73.838
61.457
62.935
71.256
54.929
70.239
61.875
60.909
71.129
57.813
66.758
71.833
69.72
69.69
64.771
58.722
54.667
66.649
54.827
65.663
60.691
60.82
64.749
67.496
64.486
62.458
58.736
59.794
48.761
69.734
53.519
47.797
61.81
63.59
63.799
63.512
69.591
61.512
65.707
52.051
52.466
47.978
47.978
47.978
47.978
47.978
47.978
47.978
47.978
47.978
47.978
47.978
47.978
47.978
47.978
47.978
47.978
47.978
47.978
47.978
47.978
47.978
47.978
47.978
47.978
47.978
47.978
47.978
47.978
47.978
47.978
47.978
47.978
47.978
47.978
47.978
47.978
47.978
47.978
47.978
47.978
47.978
47.978
47.978
47.978
47.978
47.978
47.978
47.978
47.978
47.978
47.978
47.978
47.978
47.978
47.978
47.978
47.978
47.978
47.978
47.978
47.978
47.978
