-105.984
-109.013
-122.263
-119.247
-118.277
-117.303
-114.26
-122.306
-116.305
-116.21
-112.824
-114.802
-105.675
-112.734
-103.602
-101.819
-90.26
-83.616
-78.8
-63.791
-70.199
-55.895
-56.78
-53.19
-50.415
-41.955
-48.834
-44.838
-43.457
-45.935
-44.256
-48.929
-57.239
-51.875
-53.909
-47.129
-47.813
-55.758
-44.833
-52.72
-53.69
-54.771
-53.722
-49.667
-50.649
-56.827
-50.663
-53.691
-59.82
-55.749
-58.496
-50.486
-52.458
-47.736
-59.794
-41.761
-53.734
-49.519
-51.797
-48.81
-47.59
-53.799
-46.512
-53.591
-46.512
-50.707
-35.051
-42.466
-42.978
-42.978
-42.978
-42.978
-42.978
-42.978
-42.978
-42.978
-42.978
-42.978
-42.978
-42.978
-42.978
-42.978
-42.978
-42.978
-42.978
-42.978
-42.978
-42.978
-42.978
-42.978
-42.978
-42.978
-42.978
-42.978
-42.978
-42.978
-42.978
-42.978
-42.978
-42.978
-42.978
-42.978
-42.978
-42.978
-42.978
-42.978
-42.978
-42.978
-42.978
-42.978
-42.978
-42.978
-42.978
-42.978
-42.978
-42.978
-42.978
-42.978
-42.978
-42.978
-42.978
-42.978
-42.978
-42.978
-42.978
-42.978
-42.978
-42.978
-42.978
-42.978
