-110.984
-114.013
-102.263
-108.247
-105.277
-115.303
-107.26
-119.306
-112.305
-118.21
-114.824
-115.802
-111.675
-105.734
-103.602
-90.819
-85.26
-83.616
-63.8
-69.791
-54.199
-65.895
-43.78
-39.19
-26.415
-41.955
-47.834
-51.838
-40.457
-45.935
-52.256
-37.929
-47.239
-43.875
-46.909
-51.129
-46.813
-33.758
-45.833
-64.72
-51.69
-53.771
-55.722
-38.667
-53.649
-54.827
-48.663
-27.691
-27.82
-39.749
-47.496
-42.486
-38.458
-50.736
-44.794
-43.761
-46.734
-39.519
-30.797
-39.81
-32.59
-49.799
-27.512
-34.591
-34.512
-47.707
-28.051
-34.466
-40.978
-40.978
-40.978
-40.978
-40.978
-40.978
-40.978
-40.978
-40.978
-40.978
-40.978
-40.978
-40.978
-40.978
-40.978
-40.978
-40.978
-40.978
-40.978
-40.978
-40.978
-40.978
-40.978
-40.978
-40.978
-40.978
-40.978
-40.978
-40.978
-40.978
-40.978
-40.978
-40.978
-40.978
-40.978
-40.978
-40.978
-40.978
-40.978
-40.978
-40.978
-40.978
-40.978
-40.978
-40.978
-40.978
-40.978
-40.978
-40.978
-40.978
-40.978
-40.978
-40.978
-40.978
-40.978
-40.978
-40.978
-40.978
-40.978
-40.978
-40.978
-40.978
