-104.984
-116.013
-113.263
-106.247
-107.277
-93.303
-114.26
-105.306
-103.305
-105.21
-111.824
-120.802
-109.675
-97.734
-99.602
-76.819
-68.26
-77.616
-57.8
-52.791
-56.199
-51.895
-41.78
-40.19
-30.415
-35.955
-47.834
-30.838
-29.457
-41.935
-33.256
-34.929
-29.239
-45.875
-21.909
-35.129
-47.813
-43.758
-53.833
-39.72
-38.69
-48.771
-44.722
-48.667
-46.649
-30.827
-55.663
-55.691
-44.82
-38.749
-49.496
-54.486
-35.458
-47.736
-56.794
-43.761
-41.734
-39.519
-34.797
-41.81
-41.59
-47.799
-43.512
-33.591
-65.512
-36.707
-15.051
-26.466
-34.978
-34.978
-34.978
-34.978
-34.978
-34.978
-34.978
-34.978
-34.978
-34.978
-34.978
-34.978
-34.978
-34.978
-34.978
-34.978
-34.978
-34.978
-34.978
-34.978
-34.978
-34.978
-34.978
-34.978
-34.978
-34.978
-34.978
-34.978
-34.978
-34.978
-34.978
-34.978
-34.978
-34.978
-34.978
-34.978
-34.978
-34.978
-34.978
-34.978
-34.978
-34.978
-34.978
-34.978
-34.978
-34.978
-34.978
-34.978
-34.978
-34.978
-34.978
-34.978
-34.978
-34.978
-34.978
-34.978
-34.978
-34.978
-34.978
-34.978
-34.978
-34.978
