325.617
323.797
317.15
320.767
323.837
322.149
314.778
331.649
326.29
314.723
315.52
290.263
280.032
264.367
258.255
225.966
206.003
179.516
132.754
94.862
77.264
54.299
32.975
11.061
-11.477
-16.389
-14.547
-27.878
-26.888
-26.055
-38.259
-39.375
-28.437
-40.071
-35.007
-32.996
-36.304
-34.38
-32.506
-41.403
-43.845
-27.411
-31.443
-38.522
-30.917
-29.84
-31.99
-30.864
-35.567
-45.253
-34.952
-42.319
-37.307
-42.721
-42.266
-42.347
-40.388
-43.294
-37.371
-47.241
-46.285
-35.247
-36.336
-42.301
-48.382
-37.373
-53.741
-39.44
-35.89
-35.89
-35.89
-35.89
-35.89
-35.89
-35.89
-35.89
-35.89
-35.89
-35.89
-35.89
-35.89
-35.89
-35.89
-35.89
-35.89
-35.89
-35.89
-35.89
-35.89
-35.89
-35.89
-35.89
-35.89
-35.89
-35.89
-35.89
-35.89
-35.89
-35.89
-35.89
-35.89
-35.89
-35.89
-35.89
-35.89
-35.89
-35.89
-35.89
-35.89
-35.89
-35.89
-35.89
-35.89
-35.89
-35.89
-35.89
-35.89
-35.89
-35.89
-35.89
-35.89
-35.89
-35.89
-35.89
-35.89
-35.89
-35.89
-35.89
-35.89
-35.89
