320.617
326.797
326.15
313.767
310.837
323.149
334.778
334.649
315.29
323.723
313.52
295.263
302.032
268.367
253.255
229.966
206.003
182.516
136.754
108.862
84.264
63.299
34.975
16.061
-12.477
-15.389
-7.547
-6.87799
-22.888
-27.055
-23.259
-23.375
-31.437
-21.071
-22.007
-27.996
-33.304
-34.38
-31.506
-36.403
-31.845
-35.411
-19.443
-22.522
-26.917
-24.84
-26.99
-29.864
-35.567
-25.253
-37.952
-38.319
-41.307
-41.721
-40.266
-29.347
-43.388
-28.294
-38.371
-35.241
-24.285
-39.247
-30.336
-44.301
-33.382
-39.373
-38.741
-43.44
-40.89
-40.89
-40.89
-40.89
-40.89
-40.89
-40.89
-40.89
-40.89
-40.89
-40.89
-40.89
-40.89
-40.89
-40.89
-40.89
-40.89
-40.89
-40.89
-40.89
-40.89
-40.89
-40.89
-40.89
-40.89
-40.89
-40.89
-40.89
-40.89
-40.89
-40.89
-40.89
-40.89
-40.89
-40.89
-40.89
-40.89
-40.89
-40.89
-40.89
-40.89
-40.89
-40.89
-40.89
-40.89
-40.89
-40.89
-40.89
-40.89
-40.89
-40.89
-40.89
-40.89
-40.89
-40.89
-40.89
-40.89
-40.89
-40.89
-40.89
-40.89
-40.89
