332.617
322.797
341.15
331.767
334.837
328.149
332.778
320.649
324.29
314.723
314.52
296.263
293.032
271.367
259.255
233.966
208.003
181.516
145.754
97.862
85.264
49.299
46.975
27.061
15.523
-10.389
-9.547
-23.878
-22.888
-25.055
-31.259
-20.375
-26.437
-23.071
-26.007
-26.996
-29.304
-16.38
-28.506
-47.403
-37.845
-36.411
-38.443
-21.522
-39.917
-40.84
-34.99
-13.864
-10.567
-29.253
-36.952
-35.319
-31.307
-43.721
-34.266
-33.347
-36.388
-32.294
-20.371
-29.241
-25.285
-39.247
-20.336
-27.301
-27.382
-37.373
-34.741
-34.44
-33.89
-33.89
-33.89
-33.89
-33.89
-33.89
-33.89
-33.89
-33.89
-33.89
-33.89
-33.89
-33.89
-33.89
-33.89
-33.89
-33.89
-33.89
-33.89
-33.89
-33.89
-33.89
-33.89
-33.89
-33.89
-33.89
-33.89
-33.89
-33.89
-33.89
-33.89
-33.89
-33.89
-33.89
-33.89
-33.89
-33.89
-33.89
-33.89
-33.89
-33.89
-33.89
-33.89
-33.89
-33.89
-33.89
-33.89
-33.89
-33.89
-33.89
-33.89
-33.89
-33.89
-33.89
-33.89
-33.89
-33.89
-33.89
-33.89
-33.89
-33.89
-33.89
