325.617
334.797
323.15
338.767
330.837
332.149
323.778
320.649
325.29
314.723
334.52
309.263
302.032
268.367
261.255
241.966
218.003
199.516
135.754
114.862
78.264
70.299
43.975
16.061
2.52301
-7.38901
2.453
-23.878
-29.888
-32.055
-25.259
-20.375
-16.437
-25.071
-19.007
-22.996
-24.304
-22.38
-20.506
-21.403
-18.845
-22.411
-27.443
-10.522
-23.917
-25.84
-36.99
-31.864
-23.567
-44.253
-19.952
-30.319
-33.307
-31.721
-39.266
-21.347
-36.388
-34.294
-33.371
-30.241
-29.285
-21.247
-38.336
-42.301
-31.382
-24.373
-42.741
-19.44
-23.89
-23.89
-23.89
-23.89
-23.89
-23.89
-23.89
-23.89
-23.89
-23.89
-23.89
-23.89
-23.89
-23.89
-23.89
-23.89
-23.89
-23.89
-23.89
-23.89
-23.89
-23.89
-23.89
-23.89
-23.89
-23.89
-23.89
-23.89
-23.89
-23.89
-23.89
-23.89
-23.89
-23.89
-23.89
-23.89
-23.89
-23.89
-23.89
-23.89
-23.89
-23.89
-23.89
-23.89
-23.89
-23.89
-23.89
-23.89
-23.89
-23.89
-23.89
-23.89
-23.89
-23.89
-23.89
-23.89
-23.89
-23.89
-23.89
-23.89
-23.89
-23.89
