340.617
333.797
334.15
319.767
326.837
344.149
336.778
318.649
310.29
327.723
321.52
306.263
298.032
277.367
257.255
247.966
216.003
199.516
148.754
120.862
93.264
68.299
33.975
19.061
8.52301
-1.38901
6.453
-2.87799
-26.888
-19.055
-28.259
-37.375
-42.437
-21.071
-32.007
-24.996
-31.304
-28.38
-30.506
-20.403
-15.845
-14.411
-12.443
-27.522
-38.917
-31.84
-17.99
-36.864
-28.567
-24.253
-29.952
-45.319
-33.307
-31.721
-23.266
-34.347
-29.388
-32.294
-23.371
-48.241
-44.285
-41.247
-23.336
-28.301
-38.382
-34.373
-44.741
-30.44
-47.89
-47.89
-47.89
-47.89
-47.89
-47.89
-47.89
-47.89
-47.89
-47.89
-47.89
-47.89
-47.89
-47.89
-47.89
-47.89
-47.89
-47.89
-47.89
-47.89
-47.89
-47.89
-47.89
-47.89
-47.89
-47.89
-47.89
-47.89
-47.89
-47.89
-47.89
-47.89
-47.89
-47.89
-47.89
-47.89
-47.89
-47.89
-47.89
-47.89
-47.89
-47.89
-47.89
-47.89
-47.89
-47.89
-47.89
-47.89
-47.89
-47.89
-47.89
-47.89
-47.89
-47.89
-47.89
-47.89
-47.89
-47.89
-47.89
-47.89
-47.89
-47.89
