337.617
334.797
326.15
328.767
327.837
330.149
321.778
320.649
325.29
315.723
319.52
294.263
296.032
269.367
253.255
240.966
207.003
186.516
147.754
99.862
82.264
63.299
35.975
14.061
-4.47699
-15.389
-4.547
-27.878
-26.888
-36.055
-29.259
-16.375
-21.437
-25.071
-35.007
-27.996
-25.304
-41.38
-34.506
-37.403
-31.845
-30.411
-34.443
-34.522
-23.917
-31.84
-36.99
-36.864
-27.567
-31.253
-36.952
-41.319
-36.307
-42.721
-34.266
-42.347
-38.388
-28.294
-33.371
-42.241
-46.285
-35.247
-36.336
-44.301
-42.382
-36.373
-45.741
-34.44
-47.89
-47.89
-47.89
-47.89
-47.89
-47.89
-47.89
-47.89
-47.89
-47.89
-47.89
-47.89
-47.89
-47.89
-47.89
-47.89
-47.89
-47.89
-47.89
-47.89
-47.89
-47.89
-47.89
-47.89
-47.89
-47.89
-47.89
-47.89
-47.89
-47.89
-47.89
-47.89
-47.89
-47.89
-47.89
-47.89
-47.89
-47.89
-47.89
-47.89
-47.89
-47.89
-47.89
-47.89
-47.89
-47.89
-47.89
-47.89
-47.89
-47.89
-47.89
-47.89
-47.89
-47.89
-47.89
-47.89
-47.89
-47.89
-47.89
-47.89
-47.89
-47.89
