332.617
322.797
327.15
329.767
337.837
331.149
323.778
330.649
319.29
315.723
322.52
302.263
295.032
276.367
257.255
228.966
208.003
186.516
152.754
101.862
87.264
59.299
37.975
25.061
-7.47699
2.61099
-8.547
-18.878
-18.888
-25.055
-32.259
-31.375
-17.437
-31.071
-38.007
-31.996
-26.304
-36.38
-26.506
-24.403
-33.845
-31.411
-29.443
-20.522
-37.917
-27.84
-24.99
-37.864
-34.567
-31.253
-39.952
-47.319
-19.307
-47.721
-40.266
-39.347
-31.388
-42.294
-34.371
-41.241
-31.285
-30.247
-31.336
-33.301
-38.382
-35.373
-30.741
-51.44
-36.89
-36.89
-36.89
-36.89
-36.89
-36.89
-36.89
-36.89
-36.89
-36.89
-36.89
-36.89
-36.89
-36.89
-36.89
-36.89
-36.89
-36.89
-36.89
-36.89
-36.89
-36.89
-36.89
-36.89
-36.89
-36.89
-36.89
-36.89
-36.89
-36.89
-36.89
-36.89
-36.89
-36.89
-36.89
-36.89
-36.89
-36.89
-36.89
-36.89
-36.89
-36.89
-36.89
-36.89
-36.89
-36.89
-36.89
-36.89
-36.89
-36.89
-36.89
-36.89
-36.89
-36.89
-36.89
-36.89
-36.89
-36.89
-36.89
-36.89
-36.89
-36.89
