329.617
320.797
320.15
315.767
317.837
325.149
321.778
316.649
314.29
310.723
310.52
298.263
291.032
263.367
254.255
224.966
204.003
179.516
136.754
100.862
78.264
51.299
27.975
7.061
-11.477
-18.389
-12.547
-23.878
-30.888
-30.055
-35.259
-34.375
-34.437
-32.071
-31.007
-30.996
-34.304
-35.38
-34.506
-39.403
-42.845
-35.411
-34.443
-33.522
-37.917
-36.84
-43.99
-37.864
-34.567
-41.253
-42.952
-46.319
-41.307
-49.721
-40.266
-42.347
-42.388
-40.294
-41.371
-45.241
-47.285
-47.247
-45.336
-45.301
-45.382
-40.373
-50.741
-42.44
-43.89
-43.89
-43.89
-43.89
-43.89
-43.89
-43.89
-43.89
-43.89
-43.89
-43.89
-43.89
-43.89
-43.89
-43.89
-43.89
-43.89
-43.89
-43.89
-43.89
-43.89
-43.89
-43.89
-43.89
-43.89
-43.89
-43.89
-43.89
-43.89
-43.89
-43.89
-43.89
-43.89
-43.89
-43.89
-43.89
-43.89
-43.89
-43.89
-43.89
-43.89
-43.89
-43.89
-43.89
-43.89
-43.89
-43.89
-43.89
-43.89
-43.89
-43.89
-43.89
-43.89
-43.89
-43.89
-43.89
-43.89
-43.89
-43.89
-43.89
-43.89
-43.89
