333.617
326.797
330.15
343.767
326.837
329.149
328.778
330.649
327.29
323.723
319.52
300.263
296.032
283.367
255.255
241.966
210.003
186.516
143.754
106.862
81.264
65.299
36.975
8.061
-4.47699
-7.38901
-8.547
-15.878
-33.888
-30.055
-26.259
-36.375
-29.437
-36.071
-20.007
-26.996
-35.304
-24.38
-23.506
-29.403
-24.845
-21.411
-38.443
-29.522
-37.917
-27.84
-28.99
-37.864
-24.567
-47.253
-22.952
-44.319
-30.307
-41.721
-35.266
-31.347
-41.388
-31.294
-34.371
-40.241
-40.285
-30.247
-36.336
-31.301
-25.382
-53.373
-41.741
-28.44
-37.89
-37.89
-37.89
-37.89
-37.89
-37.89
-37.89
-37.89
-37.89
-37.89
-37.89
-37.89
-37.89
-37.89
-37.89
-37.89
-37.89
-37.89
-37.89
-37.89
-37.89
-37.89
-37.89
-37.89
-37.89
-37.89
-37.89
-37.89
-37.89
-37.89
-37.89
-37.89
-37.89
-37.89
-37.89
-37.89
-37.89
-37.89
-37.89
-37.89
-37.89
-37.89
-37.89
-37.89
-37.89
-37.89
-37.89
-37.89
-37.89
-37.89
-37.89
-37.89
-37.89
-37.89
-37.89
-37.89
-37.89
-37.89
-37.89
-37.89
-37.89
-37.89
