331.617
319.797
326.15
333.767
332.837
324.149
318.778
327.649
313.29
318.723
313.52
298.263
292.032
267.367
259.255
225.966
210.003
182.516
149.754
104.862
84.264
56.299
32.975
17.061
-10.477
-1.38901
-12.547
-22.878
-25.888
-29.055
-35.259
-32.375
-26.437
-34.071
-40.007
-31.996
-28.304
-38.38
-34.506
-27.403
-34.845
-38.411
-36.443
-24.522
-41.917
-35.84
-26.99
-33.864
-38.567
-38.253
-41.952
-45.319
-27.307
-52.721
-43.266
-41.347
-35.388
-46.294
-37.371
-43.241
-33.285
-32.247
-38.336
-39.301
-36.382
-43.373
-40.741
-48.44
-40.89
-40.89
-40.89
-40.89
-40.89
-40.89
-40.89
-40.89
-40.89
-40.89
-40.89
-40.89
-40.89
-40.89
-40.89
-40.89
-40.89
-40.89
-40.89
-40.89
-40.89
-40.89
-40.89
-40.89
-40.89
-40.89
-40.89
-40.89
-40.89
-40.89
-40.89
-40.89
-40.89
-40.89
-40.89
-40.89
-40.89
-40.89
-40.89
-40.89
-40.89
-40.89
-40.89
-40.89
-40.89
-40.89
-40.89
-40.89
-40.89
-40.89
-40.89
-40.89
-40.89
-40.89
-40.89
-40.89
-40.89
-40.89
-40.89
-40.89
-40.89
-40.89
