340.617
315.797
330.15
335.767
325.837
334.149
320.778
325.649
338.29
316.723
330.52
307.263
292.032
279.367
267.255
231.966
207.003
191.516
134.754
109.862
84.264
60.299
31.975
14.061
-3.47699
-9.38901
-6.547
-10.878
-27.888
-28.055
-21.259
-34.375
-29.437
-29.071
-27.007
-18.996
-32.304
-23.38
-24.506
-26.403
-29.845
-26.411
-36.443
-35.522
-32.917
-43.84
-33.99
-37.864
-33.567
-37.253
-23.952
-30.319
-35.307
-46.721
-36.266
-47.347
-33.388
-46.294
-55.371
-36.241
-34.285
-33.247
-30.336
-30.301
-36.382
-30.373
-34.741
-35.44
-44.89
-44.89
-44.89
-44.89
-44.89
-44.89
-44.89
-44.89
-44.89
-44.89
-44.89
-44.89
-44.89
-44.89
-44.89
-44.89
-44.89
-44.89
-44.89
-44.89
-44.89
-44.89
-44.89
-44.89
-44.89
-44.89
-44.89
-44.89
-44.89
-44.89
-44.89
-44.89
-44.89
-44.89
-44.89
-44.89
-44.89
-44.89
-44.89
-44.89
-44.89
-44.89
-44.89
-44.89
-44.89
-44.89
-44.89
-44.89
-44.89
-44.89
-44.89
-44.89
-44.89
-44.89
-44.89
-44.89
-44.89
-44.89
-44.89
-44.89
-44.89
-44.89
