331.617
330.797
341.15
330.767
325.837
321.149
328.778
326.649
329.29
332.723
326.52
310.263
300.032
282.367
271.255
246.966
219.003
192.516
148.754
116.862
73.264
68.299
36.975
24.061
-0.47699
2.61099
-0.546997
-33.878
-22.888
-27.055
-22.259
-21.375
-31.437
-24.071
-29.007
-17.996
-23.304
-31.38
-20.506
-43.403
-37.845
-23.411
-19.443
-31.522
-41.917
-12.84
-35.99
-25.864
-19.567
-42.253
-25.952
-44.319
-39.307
-44.721
-22.266
-39.347
-21.388
-46.294
-43.371
-39.241
-37.285
-39.247
-28.336
-23.301
-51.382
-22.373
-43.741
-28.44
-11.89
-11.89
-11.89
-11.89
-11.89
-11.89
-11.89
-11.89
-11.89
-11.89
-11.89
-11.89
-11.89
-11.89
-11.89
-11.89
-11.89
-11.89
-11.89
-11.89
-11.89
-11.89
-11.89
-11.89
-11.89
-11.89
-11.89
-11.89
-11.89
-11.89
-11.89
-11.89
-11.89
-11.89
-11.89
-11.89
-11.89
-11.89
-11.89
-11.89
-11.89
-11.89
-11.89
-11.89
-11.89
-11.89
-11.89
-11.89
-11.89
-11.89
-11.89
-11.89
-11.89
-11.89
-11.89
-11.89
-11.89
-11.89
-11.89
-11.89
-11.89
-11.89
