335.617
332.797
324.15
319.767
320.837
329.149
324.778
315.649
318.29
319.723
319.52
301.263
304.032
263.367
264.255
222.966
207.003
181.516
128.754
102.862
73.264
62.299
37.975
16.061
-8.47699
-11.389
-12.547
-13.878
-21.888
-20.055
-18.259
-31.375
-32.437
-26.071
-30.007
-19.996
-27.304
-38.38
-24.506
-30.403
-36.845
-37.411
-38.443
-29.522
-36.917
-44.84
-36.99
-39.864
-38.567
-45.253
-47.952
-45.319
-46.307
-37.721
-46.266
-28.347
-43.388
-43.294
-43.371
-34.241
-37.285
-40.247
-40.336
-42.301
-39.382
-37.373
-38.741
-37.44
-35.89
-35.89
-35.89
-35.89
-35.89
-35.89
-35.89
-35.89
-35.89
-35.89
-35.89
-35.89
-35.89
-35.89
-35.89
-35.89
-35.89
-35.89
-35.89
-35.89
-35.89
-35.89
-35.89
-35.89
-35.89
-35.89
-35.89
-35.89
-35.89
-35.89
-35.89
-35.89
-35.89
-35.89
-35.89
-35.89
-35.89
-35.89
-35.89
-35.89
-35.89
-35.89
-35.89
-35.89
-35.89
-35.89
-35.89
-35.89
-35.89
-35.89
-35.89
-35.89
-35.89
-35.89
-35.89
-35.89
-35.89
-35.89
-35.89
-35.89
-35.89
-35.89
