326.617
318.797
323.15
321.767
324.837
329.149
323.778
322.649
322.29
311.723
318.52
294.263
287.032
274.367
254.255
235.966
212.003
179.516
139.754
96.862
83.264
59.299
32.975
16.061
-10.477
-15.389
-15.547
-23.878
-30.888
-24.055
-32.259
-43.375
-32.437
-35.071
-30.007
-24.996
-35.304
-28.38
-34.506
-37.403
-34.845
-29.411
-32.443
-32.522
-44.917
-35.84
-40.99
-39.864
-32.567
-36.253
-27.952
-43.319
-42.307
-37.721
-35.266
-44.347
-45.388
-50.294
-34.371
-39.241
-38.285
-45.247
-42.336
-47.301
-45.382
-38.373
-40.741
-44.44
-33.89
-33.89
-33.89
-33.89
-33.89
-33.89
-33.89
-33.89
-33.89
-33.89
-33.89
-33.89
-33.89
-33.89
-33.89
-33.89
-33.89
-33.89
-33.89
-33.89
-33.89
-33.89
-33.89
-33.89
-33.89
-33.89
-33.89
-33.89
-33.89
-33.89
-33.89
-33.89
-33.89
-33.89
-33.89
-33.89
-33.89
-33.89
-33.89
-33.89
-33.89
-33.89
-33.89
-33.89
-33.89
-33.89
-33.89
-33.89
-33.89
-33.89
-33.89
-33.89
-33.89
-33.89
-33.89
-33.89
-33.89
-33.89
-33.89
-33.89
-33.89
-33.89
