327.617
320.797
325.15
322.767
321.837
325.149
317.778
320.649
314.29
309.723
314.52
293.263
286.032
269.367
254.255
230.966
197.003
172.516
131.754
102.862
72.264
55.299
30.975
7.061
-12.477
-14.389
-18.547
-27.878
-29.888
-37.055
-34.259
-33.375
-38.437
-37.071
-35.007
-35.996
-35.304
-35.38
-35.506
-35.403
-37.845
-34.411
-39.443
-38.522
-41.917
-37.84
-42.99
-36.864
-33.567
-46.253
-38.952
-42.319
-40.307
-43.721
-41.266
-40.347
-42.388
-42.294
-40.371
-41.241
-47.285
-45.247
-40.336
-42.301
-40.382
-47.373
-44.741
-47.44
-41.89
-41.89
-41.89
-41.89
-41.89
-41.89
-41.89
-41.89
-41.89
-41.89
-41.89
-41.89
-41.89
-41.89
-41.89
-41.89
-41.89
-41.89
-41.89
-41.89
-41.89
-41.89
-41.89
-41.89
-41.89
-41.89
-41.89
-41.89
-41.89
-41.89
-41.89
-41.89
-41.89
-41.89
-41.89
-41.89
-41.89
-41.89
-41.89
-41.89
-41.89
-41.89
-41.89
-41.89
-41.89
-41.89
-41.89
-41.89
-41.89
-41.89
-41.89
-41.89
-41.89
-41.89
-41.89
-41.89
-41.89
-41.89
-41.89
-41.89
-41.89
-41.89
