328.617
328.797
324.15
314.767
313.837
326.149
341.778
332.649
323.29
331.723
311.52
297.263
317.032
264.367
259.255
236.966
218.003
185.516
143.754
118.862
98.264
78.299
41.975
21.061
-10.477
-15.389
-1.547
-6.87799
-16.888
-32.055
-13.259
-18.375
-29.437
-13.071
-23.007
-21.996
-32.304
-32.38
-29.506
-37.403
-24.845
-27.411
-10.443
-20.522
-19.917
-13.84
-25.99
-32.864
-40.567
-14.253
-36.952
-29.319
-34.307
-29.721
-36.266
-28.347
-38.388
-25.294
-36.371
-31.241
-22.285
-28.247
-18.336
-33.301
-20.382
-35.373
-37.741
-40.44
-38.89
-38.89
-38.89
-38.89
-38.89
-38.89
-38.89
-38.89
-38.89
-38.89
-38.89
-38.89
-38.89
-38.89
-38.89
-38.89
-38.89
-38.89
-38.89
-38.89
-38.89
-38.89
-38.89
-38.89
-38.89
-38.89
-38.89
-38.89
-38.89
-38.89
-38.89
-38.89
-38.89
-38.89
-38.89
-38.89
-38.89
-38.89
-38.89
-38.89
-38.89
-38.89
-38.89
-38.89
-38.89
-38.89
-38.89
-38.89
-38.89
-38.89
-38.89
-38.89
-38.89
-38.89
-38.89
-38.89
-38.89
-38.89
-38.89
-38.89
-38.89
-38.89
