324.617
322.797
321.15
322.767
320.837
321.149
316.778
317.649
314.29
308.723
310.52
293.263
284.032
263.367
255.255
229.966
197.003
179.516
130.754
95.862
73.264
51.299
30.975
10.061
-11.477
-18.389
-14.547
-24.878
-35.888
-36.055
-34.259
-38.375
-33.437
-35.071
-30.007
-35.996
-40.304
-39.38
-33.506
-39.403
-41.845
-33.411
-40.443
-33.522
-42.917
-41.84
-42.99
-38.864
-40.567
-45.253
-36.952
-42.319
-42.307
-48.721
-42.266
-42.347
-46.388
-40.294
-47.371
-41.241
-42.285
-45.247
-47.336
-47.301
-42.382
-40.373
-43.741
-40.44
-36.89
-36.89
-36.89
-36.89
-36.89
-36.89
-36.89
-36.89
-36.89
-36.89
-36.89
-36.89
-36.89
-36.89
-36.89
-36.89
-36.89
-36.89
-36.89
-36.89
-36.89
-36.89
-36.89
-36.89
-36.89
-36.89
-36.89
-36.89
-36.89
-36.89
-36.89
-36.89
-36.89
-36.89
-36.89
-36.89
-36.89
-36.89
-36.89
-36.89
-36.89
-36.89
-36.89
-36.89
-36.89
-36.89
-36.89
-36.89
-36.89
-36.89
-36.89
-36.89
-36.89
-36.89
-36.89
-36.89
-36.89
-36.89
-36.89
-36.89
-36.89
-36.89
