343.617
336.797
327.15
325.767
337.837
327.149
326.778
326.649
325.29
319.723
321.52
299.263
297.032
268.367
252.255
249.966
213.003
196.516
148.754
101.862
81.264
72.299
38.975
17.061
-1.47699
-7.38901
-1.547
-26.878
-22.888
-36.055
-20.259
-18.375
-18.437
-17.071
-27.007
-26.996
-17.304
-43.38
-32.506
-34.403
-27.845
-20.411
-32.443
-27.522
-14.917
-35.84
-30.99
-40.864
-24.567
-25.253
-34.952
-44.319
-29.307
-35.721
-29.266
-37.347
-30.388
-19.294
-29.371
-34.241
-42.285
-32.247
-34.336
-43.301
-43.382
-34.373
-47.741
-28.44
-46.89
-46.89
-46.89
-46.89
-46.89
-46.89
-46.89
-46.89
-46.89
-46.89
-46.89
-46.89
-46.89
-46.89
-46.89
-46.89
-46.89
-46.89
-46.89
-46.89
-46.89
-46.89
-46.89
-46.89
-46.89
-46.89
-46.89
-46.89
-46.89
-46.89
-46.89
-46.89
-46.89
-46.89
-46.89
-46.89
-46.89
-46.89
-46.89
-46.89
-46.89
-46.89
-46.89
-46.89
-46.89
-46.89
-46.89
-46.89
-46.89
-46.89
-46.89
-46.89
-46.89
-46.89
-46.89
-46.89
-46.89
-46.89
-46.89
-46.89
-46.89
-46.89
