328.617
316.797
323.15
327.767
311.837
330.149
324.778
324.649
326.29
319.723
302.52
298.263
294.032
265.367
257.255
229.966
201.003
176.516
152.754
95.862
86.264
54.299
31.975
20.061
-1.47699
-15.389
-1.547
-23.878
-33.888
-29.055
-24.259
-32.375
-35.437
-25.071
-36.007
-35.996
-21.304
-33.38
-33.506
-30.403
-24.845
-25.411
-27.443
-32.522
-35.917
-31.84
-37.99
-44.864
-30.567
-41.253
-31.952
-34.319
-34.307
-34.721
-50.266
-31.347
-39.388
-42.294
-34.371
-41.241
-35.285
-35.247
-38.336
-27.301
-34.382
-38.373
-50.741
-34.44
-30.89
-30.89
-30.89
-30.89
-30.89
-30.89
-30.89
-30.89
-30.89
-30.89
-30.89
-30.89
-30.89
-30.89
-30.89
-30.89
-30.89
-30.89
-30.89
-30.89
-30.89
-30.89
-30.89
-30.89
-30.89
-30.89
-30.89
-30.89
-30.89
-30.89
-30.89
-30.89
-30.89
-30.89
-30.89
-30.89
-30.89
-30.89
-30.89
-30.89
-30.89
-30.89
-30.89
-30.89
-30.89
-30.89
-30.89
-30.89
-30.89
-30.89
-30.89
-30.89
-30.89
-30.89
-30.89
-30.89
-30.89
-30.89
-30.89
-30.89
-30.89
-30.89
