331.617
327.797
345.15
335.767
339.837
331.149
337.778
325.649
322.29
312.723
318.52
300.263
291.032
269.367
262.255
236.966
207.003
185.516
148.754
100.862
89.264
47.299
51.975
26.061
13.523
-6.38901
-10.547
-19.878
-23.888
-26.055
-26.259
-17.375
-21.437
-18.071
-27.007
-23.996
-24.304
-18.38
-23.506
-49.403
-32.845
-31.411
-35.443
-17.522
-36.917
-35.84
-31.99
-10.864
-10.567
-30.253
-37.952
-35.319
-26.307
-39.721
-30.266
-35.347
-32.388
-28.294
-16.371
-24.241
-22.285
-36.247
-22.336
-27.301
-24.382
-39.373
-30.741
-34.44
-33.89
-33.89
-33.89
-33.89
-33.89
-33.89
-33.89
-33.89
-33.89
-33.89
-33.89
-33.89
-33.89
-33.89
-33.89
-33.89
-33.89
-33.89
-33.89
-33.89
-33.89
-33.89
-33.89
-33.89
-33.89
-33.89
-33.89
-33.89
-33.89
-33.89
-33.89
-33.89
-33.89
-33.89
-33.89
-33.89
-33.89
-33.89
-33.89
-33.89
-33.89
-33.89
-33.89
-33.89
-33.89
-33.89
-33.89
-33.89
-33.89
-33.89
-33.89
-33.89
-33.89
-33.89
-33.89
-33.89
-33.89
-33.89
-33.89
-33.89
-33.89
-33.89
