322.617
325.797
319.15
327.767
321.837
316.149
317.778
315.649
321.29
307.723
320.52
295.263
295.032
268.367
260.255
233.966
200.003
190.516
131.754
101.862
73.264
59.299
30.975
17.061
1.52301
-17.389
-10.547
-21.878
-38.888
-30.055
-28.259
-28.375
-25.437
-33.071
-26.007
-27.996
-40.304
-33.38
-25.506
-35.403
-34.845
-30.411
-37.443
-21.522
-29.917
-35.84
-48.99
-34.864
-26.567
-46.253
-28.952
-37.319
-35.307
-43.721
-45.266
-36.347
-33.388
-39.294
-41.371
-36.241
-36.285
-39.247
-38.336
-45.301
-45.382
-38.373
-47.741
-30.44
-34.89
-34.89
-34.89
-34.89
-34.89
-34.89
-34.89
-34.89
-34.89
-34.89
-34.89
-34.89
-34.89
-34.89
-34.89
-34.89
-34.89
-34.89
-34.89
-34.89
-34.89
-34.89
-34.89
-34.89
-34.89
-34.89
-34.89
-34.89
-34.89
-34.89
-34.89
-34.89
-34.89
-34.89
-34.89
-34.89
-34.89
-34.89
-34.89
-34.89
-34.89
-34.89
-34.89
-34.89
-34.89
-34.89
-34.89
-34.89
-34.89
-34.89
-34.89
-34.89
-34.89
-34.89
-34.89
-34.89
-34.89
-34.89
-34.89
-34.89
-34.89
-34.89
