331.617
321.797
323.15
329.767
329.837
326.149
318.778
322.649
314.29
314.723
314.52
293.263
289.032
269.367
254.255
226.966
206.003
177.516
146.754
99.862
81.264
58.299
29.975
12.061
-9.47699
-6.38901
-16.547
-26.878
-29.888
-29.055
-35.259
-36.375
-30.437
-33.071
-39.007
-31.996
-32.304
-37.38
-37.506
-27.403
-38.845
-38.411
-40.443
-29.522
-44.917
-38.84
-26.99
-38.864
-36.567
-42.253
-39.952
-44.319
-32.307
-50.721
-43.266
-44.347
-33.388
-46.294
-42.371
-47.241
-36.285
-37.247
-37.336
-44.301
-40.382
-43.373
-43.741
-48.44
-38.89
-38.89
-38.89
-38.89
-38.89
-38.89
-38.89
-38.89
-38.89
-38.89
-38.89
-38.89
-38.89
-38.89
-38.89
-38.89
-38.89
-38.89
-38.89
-38.89
-38.89
-38.89
-38.89
-38.89
-38.89
-38.89
-38.89
-38.89
-38.89
-38.89
-38.89
-38.89
-38.89
-38.89
-38.89
-38.89
-38.89
-38.89
-38.89
-38.89
-38.89
-38.89
-38.89
-38.89
-38.89
-38.89
-38.89
-38.89
-38.89
-38.89
-38.89
-38.89
-38.89
-38.89
-38.89
-38.89
-38.89
-38.89
-38.89
-38.89
-38.89
-38.89
