330.617
326.797
332.15
339.767
328.837
326.149
324.778
325.649
323.29
319.723
320.52
297.263
297.032
280.367
251.255
238.966
205.003
186.516
143.754
101.862
77.264
62.299
32.975
9.061
-2.47699
-10.389
-7.547
-19.878
-33.888
-30.055
-29.259
-34.375
-32.437
-36.071
-24.007
-26.996
-35.304
-28.38
-26.506
-28.403
-27.845
-25.411
-41.443
-27.522
-41.917
-30.84
-31.99
-35.864
-28.567
-52.253
-26.952
-43.319
-29.307
-39.721
-34.266
-31.347
-40.388
-36.294
-33.371
-39.241
-44.285
-33.247
-36.336
-29.301
-30.382
-51.373
-44.741
-32.44
-37.89
-37.89
-37.89
-37.89
-37.89
-37.89
-37.89
-37.89
-37.89
-37.89
-37.89
-37.89
-37.89
-37.89
-37.89
-37.89
-37.89
-37.89
-37.89
-37.89
-37.89
-37.89
-37.89
-37.89
-37.89
-37.89
-37.89
-37.89
-37.89
-37.89
-37.89
-37.89
-37.89
-37.89
-37.89
-37.89
-37.89
-37.89
-37.89
-37.89
-37.89
-37.89
-37.89
-37.89
-37.89
-37.89
-37.89
-37.89
-37.89
-37.89
-37.89
-37.89
-37.89
-37.89
-37.89
-37.89
-37.89
-37.89
-37.89
-37.89
-37.89
-37.89
