320.617
324.797
326.15
320.767
318.837
330.149
321.778
320.649
316.29
307.723
321.52
297.263
298.032
272.367
253.255
236.966
204.003
180.516
135.754
98.862
80.264
52.299
30.975
20.061
-0.47699
-11.389
-17.547
-25.878
-35.888
-29.055
-27.259
-37.375
-28.437
-29.071
-23.007
-33.996
-35.304
-37.38
-38.506
-31.403
-34.845
-28.411
-32.443
-29.522
-40.917
-34.84
-38.99
-28.864
-42.567
-45.253
-38.952
-43.319
-43.307
-39.721
-46.266
-35.347
-45.388
-49.294
-46.371
-47.241
-40.285
-33.247
-46.336
-37.301
-41.382
-43.373
-36.741
-37.44
-38.89
-38.89
-38.89
-38.89
-38.89
-38.89
-38.89
-38.89
-38.89
-38.89
-38.89
-38.89
-38.89
-38.89
-38.89
-38.89
-38.89
-38.89
-38.89
-38.89
-38.89
-38.89
-38.89
-38.89
-38.89
-38.89
-38.89
-38.89
-38.89
-38.89
-38.89
-38.89
-38.89
-38.89
-38.89
-38.89
-38.89
-38.89
-38.89
-38.89
-38.89
-38.89
-38.89
-38.89
-38.89
-38.89
-38.89
-38.89
-38.89
-38.89
-38.89
-38.89
-38.89
-38.89
-38.89
-38.89
-38.89
-38.89
-38.89
-38.89
-38.89
-38.89
