328.617
317.797
324.15
321.767
316.837
319.149
316.778
316.649
318.29
315.723
308.52
297.263
285.032
270.367
250.255
225.966
197.003
179.516
136.754
101.862
78.264
52.299
26.975
5.061
-10.477
-18.389
-12.547
-22.878
-35.888
-35.055
-35.259
-38.375
-34.437
-35.071
-37.007
-36.996
-38.304
-34.38
-34.506
-39.403
-42.845
-40.411
-40.443
-35.522
-38.917
-43.84
-37.99
-41.864
-33.567
-46.253
-42.952
-46.319
-45.307
-45.721
-47.266
-47.347
-47.388
-42.294
-42.371
-40.241
-41.285
-47.247
-45.336
-40.301
-47.382
-45.373
-50.741
-47.44
-38.89
-38.89
-38.89
-38.89
-38.89
-38.89
-38.89
-38.89
-38.89
-38.89
-38.89
-38.89
-38.89
-38.89
-38.89
-38.89
-38.89
-38.89
-38.89
-38.89
-38.89
-38.89
-38.89
-38.89
-38.89
-38.89
-38.89
-38.89
-38.89
-38.89
-38.89
-38.89
-38.89
-38.89
-38.89
-38.89
-38.89
-38.89
-38.89
-38.89
-38.89
-38.89
-38.89
-38.89
-38.89
-38.89
-38.89
-38.89
-38.89
-38.89
-38.89
-38.89
-38.89
-38.89
-38.89
-38.89
-38.89
-38.89
-38.89
-38.89
-38.89
-38.89
