348.617
322.797
334.15
327.767
324.837
324.149
331.778
323.649
328.29
324.723
325.52
303.263
294.032
289.367
269.255
242.966
221.003
194.516
142.754
112.862
90.264
62.299
27.975
25.061
-1.47699
-10.389
1.453
-15.878
-14.888
-24.055
-17.259
-17.375
-32.437
-27.071
-17.007
-27.996
-15.304
-25.38
-22.506
-15.403
-24.845
-20.411
-12.443
-28.522
-26.917
-15.84
-16.99
-37.864
-33.567
-25.253
-26.952
-33.319
-27.307
-38.721
-37.266
-35.347
-28.388
-20.294
-28.371
-31.241
-24.285
-20.247
-30.336
-44.301
-32.382
-35.373
-33.741
-35.44
-30.89
-30.89
-30.89
-30.89
-30.89
-30.89
-30.89
-30.89
-30.89
-30.89
-30.89
-30.89
-30.89
-30.89
-30.89
-30.89
-30.89
-30.89
-30.89
-30.89
-30.89
-30.89
-30.89
-30.89
-30.89
-30.89
-30.89
-30.89
-30.89
-30.89
-30.89
-30.89
-30.89
-30.89
-30.89
-30.89
-30.89
-30.89
-30.89
-30.89
-30.89
-30.89
-30.89
-30.89
-30.89
-30.89
-30.89
-30.89
-30.89
-30.89
-30.89
-30.89
-30.89
-30.89
-30.89
-30.89
-30.89
-30.89
-30.89
-30.89
-30.89
-30.89
