327.617
326.797
325.15
318.767
325.837
329.149
320.778
316.649
313.29
313.723
315.52
295.263
290.032
265.367
254.255
227.966
206.003
184.516
136.754
105.862
74.264
62.299
28.975
14.061
-7.47699
-12.389
-11.547
-19.878
-32.888
-32.055
-36.259
-36.375
-35.437
-31.071
-33.007
-32.996
-41.304
-32.38
-42.506
-33.403
-34.845
-35.411
-35.443
-28.522
-43.917
-38.84
-32.99
-45.864
-40.567
-37.253
-32.952
-48.319
-41.307
-49.721
-42.266
-47.347
-44.388
-42.294
-39.371
-49.241
-48.285
-47.247
-38.336
-36.301
-42.382
-44.373
-40.741
-38.44
-39.89
-39.89
-39.89
-39.89
-39.89
-39.89
-39.89
-39.89
-39.89
-39.89
-39.89
-39.89
-39.89
-39.89
-39.89
-39.89
-39.89
-39.89
-39.89
-39.89
-39.89
-39.89
-39.89
-39.89
-39.89
-39.89
-39.89
-39.89
-39.89
-39.89
-39.89
-39.89
-39.89
-39.89
-39.89
-39.89
-39.89
-39.89
-39.89
-39.89
-39.89
-39.89
-39.89
-39.89
-39.89
-39.89
-39.89
-39.89
-39.89
-39.89
-39.89
-39.89
-39.89
-39.89
-39.89
-39.89
-39.89
-39.89
-39.89
-39.89
-39.89
-39.89
