325.617
333.797
316.15
330.767
328.837
324.149
326.778
322.649
319.29
306.723
329.52
303.263
293.032
273.367
258.255
243.966
208.003
196.516
138.754
108.862
81.264
61.299
38.975
14.061
3.52301
-7.38901
-3.547
-25.878
-36.888
-33.055
-26.259
-20.375
-22.437
-27.071
-24.007
-23.996
-36.304
-29.38
-22.506
-25.403
-31.845
-23.411
-30.443
-12.522
-28.917
-32.84
-45.99
-38.864
-23.567
-48.253
-26.952
-32.319
-36.307
-38.721
-40.266
-28.347
-30.388
-36.294
-45.371
-31.241
-33.285
-30.247
-37.336
-42.301
-36.382
-30.373
-44.741
-27.44
-30.89
-30.89
-30.89
-30.89
-30.89
-30.89
-30.89
-30.89
-30.89
-30.89
-30.89
-30.89
-30.89
-30.89
-30.89
-30.89
-30.89
-30.89
-30.89
-30.89
-30.89
-30.89
-30.89
-30.89
-30.89
-30.89
-30.89
-30.89
-30.89
-30.89
-30.89
-30.89
-30.89
-30.89
-30.89
-30.89
-30.89
-30.89
-30.89
-30.89
-30.89
-30.89
-30.89
-30.89
-30.89
-30.89
-30.89
-30.89
-30.89
-30.89
-30.89
-30.89
-30.89
-30.89
-30.89
-30.89
-30.89
-30.89
-30.89
-30.89
-30.89
-30.89
