341.617
334.797
341.15
334.767
320.837
339.149
333.778
319.649
335.29
331.723
336.52
313.263
308.032
278.367
275.255
239.966
213.003
183.516
139.754
109.862
87.264
58.299
36.975
30.061
5.52301
-0.389008
-9.547
-7.87799
-7.888
-18.055
-13.259
-22.375
-25.437
-29.071
-6.00699
1.004
-22.304
-18.38
-20.506
-14.403
-32.845
-32.411
-32.443
-11.522
-40.917
-34.84
-19.99
-36.864
-40.567
-48.253
-40.952
-45.319
-37.307
-28.721
-39.266
-24.347
-34.388
-35.294
-36.371
-23.241
-37.285
-20.247
-32.336
-36.301
-39.382
-26.373
-27.741
-26.44
-32.89
-32.89
-32.89
-32.89
-32.89
-32.89
-32.89
-32.89
-32.89
-32.89
-32.89
-32.89
-32.89
-32.89
-32.89
-32.89
-32.89
-32.89
-32.89
-32.89
-32.89
-32.89
-32.89
-32.89
-32.89
-32.89
-32.89
-32.89
-32.89
-32.89
-32.89
-32.89
-32.89
-32.89
-32.89
-32.89
-32.89
-32.89
-32.89
-32.89
-32.89
-32.89
-32.89
-32.89
-32.89
-32.89
-32.89
-32.89
-32.89
-32.89
-32.89
-32.89
-32.89
-32.89
-32.89
-32.89
-32.89
-32.89
-32.89
-32.89
-32.89
-32.89
