325.617
329.797
320.15
328.767
320.837
322.149
338.778
326.649
318.29
324.723
314.52
317.263
292.032
281.367
254.255
232.966
217.003
189.516
140.754
107.862
85.264
50.299
32.975
28.061
17.523
-12.389
-8.547
-11.878
-30.888
-22.055
-26.259
-32.375
-38.437
-37.071
-20.007
-16.996
-30.304
-26.38
-29.506
-24.403
-20.845
-35.411
-17.443
-35.522
-32.917
-29.84
-32.99
-35.864
-25.567
-51.253
-33.952
-38.319
-27.307
-49.721
-33.266
-29.347
-34.388
-28.294
-39.371
-30.241
-49.285
-39.247
-47.336
-27.301
-36.382
-39.373
-52.741
-37.44
-44.89
-44.89
-44.89
-44.89
-44.89
-44.89
-44.89
-44.89
-44.89
-44.89
-44.89
-44.89
-44.89
-44.89
-44.89
-44.89
-44.89
-44.89
-44.89
-44.89
-44.89
-44.89
-44.89
-44.89
-44.89
-44.89
-44.89
-44.89
-44.89
-44.89
-44.89
-44.89
-44.89
-44.89
-44.89
-44.89
-44.89
-44.89
-44.89
-44.89
-44.89
-44.89
-44.89
-44.89
-44.89
-44.89
-44.89
-44.89
-44.89
-44.89
-44.89
-44.89
-44.89
-44.89
-44.89
-44.89
-44.89
-44.89
-44.89
-44.89
-44.89
-44.89
