322.617
322.797
321.15
317.767
322.837
320.149
320.778
320.649
319.29
315.723
309.52
293.263
290.032
265.367
250.255
231.966
203.003
178.516
137.754
101.862
77.264
55.299
30.975
12.061
-7.47699
-13.389
-13.547
-27.878
-29.888
-36.055
-34.259
-34.375
-34.437
-31.071
-31.007
-30.996
-38.304
-35.38
-39.506
-40.403
-38.845
-35.411
-33.443
-40.522
-37.917
-43.84
-43.99
-42.864
-35.567
-41.253
-42.952
-45.319
-45.307
-43.721
-45.266
-45.347
-47.388
-46.294
-40.371
-42.241
-41.285
-40.247
-42.336
-45.301
-47.382
-40.373
-44.741
-47.44
-37.89
-37.89
-37.89
-37.89
-37.89
-37.89
-37.89
-37.89
-37.89
-37.89
-37.89
-37.89
-37.89
-37.89
-37.89
-37.89
-37.89
-37.89
-37.89
-37.89
-37.89
-37.89
-37.89
-37.89
-37.89
-37.89
-37.89
-37.89
-37.89
-37.89
-37.89
-37.89
-37.89
-37.89
-37.89
-37.89
-37.89
-37.89
-37.89
-37.89
-37.89
-37.89
-37.89
-37.89
-37.89
-37.89
-37.89
-37.89
-37.89
-37.89
-37.89
-37.89
-37.89
-37.89
-37.89
-37.89
-37.89
-37.89
-37.89
-37.89
-37.89
-37.89
