330.617
321.797
321.15
314.767
316.837
327.149
333.778
323.649
316.29
316.723
307.52
305.263
286.032
272.367
252.255
228.966
213.003
185.516
138.754
104.862
78.264
49.299
29.975
20.061
5.52301
-15.389
-9.547
-19.878
-26.888
-26.055
-27.259
-37.375
-45.437
-31.071
-19.007
-17.996
-27.304
-28.38
-39.506
-25.403
-32.845
-37.411
-29.443
-36.522
-41.917
-35.84
-40.99
-36.864
-33.567
-51.253
-41.952
-43.319
-38.307
-46.721
-41.266
-31.347
-37.388
-29.294
-40.371
-32.241
-46.285
-49.247
-43.336
-33.301
-39.382
-38.373
-54.741
-35.44
-44.89
-44.89
-44.89
-44.89
-44.89
-44.89
-44.89
-44.89
-44.89
-44.89
-44.89
-44.89
-44.89
-44.89
-44.89
-44.89
-44.89
-44.89
-44.89
-44.89
-44.89
-44.89
-44.89
-44.89
-44.89
-44.89
-44.89
-44.89
-44.89
-44.89
-44.89
-44.89
-44.89
-44.89
-44.89
-44.89
-44.89
-44.89
-44.89
-44.89
-44.89
-44.89
-44.89
-44.89
-44.89
-44.89
-44.89
-44.89
-44.89
-44.89
-44.89
-44.89
-44.89
-44.89
-44.89
-44.89
-44.89
-44.89
-44.89
-44.89
-44.89
-44.89
