332.617
314.797
331.15
333.767
325.837
327.149
312.778
324.649
318.29
322.723
305.52
301.263
293.032
272.367
252.255
224.966
203.003
173.516
141.754
111.862
87.264
54.299
35.975
5.061
-2.47699
-10.389
-0.546997
-19.878
-28.888
-26.055
-37.259
-26.375
-27.437
-28.071
-26.007
-38.996
-32.304
-32.38
-23.506
-37.403
-34.845
-34.411
-34.443
-28.522
-43.917
-40.84
-36.99
-38.864
-32.567
-45.253
-36.952
-46.319
-41.307
-43.721
-50.266
-41.347
-40.388
-45.294
-37.371
-38.241
-33.285
-36.247
-45.336
-34.301
-39.382
-38.373
-50.741
-44.44
-27.89
-27.89
-27.89
-27.89
-27.89
-27.89
-27.89
-27.89
-27.89
-27.89
-27.89
-27.89
-27.89
-27.89
-27.89
-27.89
-27.89
-27.89
-27.89
-27.89
-27.89
-27.89
-27.89
-27.89
-27.89
-27.89
-27.89
-27.89
-27.89
-27.89
-27.89
-27.89
-27.89
-27.89
-27.89
-27.89
-27.89
-27.89
-27.89
-27.89
-27.89
-27.89
-27.89
-27.89
-27.89
-27.89
-27.89
-27.89
-27.89
-27.89
-27.89
-27.89
-27.89
-27.89
-27.89
-27.89
-27.89
-27.89
-27.89
-27.89
-27.89
-27.89
