329.617
314.797
327.15
329.767
321.837
322.149
314.778
319.649
320.29
317.723
307.52
301.263
289.032
274.367
253.255
221.966
198.003
175.516
137.754
111.862
84.264
49.299
30.975
6.061
-7.47699
-13.389
-4.547
-23.878
-33.888
-30.055
-37.259
-29.375
-27.437
-33.071
-31.007
-37.996
-30.304
-31.38
-27.506
-36.403
-34.845
-32.411
-37.443
-32.522
-41.917
-43.84
-40.99
-42.864
-35.567
-43.253
-39.952
-44.319
-40.307
-47.721
-50.266
-39.347
-45.388
-44.294
-42.371
-38.241
-38.285
-39.247
-49.336
-37.301
-43.382
-43.373
-54.741
-44.44
-30.89
-30.89
-30.89
-30.89
-30.89
-30.89
-30.89
-30.89
-30.89
-30.89
-30.89
-30.89
-30.89
-30.89
-30.89
-30.89
-30.89
-30.89
-30.89
-30.89
-30.89
-30.89
-30.89
-30.89
-30.89
-30.89
-30.89
-30.89
-30.89
-30.89
-30.89
-30.89
-30.89
-30.89
-30.89
-30.89
-30.89
-30.89
-30.89
-30.89
-30.89
-30.89
-30.89
-30.89
-30.89
-30.89
-30.89
-30.89
-30.89
-30.89
-30.89
-30.89
-30.89
-30.89
-30.89
-30.89
-30.89
-30.89
-30.89
-30.89
-30.89
-30.89
