331.617
316.797
325.15
326.767
313.837
329.149
321.778
326.649
335.29
321.723
307.52
303.263
297.032
264.367
253.255
239.966
202.003
173.516
156.754
97.862
89.264
55.299
35.975
23.061
0.52301
-9.38901
-3.547
-26.878
-23.888
-28.055
-27.259
-34.375
-28.437
-24.071
-27.007
-37.996
-24.304
-31.38
-24.506
-32.403
-16.845
-28.411
-19.443
-24.522
-33.917
-29.84
-30.99
-39.864
-26.567
-37.253
-33.952
-36.319
-25.307
-37.721
-43.266
-23.347
-41.388
-46.294
-26.371
-37.241
-34.285
-26.247
-33.336
-20.301
-29.382
-37.373
-47.741
-31.44
-33.89
-33.89
-33.89
-33.89
-33.89
-33.89
-33.89
-33.89
-33.89
-33.89
-33.89
-33.89
-33.89
-33.89
-33.89
-33.89
-33.89
-33.89
-33.89
-33.89
-33.89
-33.89
-33.89
-33.89
-33.89
-33.89
-33.89
-33.89
-33.89
-33.89
-33.89
-33.89
-33.89
-33.89
-33.89
-33.89
-33.89
-33.89
-33.89
-33.89
-33.89
-33.89
-33.89
-33.89
-33.89
-33.89
-33.89
-33.89
-33.89
-33.89
-33.89
-33.89
-33.89
-33.89
-33.89
-33.89
-33.89
-33.89
-33.89
-33.89
-33.89
-33.89
