329.617
329.797
345.15
334.767
325.837
321.149
332.778
329.649
333.29
331.723
325.52
308.263
304.032
286.367
271.255
246.966
218.003
190.516
146.754
119.862
71.264
68.299
36.975
27.061
-0.47699
1.61099
2.453
-28.878
-22.888
-27.055
-24.259
-18.375
-32.437
-21.071
-30.007
-12.996
-25.304
-28.38
-17.506
-44.403
-33.845
-25.411
-20.443
-26.522
-42.917
-13.84
-35.99
-25.864
-15.567
-43.253
-21.952
-46.319
-34.307
-46.721
-23.266
-39.347
-21.388
-47.294
-40.371
-35.241
-32.285
-39.247
-29.336
-23.301
-47.382
-18.373
-38.741
-25.44
-12.89
-12.89
-12.89
-12.89
-12.89
-12.89
-12.89
-12.89
-12.89
-12.89
-12.89
-12.89
-12.89
-12.89
-12.89
-12.89
-12.89
-12.89
-12.89
-12.89
-12.89
-12.89
-12.89
-12.89
-12.89
-12.89
-12.89
-12.89
-12.89
-12.89
-12.89
-12.89
-12.89
-12.89
-12.89
-12.89
-12.89
-12.89
-12.89
-12.89
-12.89
-12.89
-12.89
-12.89
-12.89
-12.89
-12.89
-12.89
-12.89
-12.89
-12.89
-12.89
-12.89
-12.89
-12.89
-12.89
-12.89
-12.89
-12.89
-12.89
-12.89
-12.89
