332.617
326.797
332.15
317.767
330.837
330.149
313.778
323.649
315.29
324.723
329.52
303.263
298.032
268.367
265.255
236.966
204.003
181.516
139.754
104.862
83.264
63.299
43.975
12.061
-2.47699
-9.38901
-8.547
-14.878
-20.888
-27.055
-17.259
-22.375
-26.437
-21.071
-22.007
-14.996
-23.304
-27.38
-30.506
-27.403
-33.845
-37.411
-33.443
-20.522
-30.917
-29.84
-23.99
-28.864
-31.567
-28.253
-21.952
-25.319
-32.307
-47.721
-34.266
-35.347
-17.388
-21.294
-40.371
-36.241
-31.285
-37.247
-30.336
-40.301
-35.382
-43.373
-35.741
-33.44
-28.89
-28.89
-28.89
-28.89
-28.89
-28.89
-28.89
-28.89
-28.89
-28.89
-28.89
-28.89
-28.89
-28.89
-28.89
-28.89
-28.89
-28.89
-28.89
-28.89
-28.89
-28.89
-28.89
-28.89
-28.89
-28.89
-28.89
-28.89
-28.89
-28.89
-28.89
-28.89
-28.89
-28.89
-28.89
-28.89
-28.89
-28.89
-28.89
-28.89
-28.89
-28.89
-28.89
-28.89
-28.89
-28.89
-28.89
-28.89
-28.89
-28.89
-28.89
-28.89
-28.89
-28.89
-28.89
-28.89
-28.89
-28.89
-28.89
-28.89
-28.89
-28.89
