322.617
320.797
319.15
317.767
315.837
324.149
316.778
316.649
312.29
308.723
313.52
292.263
291.032
268.367
254.255
230.966
202.003
177.516
131.754
100.862
76.264
50.299
27.975
12.061
-6.47699
-19.389
-13.547
-29.878
-34.888
-32.055
-35.259
-33.375
-33.437
-31.071
-30.007
-35.996
-38.304
-35.38
-34.506
-33.403
-37.845
-35.411
-40.443
-33.522
-42.917
-43.84
-36.99
-36.864
-40.567
-47.253
-36.952
-41.319
-47.307
-43.721
-42.266
-40.347
-42.388
-46.294
-42.371
-46.241
-41.285
-42.247
-45.336
-41.301
-46.382
-45.373
-45.741
-40.44
-41.89
-41.89
-41.89
-41.89
-41.89
-41.89
-41.89
-41.89
-41.89
-41.89
-41.89
-41.89
-41.89
-41.89
-41.89
-41.89
-41.89
-41.89
-41.89
-41.89
-41.89
-41.89
-41.89
-41.89
-41.89
-41.89
-41.89
-41.89
-41.89
-41.89
-41.89
-41.89
-41.89
-41.89
-41.89
-41.89
-41.89
-41.89
-41.89
-41.89
-41.89
-41.89
-41.89
-41.89
-41.89
-41.89
-41.89
-41.89
-41.89
-41.89
-41.89
-41.89
-41.89
-41.89
-41.89
-41.89
-41.89
-41.89
-41.89
-41.89
-41.89
-41.89
