335.617
331.797
335.15
315.767
329.837
330.149
311.778
328.649
314.29
329.723
334.52
302.263
298.032
273.367
263.255
236.966
208.003
186.516
137.754
104.862
82.264
66.299
42.975
16.061
-3.47699
-6.38901
-8.547
-9.87799
-20.888
-27.055
-13.259
-24.375
-21.437
-18.071
-22.007
-15.996
-24.304
-27.38
-27.506
-29.403
-29.845
-38.411
-30.443
-21.522
-26.917
-26.84
-19.99
-23.864
-27.567
-24.253
-23.952
-27.319
-29.307
-44.721
-29.266
-32.347
-12.388
-16.294
-40.371
-31.241
-26.285
-34.247
-25.336
-36.301
-30.382
-44.373
-31.741
-35.44
-23.89
-23.89
-23.89
-23.89
-23.89
-23.89
-23.89
-23.89
-23.89
-23.89
-23.89
-23.89
-23.89
-23.89
-23.89
-23.89
-23.89
-23.89
-23.89
-23.89
-23.89
-23.89
-23.89
-23.89
-23.89
-23.89
-23.89
-23.89
-23.89
-23.89
-23.89
-23.89
-23.89
-23.89
-23.89
-23.89
-23.89
-23.89
-23.89
-23.89
-23.89
-23.89
-23.89
-23.89
-23.89
-23.89
-23.89
-23.89
-23.89
-23.89
-23.89
-23.89
-23.89
-23.89
-23.89
-23.89
-23.89
-23.89
-23.89
-23.89
-23.89
-23.89
