325.617
318.797
322.15
318.767
313.837
328.149
322.778
320.649
325.29
311.723
305.52
295.263
285.032
261.367
254.255
226.966
202.003
175.516
144.754
93.862
77.264
51.299
29.975
16.061
-4.47699
-21.389
-5.547
-21.878
-31.888
-33.055
-29.259
-30.375
-43.437
-27.071
-34.007
-40.996
-28.304
-36.38
-36.506
-31.403
-33.845
-32.411
-32.443
-34.522
-33.917
-33.84
-42.99
-45.864
-37.567
-44.253
-38.952
-35.319
-40.307
-34.721
-47.266
-37.347
-42.388
-43.294
-30.371
-46.241
-40.285
-39.247
-39.336
-31.301
-34.382
-38.373
-53.741
-39.44
-33.89
-33.89
-33.89
-33.89
-33.89
-33.89
-33.89
-33.89
-33.89
-33.89
-33.89
-33.89
-33.89
-33.89
-33.89
-33.89
-33.89
-33.89
-33.89
-33.89
-33.89
-33.89
-33.89
-33.89
-33.89
-33.89
-33.89
-33.89
-33.89
-33.89
-33.89
-33.89
-33.89
-33.89
-33.89
-33.89
-33.89
-33.89
-33.89
-33.89
-33.89
-33.89
-33.89
-33.89
-33.89
-33.89
-33.89
-33.89
-33.89
-33.89
-33.89
-33.89
-33.89
-33.89
-33.89
-33.89
-33.89
-33.89
-33.89
-33.89
-33.89
-33.89
