339.617
320.797
328.15
334.767
323.837
338.149
325.778
329.649
337.29
316.723
334.52
307.263
292.032
277.367
265.255
235.966
205.003
194.516
133.754
109.862
83.264
60.299
29.975
17.061
-5.47699
-4.38901
-7.547
-5.87799
-22.888
-24.055
-17.259
-34.375
-26.437
-26.071
-27.007
-13.996
-32.304
-20.38
-19.506
-22.403
-25.845
-27.411
-37.443
-31.522
-27.917
-38.84
-29.99
-38.864
-30.567
-38.253
-19.952
-27.319
-32.307
-48.721
-37.266
-47.347
-34.388
-48.294
-51.371
-33.241
-29.285
-28.247
-26.336
-26.301
-31.382
-26.373
-30.741
-31.44
-39.89
-39.89
-39.89
-39.89
-39.89
-39.89
-39.89
-39.89
-39.89
-39.89
-39.89
-39.89
-39.89
-39.89
-39.89
-39.89
-39.89
-39.89
-39.89
-39.89
-39.89
-39.89
-39.89
-39.89
-39.89
-39.89
-39.89
-39.89
-39.89
-39.89
-39.89
-39.89
-39.89
-39.89
-39.89
-39.89
-39.89
-39.89
-39.89
-39.89
-39.89
-39.89
-39.89
-39.89
-39.89
-39.89
-39.89
-39.89
-39.89
-39.89
-39.89
-39.89
-39.89
-39.89
-39.89
-39.89
-39.89
-39.89
-39.89
-39.89
-39.89
-39.89
