331.617
324.797
330.15
319.767
325.837
325.149
325.778
326.649
322.29
309.723
311.52
291.263
283.032
273.367
252.255
228.966
195.003
182.516
136.754
106.862
71.264
55.299
30.975
8.061
-6.47699
-13.389
-15.547
-19.878
-31.888
-34.055
-37.259
-39.375
-41.437
-34.071
-30.007
-28.996
-39.304
-35.38
-35.506
-42.403
-38.845
-32.411
-34.443
-39.522
-43.917
-32.84
-44.99
-44.864
-30.567
-38.253
-38.952
-46.319
-39.307
-44.721
-36.266
-41.347
-45.388
-43.294
-43.371
-46.241
-42.285
-49.247
-41.336
-36.301
-42.382
-45.373
-39.741
-36.44
-41.89
-41.89
-41.89
-41.89
-41.89
-41.89
-41.89
-41.89
-41.89
-41.89
-41.89
-41.89
-41.89
-41.89
-41.89
-41.89
-41.89
-41.89
-41.89
-41.89
-41.89
-41.89
-41.89
-41.89
-41.89
-41.89
-41.89
-41.89
-41.89
-41.89
-41.89
-41.89
-41.89
-41.89
-41.89
-41.89
-41.89
-41.89
-41.89
-41.89
-41.89
-41.89
-41.89
-41.89
-41.89
-41.89
-41.89
-41.89
-41.89
-41.89
-41.89
-41.89
-41.89
-41.89
-41.89
-41.89
-41.89
-41.89
-41.89
-41.89
-41.89
-41.89
