350.617
327.797
346.15
327.767
341.837
327.149
329.778
333.649
326.29
318.723
310.52
304.263
304.032
277.367
267.255
234.966
205.003
191.516
143.754
121.862
77.264
65.299
43.975
13.061
9.52301
-6.38901
-9.547
5.12201
-19.888
-16.055
-29.259
-25.375
-39.437
-26.071
-15.007
-27.996
-39.304
-32.38
-24.506
-38.403
-33.845
-32.411
-33.443
-31.522
-34.917
-32.84
-42.99
-42.864
-11.567
-22.253
-37.952
-46.319
-36.307
-51.721
-23.266
-39.347
-38.388
-29.294
-33.371
-32.241
-40.285
-46.247
-22.336
-37.301
-26.382
-33.373
-32.741
-27.44
-38.89
-38.89
-38.89
-38.89
-38.89
-38.89
-38.89
-38.89
-38.89
-38.89
-38.89
-38.89
-38.89
-38.89
-38.89
-38.89
-38.89
-38.89
-38.89
-38.89
-38.89
-38.89
-38.89
-38.89
-38.89
-38.89
-38.89
-38.89
-38.89
-38.89
-38.89
-38.89
-38.89
-38.89
-38.89
-38.89
-38.89
-38.89
-38.89
-38.89
-38.89
-38.89
-38.89
-38.89
-38.89
-38.89
-38.89
-38.89
-38.89
-38.89
-38.89
-38.89
-38.89
-38.89
-38.89
-38.89
-38.89
-38.89
-38.89
-38.89
-38.89
-38.89
