335.617
329.797
338.15
318.767
332.837
328.149
311.778
332.649
319.29
328.723
332.52
306.263
301.032
277.367
261.255
235.966
206.003
186.516
140.754
108.862
87.264
64.299
45.975
19.061
-5.47699
-3.38901
-9.547
-10.878
-20.888
-22.055
-15.259
-20.375
-21.437
-15.071
-17.007
-17.996
-20.304
-28.38
-27.506
-31.403
-24.845
-35.411
-32.443
-23.522
-28.917
-28.84
-20.99
-23.864
-27.567
-20.253
-19.952
-28.319
-31.307
-46.721
-30.266
-32.347
-13.388
-11.294
-36.371
-28.241
-22.285
-36.247
-25.336
-37.301
-31.382
-39.373
-26.741
-32.44
-24.89
-24.89
-24.89
-24.89
-24.89
-24.89
-24.89
-24.89
-24.89
-24.89
-24.89
-24.89
-24.89
-24.89
-24.89
-24.89
-24.89
-24.89
-24.89
-24.89
-24.89
-24.89
-24.89
-24.89
-24.89
-24.89
-24.89
-24.89
-24.89
-24.89
-24.89
-24.89
-24.89
-24.89
-24.89
-24.89
-24.89
-24.89
-24.89
-24.89
-24.89
-24.89
-24.89
-24.89
-24.89
-24.89
-24.89
-24.89
-24.89
-24.89
-24.89
-24.89
-24.89
-24.89
-24.89
-24.89
-24.89
-24.89
-24.89
-24.89
-24.89
-24.89
