347.617
325.797
340.15
321.767
341.837
330.149
330.778
326.649
329.29
310.723
306.52
295.263
299.032
274.367
264.255
228.966
203.003
190.516
141.754
112.862
77.264
56.299
44.975
11.061
8.52301
-2.38901
-12.547
-3.87799
-21.888
-23.055
-28.259
-29.375
-41.437
-33.071
-20.007
-26.996
-44.304
-34.38
-27.506
-42.403
-36.845
-30.411
-37.443
-30.522
-41.917
-31.84
-41.99
-40.864
-19.567
-25.253
-39.952
-44.319
-37.307
-48.721
-25.266
-43.347
-41.388
-38.294
-32.371
-34.241
-45.285
-47.247
-30.336
-35.301
-34.382
-40.373
-33.741
-28.44
-40.89
-40.89
-40.89
-40.89
-40.89
-40.89
-40.89
-40.89
-40.89
-40.89
-40.89
-40.89
-40.89
-40.89
-40.89
-40.89
-40.89
-40.89
-40.89
-40.89
-40.89
-40.89
-40.89
-40.89
-40.89
-40.89
-40.89
-40.89
-40.89
-40.89
-40.89
-40.89
-40.89
-40.89
-40.89
-40.89
-40.89
-40.89
-40.89
-40.89
-40.89
-40.89
-40.89
-40.89
-40.89
-40.89
-40.89
-40.89
-40.89
-40.89
-40.89
-40.89
-40.89
-40.89
-40.89
-40.89
-40.89
-40.89
-40.89
-40.89
-40.89
-40.89
