338.617
334.797
342.15
343.767
330.837
349.149
338.778
321.649
327.29
325.723
336.52
305.263
315.032
279.367
259.255
248.966
214.003
193.516
141.754
101.862
86.264
63.299
40.975
30.061
21.523
-4.38901
-7.547
-13.878
-21.888
-27.055
-18.259
-21.375
-18.437
-16.071
-6.00699
-24.996
-33.304
-30.38
-17.506
-16.403
-37.845
-10.411
-34.443
-21.522
-21.917
-19.84
-38.99
-20.864
-29.567
-43.253
-34.952
-23.319
-30.307
-43.721
-27.266
-25.347
-18.388
-32.294
-38.371
-44.241
-27.285
-30.247
-33.336
-21.301
-32.382
-29.373
-29.741
-24.44
-31.89
-31.89
-31.89
-31.89
-31.89
-31.89
-31.89
-31.89
-31.89
-31.89
-31.89
-31.89
-31.89
-31.89
-31.89
-31.89
-31.89
-31.89
-31.89
-31.89
-31.89
-31.89
-31.89
-31.89
-31.89
-31.89
-31.89
-31.89
-31.89
-31.89
-31.89
-31.89
-31.89
-31.89
-31.89
-31.89
-31.89
-31.89
-31.89
-31.89
-31.89
-31.89
-31.89
-31.89
-31.89
-31.89
-31.89
-31.89
-31.89
-31.89
-31.89
-31.89
-31.89
-31.89
-31.89
-31.89
-31.89
-31.89
-31.89
-31.89
-31.89
-31.89
