331.617
318.797
329.15
327.767
326.837
338.149
322.778
325.649
326.29
324.723
312.52
288.263
295.032
273.367
256.255
239.966
212.003
184.516
150.754
111.862
86.264
58.299
40.975
26.061
1.52301
-2.38901
-7.547
-4.87799
-16.888
-21.055
-21.259
-21.375
-20.437
-26.071
-8.00699
-16.996
-38.304
-26.38
-38.506
-29.403
-20.845
-36.411
-23.443
-41.522
-36.917
-29.84
-40.99
-38.864
-33.567
-33.253
-40.952
-43.319
-36.307
-35.721
-47.266
-35.347
-38.388
-36.294
-25.371
-33.241
-38.285
-45.247
-38.336
-33.301
-54.382
-28.373
-28.741
-29.44
-34.89
-34.89
-34.89
-34.89
-34.89
-34.89
-34.89
-34.89
-34.89
-34.89
-34.89
-34.89
-34.89
-34.89
-34.89
-34.89
-34.89
-34.89
-34.89
-34.89
-34.89
-34.89
-34.89
-34.89
-34.89
-34.89
-34.89
-34.89
-34.89
-34.89
-34.89
-34.89
-34.89
-34.89
-34.89
-34.89
-34.89
-34.89
-34.89
-34.89
-34.89
-34.89
-34.89
-34.89
-34.89
-34.89
-34.89
-34.89
-34.89
-34.89
-34.89
-34.89
-34.89
-34.89
-34.89
-34.89
-34.89
-34.89
-34.89
-34.89
-34.89
-34.89
