330.617
334.797
321.15
341.767
334.837
332.149
323.778
320.649
323.29
312.723
338.52
313.263
306.032
271.367
265.255
244.966
217.003
202.516
133.754
119.862
78.264
70.299
43.975
16.061
1.52301
-8.38901
1.453
-25.878
-29.888
-29.055
-20.259
-22.375
-13.437
-25.071
-16.007
-19.996
-26.304
-18.38
-21.506
-23.403
-18.845
-17.411
-27.443
-6.522
-19.917
-21.84
-36.99
-26.864
-25.567
-40.253
-14.952
-27.319
-33.307
-32.721
-40.266
-18.347
-37.388
-31.294
-30.371
-25.241
-25.285
-18.247
-39.336
-42.301
-31.382
-25.373
-39.741
-14.44
-24.89
-24.89
-24.89
-24.89
-24.89
-24.89
-24.89
-24.89
-24.89
-24.89
-24.89
-24.89
-24.89
-24.89
-24.89
-24.89
-24.89
-24.89
-24.89
-24.89
-24.89
-24.89
-24.89
-24.89
-24.89
-24.89
-24.89
-24.89
-24.89
-24.89
-24.89
-24.89
-24.89
-24.89
-24.89
-24.89
-24.89
-24.89
-24.89
-24.89
-24.89
-24.89
-24.89
-24.89
-24.89
-24.89
-24.89
-24.89
-24.89
-24.89
-24.89
-24.89
-24.89
-24.89
-24.89
-24.89
-24.89
-24.89
-24.89
-24.89
-24.89
-24.89
