336.617
327.797
327.15
328.767
337.837
335.149
323.778
333.649
318.29
314.723
327.52
306.263
299.032
274.367
257.255
232.966
212.003
189.516
151.754
101.862
85.264
58.299
40.975
29.061
-2.47699
2.61099
-10.547
-15.878
-13.888
-27.055
-32.259
-28.375
-19.437
-28.071
-39.007
-28.996
-26.304
-31.38
-28.506
-26.403
-34.845
-33.411
-24.443
-20.522
-37.917
-24.84
-25.99
-38.864
-35.567
-28.253
-40.952
-43.319
-21.307
-48.721
-35.266
-41.347
-26.388
-44.294
-35.371
-37.241
-27.285
-27.247
-26.336
-30.301
-38.382
-31.373
-32.741
-47.44
-36.89
-36.89
-36.89
-36.89
-36.89
-36.89
-36.89
-36.89
-36.89
-36.89
-36.89
-36.89
-36.89
-36.89
-36.89
-36.89
-36.89
-36.89
-36.89
-36.89
-36.89
-36.89
-36.89
-36.89
-36.89
-36.89
-36.89
-36.89
-36.89
-36.89
-36.89
-36.89
-36.89
-36.89
-36.89
-36.89
-36.89
-36.89
-36.89
-36.89
-36.89
-36.89
-36.89
-36.89
-36.89
-36.89
-36.89
-36.89
-36.89
-36.89
-36.89
-36.89
-36.89
-36.89
-36.89
-36.89
-36.89
-36.89
-36.89
-36.89
-36.89
-36.89
