340.617
326.797
332.15
319.767
333.837
328.149
332.778
330.649
322.29
307.723
308.52
292.263
290.032
276.367
254.255
231.966
200.003
192.516
140.754
107.862
74.264
53.299
38.975
11.061
-1.47699
-6.38901
-16.547
-12.878
-23.888
-26.055
-36.259
-36.375
-44.437
-36.071
-22.007
-31.996
-41.304
-32.38
-35.506
-39.403
-39.845
-27.411
-35.443
-32.522
-39.917
-34.84
-40.99
-39.864
-28.567
-32.253
-41.952
-45.319
-34.307
-46.721
-27.266
-40.347
-44.388
-45.294
-40.371
-43.241
-44.285
-50.247
-33.336
-33.301
-38.382
-41.373
-36.741
-36.44
-45.89
-45.89
-45.89
-45.89
-45.89
-45.89
-45.89
-45.89
-45.89
-45.89
-45.89
-45.89
-45.89
-45.89
-45.89
-45.89
-45.89
-45.89
-45.89
-45.89
-45.89
-45.89
-45.89
-45.89
-45.89
-45.89
-45.89
-45.89
-45.89
-45.89
-45.89
-45.89
-45.89
-45.89
-45.89
-45.89
-45.89
-45.89
-45.89
-45.89
-45.89
-45.89
-45.89
-45.89
-45.89
-45.89
-45.89
-45.89
-45.89
-45.89
-45.89
-45.89
-45.89
-45.89
-45.89
-45.89
-45.89
-45.89
-45.89
-45.89
-45.89
-45.89
