322.617
321.797
324.15
316.767
327.837
320.149
319.778
323.649
322.29
319.723
308.52
297.263
295.032
263.367
249.255
231.966
203.003
177.516
142.754
104.862
81.264
54.299
35.975
17.061
-2.47699
-9.38901
-15.547
-22.878
-30.888
-31.055
-31.259
-30.375
-36.437
-26.071
-27.007
-32.996
-39.304
-32.38
-34.506
-37.403
-34.845
-35.411
-28.443
-40.522
-34.917
-44.84
-44.99
-44.864
-36.567
-43.253
-42.952
-45.319
-46.307
-44.721
-45.266
-47.347
-48.388
-42.294
-36.371
-38.241
-42.285
-41.247
-44.336
-47.301
-49.382
-36.373
-46.741
-43.44
-37.89
-37.89
-37.89
-37.89
-37.89
-37.89
-37.89
-37.89
-37.89
-37.89
-37.89
-37.89
-37.89
-37.89
-37.89
-37.89
-37.89
-37.89
-37.89
-37.89
-37.89
-37.89
-37.89
-37.89
-37.89
-37.89
-37.89
-37.89
-37.89
-37.89
-37.89
-37.89
-37.89
-37.89
-37.89
-37.89
-37.89
-37.89
-37.89
-37.89
-37.89
-37.89
-37.89
-37.89
-37.89
-37.89
-37.89
-37.89
-37.89
-37.89
-37.89
-37.89
-37.89
-37.89
-37.89
-37.89
-37.89
-37.89
-37.89
-37.89
-37.89
-37.89
