347.617
344.797
335.15
323.767
341.837
333.149
332.778
323.649
327.29
322.723
319.52
302.263
293.032
265.367
255.255
248.966
223.003
202.516
157.754
103.862
82.264
76.299
42.975
18.061
-0.47699
-6.38901
6.453
-28.878
-13.888
-30.055
-17.259
-20.375
-13.437
-14.071
-23.007
-29.996
-19.304
-35.38
-31.506
-27.403
-27.845
-17.411
-33.443
-24.522
-14.917
-38.84
-25.99
-40.864
-21.567
-27.253
-34.952
-43.319
-30.307
-33.721
-30.266
-34.347
-26.388
-14.294
-25.371
-25.241
-40.285
-30.247
-29.336
-38.301
-44.382
-36.373
-45.741
-24.44
-44.89
-44.89
-44.89
-44.89
-44.89
-44.89
-44.89
-44.89
-44.89
-44.89
-44.89
-44.89
-44.89
-44.89
-44.89
-44.89
-44.89
-44.89
-44.89
-44.89
-44.89
-44.89
-44.89
-44.89
-44.89
-44.89
-44.89
-44.89
-44.89
-44.89
-44.89
-44.89
-44.89
-44.89
-44.89
-44.89
-44.89
-44.89
-44.89
-44.89
-44.89
-44.89
-44.89
-44.89
-44.89
-44.89
-44.89
-44.89
-44.89
-44.89
-44.89
-44.89
-44.89
-44.89
-44.89
-44.89
-44.89
-44.89
-44.89
-44.89
-44.89
-44.89
