337.617
327.797
321.15
320.767
321.837
326.149
325.778
317.649
320.29
316.723
316.52
297.263
299.032
264.367
259.255
222.966
203.003
181.516
130.754
103.862
69.264
59.299
33.975
13.061
-8.47699
-10.389
-10.547
-16.878
-25.888
-25.055
-23.259
-31.375
-36.437
-31.071
-33.007
-22.996
-30.304
-38.38
-27.506
-35.403
-39.845
-37.411
-36.443
-32.522
-36.917
-42.84
-36.99
-39.864
-42.567
-45.253
-47.952
-43.319
-45.307
-40.721
-49.266
-31.347
-43.388
-42.294
-41.371
-38.241
-40.285
-43.247
-39.336
-46.301
-39.382
-40.373
-41.741
-42.44
-35.89
-35.89
-35.89
-35.89
-35.89
-35.89
-35.89
-35.89
-35.89
-35.89
-35.89
-35.89
-35.89
-35.89
-35.89
-35.89
-35.89
-35.89
-35.89
-35.89
-35.89
-35.89
-35.89
-35.89
-35.89
-35.89
-35.89
-35.89
-35.89
-35.89
-35.89
-35.89
-35.89
-35.89
-35.89
-35.89
-35.89
-35.89
-35.89
-35.89
-35.89
-35.89
-35.89
-35.89
-35.89
-35.89
-35.89
-35.89
-35.89
-35.89
-35.89
-35.89
-35.89
-35.89
-35.89
-35.89
-35.89
-35.89
-35.89
-35.89
-35.89
-35.89
