338.617
337.797
336.15
324.767
325.837
346.149
344.778
314.649
320.29
335.723
322.52
304.263
296.032
281.367
259.255
254.966
213.003
205.516
155.754
120.862
97.264
71.299
32.975
29.061
13.523
3.61099
16.453
-4.87799
-18.888
-15.055
-32.259
-34.375
-33.437
-19.071
-29.007
-20.996
-22.304
-30.38
-22.506
-21.403
-9.845
-10.411
-12.443
-23.522
-28.917
-34.84
-12.99
-27.864
-20.567
-21.253
-31.952
-36.319
-29.307
-34.721
-15.266
-25.347
-23.388
-22.294
-21.371
-49.241
-45.285
-37.247
-20.336
-24.301
-42.382
-31.373
-46.741
-27.44
-49.89
-49.89
-49.89
-49.89
-49.89
-49.89
-49.89
-49.89
-49.89
-49.89
-49.89
-49.89
-49.89
-49.89
-49.89
-49.89
-49.89
-49.89
-49.89
-49.89
-49.89
-49.89
-49.89
-49.89
-49.89
-49.89
-49.89
-49.89
-49.89
-49.89
-49.89
-49.89
-49.89
-49.89
-49.89
-49.89
-49.89
-49.89
-49.89
-49.89
-49.89
-49.89
-49.89
-49.89
-49.89
-49.89
-49.89
-49.89
-49.89
-49.89
-49.89
-49.89
-49.89
-49.89
-49.89
-49.89
-49.89
-49.89
-49.89
-49.89
-49.89
-49.89
