326.617
324.797
318.15
320.767
318.837
323.149
315.778
326.649
321.29
309.723
311.52
290.263
282.032
264.367
253.255
226.966
208.003
181.516
129.754
95.862
74.264
56.299
34.975
13.061
-14.477
-15.389
-18.547
-27.878
-31.888
-31.055
-37.259
-42.375
-33.437
-38.071
-33.007
-32.996
-35.304
-34.38
-35.506
-40.403
-41.845
-30.411
-29.443
-36.522
-33.917
-33.84
-36.99
-33.864
-33.567
-43.253
-37.952
-47.319
-42.307
-40.721
-41.266
-47.347
-43.388
-42.294
-42.371
-47.241
-44.285
-40.247
-40.336
-41.301
-48.382
-41.373
-51.741
-38.44
-40.89
-40.89
-40.89
-40.89
-40.89
-40.89
-40.89
-40.89
-40.89
-40.89
-40.89
-40.89
-40.89
-40.89
-40.89
-40.89
-40.89
-40.89
-40.89
-40.89
-40.89
-40.89
-40.89
-40.89
-40.89
-40.89
-40.89
-40.89
-40.89
-40.89
-40.89
-40.89
-40.89
-40.89
-40.89
-40.89
-40.89
-40.89
-40.89
-40.89
-40.89
-40.89
-40.89
-40.89
-40.89
-40.89
-40.89
-40.89
-40.89
-40.89
-40.89
-40.89
-40.89
-40.89
-40.89
-40.89
-40.89
-40.89
-40.89
-40.89
-40.89
-40.89
