331.617
316.797
329.15
331.767
324.837
343.149
322.778
324.649
331.29
322.723
315.52
288.263
293.032
276.367
260.255
238.966
217.003
189.516
154.754
110.862
85.264
62.299
44.975
30.061
6.52301
-2.38901
-8.547
-4.87799
-13.888
-17.055
-21.259
-22.375
-17.437
-22.071
-3.00699
-17.996
-33.304
-28.38
-40.506
-26.403
-21.845
-36.411
-23.443
-36.522
-37.917
-26.84
-40.99
-39.864
-35.567
-35.253
-37.952
-44.319
-32.307
-36.721
-47.266
-37.347
-35.388
-31.294
-22.371
-30.241
-38.285
-41.247
-34.336
-28.301
-56.382
-29.373
-23.741
-29.44
-36.89
-36.89
-36.89
-36.89
-36.89
-36.89
-36.89
-36.89
-36.89
-36.89
-36.89
-36.89
-36.89
-36.89
-36.89
-36.89
-36.89
-36.89
-36.89
-36.89
-36.89
-36.89
-36.89
-36.89
-36.89
-36.89
-36.89
-36.89
-36.89
-36.89
-36.89
-36.89
-36.89
-36.89
-36.89
-36.89
-36.89
-36.89
-36.89
-36.89
-36.89
-36.89
-36.89
-36.89
-36.89
-36.89
-36.89
-36.89
-36.89
-36.89
-36.89
-36.89
-36.89
-36.89
-36.89
-36.89
-36.89
-36.89
-36.89
-36.89
-36.89
-36.89
