338.617
328.797
323.15
324.767
335.837
338.149
325.778
333.649
317.29
318.723
336.52
316.263
300.032
277.367
255.255
229.966
218.003
188.516
148.754
98.862
93.264
61.299
45.975
33.061
1.52301
5.61099
-4.547
-15.878
-15.888
-19.055
-28.259
-24.375
-13.437
-25.071
-40.007
-25.996
-27.304
-29.38
-24.506
-22.403
-36.845
-35.411
-19.443
-17.522
-39.917
-26.84
-18.99
-35.864
-31.567
-30.253
-36.952
-34.319
-17.307
-49.721
-37.266
-40.347
-25.388
-36.294
-31.371
-34.241
-30.285
-30.247
-22.336
-27.301
-29.382
-28.373
-33.741
-42.44
-33.89
-33.89
-33.89
-33.89
-33.89
-33.89
-33.89
-33.89
-33.89
-33.89
-33.89
-33.89
-33.89
-33.89
-33.89
-33.89
-33.89
-33.89
-33.89
-33.89
-33.89
-33.89
-33.89
-33.89
-33.89
-33.89
-33.89
-33.89
-33.89
-33.89
-33.89
-33.89
-33.89
-33.89
-33.89
-33.89
-33.89
-33.89
-33.89
-33.89
-33.89
-33.89
-33.89
-33.89
-33.89
-33.89
-33.89
-33.89
-33.89
-33.89
-33.89
-33.89
-33.89
-33.89
-33.89
-33.89
-33.89
-33.89
-33.89
-33.89
-33.89
-33.89
