344.617
324.797
336.15
327.767
325.837
324.149
328.778
319.649
329.29
321.723
325.52
304.263
291.032
289.367
266.255
238.966
218.003
194.516
138.754
113.862
90.264
62.299
23.975
20.061
-0.47699
-10.389
3.453
-19.878
-18.888
-22.055
-17.259
-21.375
-35.437
-32.071
-15.007
-25.996
-18.304
-24.38
-25.506
-14.403
-28.845
-20.411
-12.443
-32.522
-24.917
-20.84
-20.99
-42.864
-31.567
-28.253
-26.952
-38.319
-30.307
-43.721
-42.266
-40.347
-28.388
-18.294
-26.371
-34.241
-27.285
-24.247
-29.336
-42.301
-36.382
-34.373
-36.741
-40.44
-28.89
-28.89
-28.89
-28.89
-28.89
-28.89
-28.89
-28.89
-28.89
-28.89
-28.89
-28.89
-28.89
-28.89
-28.89
-28.89
-28.89
-28.89
-28.89
-28.89
-28.89
-28.89
-28.89
-28.89
-28.89
-28.89
-28.89
-28.89
-28.89
-28.89
-28.89
-28.89
-28.89
-28.89
-28.89
-28.89
-28.89
-28.89
-28.89
-28.89
-28.89
-28.89
-28.89
-28.89
-28.89
-28.89
-28.89
-28.89
-28.89
-28.89
-28.89
-28.89
-28.89
-28.89
-28.89
-28.89
-28.89
-28.89
-28.89
-28.89
-28.89
-28.89
