339.617
330.797
333.15
327.767
320.837
333.149
332.778
318.649
327.29
328.723
327.52
304.263
307.032
272.367
273.255
226.966
209.003
188.516
133.754
107.862
80.264
60.299
34.975
19.061
-3.47699
-12.389
-15.547
-10.878
-14.888
-16.055
-15.259
-26.375
-30.437
-28.071
-20.007
-9.996
-24.304
-30.38
-24.506
-22.403
-37.845
-35.411
-35.443
-23.522
-38.917
-41.84
-33.99
-35.864
-35.567
-43.253
-48.952
-47.319
-38.307
-35.721
-47.266
-24.347
-35.388
-40.294
-41.371
-32.241
-37.285
-31.247
-40.336
-38.301
-41.382
-35.373
-34.741
-34.44
-34.89
-34.89
-34.89
-34.89
-34.89
-34.89
-34.89
-34.89
-34.89
-34.89
-34.89
-34.89
-34.89
-34.89
-34.89
-34.89
-34.89
-34.89
-34.89
-34.89
-34.89
-34.89
-34.89
-34.89
-34.89
-34.89
-34.89
-34.89
-34.89
-34.89
-34.89
-34.89
-34.89
-34.89
-34.89
-34.89
-34.89
-34.89
-34.89
-34.89
-34.89
-34.89
-34.89
-34.89
-34.89
-34.89
-34.89
-34.89
-34.89
-34.89
-34.89
-34.89
-34.89
-34.89
-34.89
-34.89
-34.89
-34.89
-34.89
-34.89
-34.89
-34.89
