331.617
323.797
328.15
328.767
322.837
321.149
317.778
314.649
324.29
312.723
314.52
296.263
293.032
274.367
254.255
229.966
206.003
189.516
140.754
98.862
78.264
51.299
24.975
8.061
-9.47699
-14.389
-8.547
-29.878
-25.888
-33.055
-31.259
-33.375
-42.437
-40.071
-32.007
-34.996
-26.304
-32.38
-31.506
-26.403
-40.845
-30.411
-24.443
-42.522
-33.917
-28.84
-29.99
-45.864
-39.567
-38.253
-29.952
-49.319
-43.307
-51.721
-44.266
-48.347
-35.388
-32.294
-38.371
-38.241
-38.285
-34.247
-37.336
-44.301
-44.382
-45.373
-39.741
-45.44
-38.89
-38.89
-38.89
-38.89
-38.89
-38.89
-38.89
-38.89
-38.89
-38.89
-38.89
-38.89
-38.89
-38.89
-38.89
-38.89
-38.89
-38.89
-38.89
-38.89
-38.89
-38.89
-38.89
-38.89
-38.89
-38.89
-38.89
-38.89
-38.89
-38.89
-38.89
-38.89
-38.89
-38.89
-38.89
-38.89
-38.89
-38.89
-38.89
-38.89
-38.89
-38.89
-38.89
-38.89
-38.89
-38.89
-38.89
-38.89
-38.89
-38.89
-38.89
-38.89
-38.89
-38.89
-38.89
-38.89
-38.89
-38.89
-38.89
-38.89
-38.89
-38.89
