327.617
317.797
319.15
316.767
317.837
319.149
315.778
315.649
317.29
308.723
313.52
293.263
289.032
265.367
254.255
225.966
198.003
174.516
131.754
102.862
72.264
52.299
31.975
11.061
-11.477
-14.389
-12.547
-22.878
-29.888
-31.055
-33.259
-38.375
-38.437
-32.071
-37.007
-30.996
-40.304
-40.38
-33.506
-39.403
-41.845
-35.411
-35.443
-35.522
-42.917
-43.84
-38.99
-43.864
-38.567
-42.253
-43.952
-42.319
-42.307
-43.721
-45.266
-40.347
-42.388
-45.294
-40.371
-42.241
-41.285
-46.247
-47.336
-47.301
-41.382
-47.373
-45.741
-45.44
-36.89
-36.89
-36.89
-36.89
-36.89
-36.89
-36.89
-36.89
-36.89
-36.89
-36.89
-36.89
-36.89
-36.89
-36.89
-36.89
-36.89
-36.89
-36.89
-36.89
-36.89
-36.89
-36.89
-36.89
-36.89
-36.89
-36.89
-36.89
-36.89
-36.89
-36.89
-36.89
-36.89
-36.89
-36.89
-36.89
-36.89
-36.89
-36.89
-36.89
-36.89
-36.89
-36.89
-36.89
-36.89
-36.89
-36.89
-36.89
-36.89
-36.89
-36.89
-36.89
-36.89
-36.89
-36.89
-36.89
-36.89
-36.89
-36.89
-36.89
-36.89
-36.89
