321.617
319.797
324.15
315.767
316.837
320.149
321.778
325.649
312.29
313.723
309.52
297.263
291.032
266.367
249.255
224.966
203.003
181.516
135.754
105.862
81.264
58.299
28.975
10.061
-7.47699
-19.389
-13.547
-17.878
-37.888
-32.055
-30.259
-31.375
-35.437
-30.071
-32.007
-32.996
-31.304
-33.38
-33.506
-36.403
-37.845
-42.411
-29.443
-36.522
-33.917
-33.84
-38.99
-32.864
-29.567
-40.253
-42.952
-41.319
-46.307
-45.721
-42.266
-42.347
-49.388
-42.294
-41.371
-40.241
-36.285
-43.247
-40.336
-46.301
-37.382
-41.373
-41.741
-45.44
-36.89
-36.89
-36.89
-36.89
-36.89
-36.89
-36.89
-36.89
-36.89
-36.89
-36.89
-36.89
-36.89
-36.89
-36.89
-36.89
-36.89
-36.89
-36.89
-36.89
-36.89
-36.89
-36.89
-36.89
-36.89
-36.89
-36.89
-36.89
-36.89
-36.89
-36.89
-36.89
-36.89
-36.89
-36.89
-36.89
-36.89
-36.89
-36.89
-36.89
-36.89
-36.89
-36.89
-36.89
-36.89
-36.89
-36.89
-36.89
-36.89
-36.89
-36.89
-36.89
-36.89
-36.89
-36.89
-36.89
-36.89
-36.89
-36.89
-36.89
-36.89
-36.89
