345.617
347.797
335.15
322.767
340.837
332.149
332.778
323.649
326.29
322.723
322.52
300.263
293.032
265.367
253.255
252.966
227.003
202.516
160.754
102.862
87.264
79.299
47.975
23.061
3.52301
-7.38901
10.453
-25.878
-9.888
-25.055
-13.259
-15.375
-9.43701
-16.071
-23.007
-31.996
-14.304
-30.38
-28.506
-23.403
-22.845
-18.411
-29.443
-24.522
-14.917
-35.84
-22.99
-41.864
-16.567
-23.253
-35.952
-39.319
-31.307
-33.721
-27.266
-31.347
-23.388
-16.294
-26.371
-27.241
-37.285
-26.247
-29.336
-35.301
-44.382
-36.373
-46.741
-25.44
-41.89
-41.89
-41.89
-41.89
-41.89
-41.89
-41.89
-41.89
-41.89
-41.89
-41.89
-41.89
-41.89
-41.89
-41.89
-41.89
-41.89
-41.89
-41.89
-41.89
-41.89
-41.89
-41.89
-41.89
-41.89
-41.89
-41.89
-41.89
-41.89
-41.89
-41.89
-41.89
-41.89
-41.89
-41.89
-41.89
-41.89
-41.89
-41.89
-41.89
-41.89
-41.89
-41.89
-41.89
-41.89
-41.89
-41.89
-41.89
-41.89
-41.89
-41.89
-41.89
-41.89
-41.89
-41.89
-41.89
-41.89
-41.89
-41.89
-41.89
-41.89
-41.89
