328.617
327.797
337.15
335.767
322.837
345.149
329.778
325.649
322.29
322.723
338.52
304.263
306.032
278.367
254.255
245.966
209.003
190.516
142.754
100.862
84.264
58.299
31.975
32.061
13.523
-7.38901
-15.547
-12.878
-30.888
-26.055
-16.259
-31.375
-25.437
-23.071
-14.007
-23.996
-31.304
-28.38
-19.506
-24.403
-37.845
-18.411
-32.443
-24.522
-29.917
-22.84
-35.99
-18.864
-38.567
-41.253
-32.952
-33.319
-34.307
-41.721
-31.266
-28.347
-28.388
-41.294
-35.371
-46.241
-35.285
-33.247
-36.336
-25.301
-35.382
-27.373
-27.741
-27.44
-34.89
-34.89
-34.89
-34.89
-34.89
-34.89
-34.89
-34.89
-34.89
-34.89
-34.89
-34.89
-34.89
-34.89
-34.89
-34.89
-34.89
-34.89
-34.89
-34.89
-34.89
-34.89
-34.89
-34.89
-34.89
-34.89
-34.89
-34.89
-34.89
-34.89
-34.89
-34.89
-34.89
-34.89
-34.89
-34.89
-34.89
-34.89
-34.89
-34.89
-34.89
-34.89
-34.89
-34.89
-34.89
-34.89
-34.89
-34.89
-34.89
-34.89
-34.89
-34.89
-34.89
-34.89
-34.89
-34.89
-34.89
-34.89
-34.89
-34.89
-34.89
-34.89
