327.617
330.797
317.15
332.767
325.837
321.149
322.778
319.649
321.29
306.723
324.52
300.263
294.032
273.367
258.255
238.966
205.003
193.516
134.754
104.862
77.264
58.299
35.975
16.061
-0.47699
-12.389
-6.547
-23.878
-40.888
-31.055
-30.259
-23.375
-22.437
-30.071
-22.007
-23.996
-40.304
-28.38
-20.506
-30.403
-31.845
-27.411
-33.443
-17.522
-26.917
-32.84
-48.99
-36.864
-27.567
-48.253
-24.952
-32.319
-36.307
-38.721
-40.266
-31.347
-30.388
-34.294
-43.371
-36.241
-36.285
-34.247
-35.336
-42.301
-41.382
-34.373
-47.741
-31.44
-30.89
-30.89
-30.89
-30.89
-30.89
-30.89
-30.89
-30.89
-30.89
-30.89
-30.89
-30.89
-30.89
-30.89
-30.89
-30.89
-30.89
-30.89
-30.89
-30.89
-30.89
-30.89
-30.89
-30.89
-30.89
-30.89
-30.89
-30.89
-30.89
-30.89
-30.89
-30.89
-30.89
-30.89
-30.89
-30.89
-30.89
-30.89
-30.89
-30.89
-30.89
-30.89
-30.89
-30.89
-30.89
-30.89
-30.89
-30.89
-30.89
-30.89
-30.89
-30.89
-30.89
-30.89
-30.89
-30.89
-30.89
-30.89
-30.89
-30.89
-30.89
-30.89
