328.617
315.797
324.15
315.767
322.837
321.149
317.778
321.649
319.29
309.723
308.52
291.263
285.032
268.367
250.255
230.966
202.003
173.516
137.754
96.862
77.264
50.299
32.975
11.061
-6.47699
-12.389
-19.547
-29.878
-36.888
-32.055
-33.259
-33.375
-39.437
-36.071
-36.007
-30.996
-33.304
-35.38
-35.506
-40.403
-42.845
-40.411
-39.443
-34.522
-43.917
-37.84
-41.99
-37.864
-33.567
-45.253
-36.952
-42.319
-40.307
-48.721
-40.266
-41.347
-42.388
-40.294
-40.371
-41.241
-41.285
-42.247
-40.336
-46.301
-47.382
-47.373
-43.741
-47.44
-38.89
-38.89
-38.89
-38.89
-38.89
-38.89
-38.89
-38.89
-38.89
-38.89
-38.89
-38.89
-38.89
-38.89
-38.89
-38.89
-38.89
-38.89
-38.89
-38.89
-38.89
-38.89
-38.89
-38.89
-38.89
-38.89
-38.89
-38.89
-38.89
-38.89
-38.89
-38.89
-38.89
-38.89
-38.89
-38.89
-38.89
-38.89
-38.89
-38.89
-38.89
-38.89
-38.89
-38.89
-38.89
-38.89
-38.89
-38.89
-38.89
-38.89
-38.89
-38.89
-38.89
-38.89
-38.89
-38.89
-38.89
-38.89
-38.89
-38.89
-38.89
-38.89
