344.617
319.797
332.15
341.767
327.837
334.149
325.778
336.649
319.29
330.723
309.52
304.263
292.032
279.367
262.255
230.966
201.003
177.516
148.754
118.862
94.264
60.299
38.975
17.061
1.52301
-5.38901
-5.547
-15.878
-26.888
-16.055
-24.259
-13.375
-26.437
-23.071
-19.007
-33.996
-25.304
-23.38
-13.506
-37.403
-32.845
-33.411
-22.443
-23.522
-48.917
-39.84
-25.99
-30.864
-32.567
-32.253
-27.952
-33.319
-45.307
-40.721
-45.266
-37.347
-30.388
-40.294
-37.371
-29.241
-24.285
-31.247
-40.336
-36.301
-34.382
-31.373
-50.741
-31.44
-32.89
-32.89
-32.89
-32.89
-32.89
-32.89
-32.89
-32.89
-32.89
-32.89
-32.89
-32.89
-32.89
-32.89
-32.89
-32.89
-32.89
-32.89
-32.89
-32.89
-32.89
-32.89
-32.89
-32.89
-32.89
-32.89
-32.89
-32.89
-32.89
-32.89
-32.89
-32.89
-32.89
-32.89
-32.89
-32.89
-32.89
-32.89
-32.89
-32.89
-32.89
-32.89
-32.89
-32.89
-32.89
-32.89
-32.89
-32.89
-32.89
-32.89
-32.89
-32.89
-32.89
-32.89
-32.89
-32.89
-32.89
-32.89
-32.89
-32.89
-32.89
-32.89
