329.617
319.797
324.15
319.767
316.837
328.149
326.778
319.649
313.29
313.723
315.52
298.263
289.032
263.367
257.255
228.966
202.003
184.516
135.754
99.862
76.264
51.299
27.975
11.061
-12.477
-20.389
-12.547
-24.878
-26.888
-32.055
-31.259
-30.375
-29.437
-27.071
-32.007
-32.996
-29.304
-36.38
-31.506
-39.403
-38.845
-37.411
-35.443
-35.522
-32.917
-38.84
-39.99
-38.864
-31.567
-38.253
-38.952
-43.319
-38.307
-45.721
-35.266
-44.347
-44.388
-40.294
-36.371
-47.241
-48.285
-44.247
-47.336
-46.301
-41.382
-36.373
-52.741
-39.44
-44.89
-44.89
-44.89
-44.89
-44.89
-44.89
-44.89
-44.89
-44.89
-44.89
-44.89
-44.89
-44.89
-44.89
-44.89
-44.89
-44.89
-44.89
-44.89
-44.89
-44.89
-44.89
-44.89
-44.89
-44.89
-44.89
-44.89
-44.89
-44.89
-44.89
-44.89
-44.89
-44.89
-44.89
-44.89
-44.89
-44.89
-44.89
-44.89
-44.89
-44.89
-44.89
-44.89
-44.89
-44.89
-44.89
-44.89
-44.89
-44.89
-44.89
-44.89
-44.89
-44.89
-44.89
-44.89
-44.89
-44.89
-44.89
-44.89
-44.89
-44.89
-44.89
