320.617
328.797
331.15
325.767
322.837
334.149
320.778
323.649
316.29
312.723
324.52
296.263
301.032
277.367
252.255
234.966
203.003
183.516
135.754
98.862
83.264
57.299
30.975
24.061
4.52301
-7.38901
-18.547
-22.878
-36.888
-29.055
-22.259
-32.375
-30.437
-30.071
-23.007
-33.996
-32.304
-32.38
-35.506
-26.403
-35.845
-23.411
-32.443
-25.522
-37.917
-35.84
-35.99
-30.864
-39.567
-45.253
-38.952
-38.319
-40.307
-35.721
-43.266
-36.347
-42.388
-50.294
-43.371
-48.241
-37.285
-34.247
-43.336
-37.301
-37.382
-38.373
-33.741
-37.44
-33.89
-33.89
-33.89
-33.89
-33.89
-33.89
-33.89
-33.89
-33.89
-33.89
-33.89
-33.89
-33.89
-33.89
-33.89
-33.89
-33.89
-33.89
-33.89
-33.89
-33.89
-33.89
-33.89
-33.89
-33.89
-33.89
-33.89
-33.89
-33.89
-33.89
-33.89
-33.89
-33.89
-33.89
-33.89
-33.89
-33.89
-33.89
-33.89
-33.89
-33.89
-33.89
-33.89
-33.89
-33.89
-33.89
-33.89
-33.89
-33.89
-33.89
-33.89
-33.89
-33.89
-33.89
-33.89
-33.89
-33.89
-33.89
-33.89
-33.89
-33.89
-33.89
