330.617
331.797
330.15
329.767
329.837
329.149
324.778
340.649
322.29
319.723
328.52
304.263
277.032
263.367
266.255
233.966
217.003
185.516
143.754
104.862
86.264
55.299
39.975
25.061
-12.477
-8.38901
-7.547
-20.878
-11.888
-27.055
-21.259
-21.375
-16.437
-28.071
-29.007
-19.996
-28.304
-15.38
-22.506
-45.403
-21.845
-20.411
-10.443
-36.522
-14.917
-21.84
-21.99
-22.864
-27.567
-38.253
-23.952
-39.319
-37.307
-29.721
-44.266
-28.347
-31.388
-29.294
-26.371
-39.241
-43.285
-31.247
-34.336
-42.301
-35.382
-21.373
-31.741
-33.44
-24.89
-24.89
-24.89
-24.89
-24.89
-24.89
-24.89
-24.89
-24.89
-24.89
-24.89
-24.89
-24.89
-24.89
-24.89
-24.89
-24.89
-24.89
-24.89
-24.89
-24.89
-24.89
-24.89
-24.89
-24.89
-24.89
-24.89
-24.89
-24.89
-24.89
-24.89
-24.89
-24.89
-24.89
-24.89
-24.89
-24.89
-24.89
-24.89
-24.89
-24.89
-24.89
-24.89
-24.89
-24.89
-24.89
-24.89
-24.89
-24.89
-24.89
-24.89
-24.89
-24.89
-24.89
-24.89
-24.89
-24.89
-24.89
-24.89
-24.89
-24.89
-24.89
