342.617
340.797
330.15
325.767
337.837
330.149
329.778
324.649
324.29
322.723
319.52
303.263
295.032
267.367
250.255
248.966
218.003
199.516
153.754
105.862
79.264
76.299
43.975
20.061
1.52301
-9.38901
1.453
-26.878
-18.888
-33.055
-15.259
-18.375
-18.437
-14.071
-27.007
-27.996
-19.304
-39.38
-29.506
-31.403
-27.845
-17.411
-32.443
-27.522
-14.917
-36.84
-25.99
-40.864
-25.567
-26.253
-34.952
-41.319
-30.307
-31.721
-29.266
-32.347
-25.388
-14.294
-25.371
-30.241
-44.285
-34.247
-29.336
-38.301
-43.382
-35.373
-43.741
-23.44
-43.89
-43.89
-43.89
-43.89
-43.89
-43.89
-43.89
-43.89
-43.89
-43.89
-43.89
-43.89
-43.89
-43.89
-43.89
-43.89
-43.89
-43.89
-43.89
-43.89
-43.89
-43.89
-43.89
-43.89
-43.89
-43.89
-43.89
-43.89
-43.89
-43.89
-43.89
-43.89
-43.89
-43.89
-43.89
-43.89
-43.89
-43.89
-43.89
-43.89
-43.89
-43.89
-43.89
-43.89
-43.89
-43.89
-43.89
-43.89
-43.89
-43.89
-43.89
-43.89
-43.89
-43.89
-43.89
-43.89
-43.89
-43.89
-43.89
-43.89
-43.89
-43.89
