324.617
324.797
326.15
316.767
308.837
322.149
334.778
332.649
318.29
328.723
312.52
298.263
307.032
267.367
256.255
228.966
209.003
182.516
140.754
111.862
89.264
68.299
37.975
19.061
-14.477
-15.389
-9.547
-3.87799
-18.888
-28.055
-19.259
-24.375
-32.437
-16.071
-19.007
-24.996
-33.304
-35.38
-33.506
-38.403
-28.845
-32.411
-19.443
-18.522
-26.917
-21.84
-27.99
-31.864
-37.567
-21.253
-33.952
-33.319
-37.307
-37.721
-37.266
-30.347
-40.388
-23.294
-35.371
-36.241
-20.285
-35.247
-27.336
-39.301
-28.382
-35.373
-40.741
-38.44
-41.89
-41.89
-41.89
-41.89
-41.89
-41.89
-41.89
-41.89
-41.89
-41.89
-41.89
-41.89
-41.89
-41.89
-41.89
-41.89
-41.89
-41.89
-41.89
-41.89
-41.89
-41.89
-41.89
-41.89
-41.89
-41.89
-41.89
-41.89
-41.89
-41.89
-41.89
-41.89
-41.89
-41.89
-41.89
-41.89
-41.89
-41.89
-41.89
-41.89
-41.89
-41.89
-41.89
-41.89
-41.89
-41.89
-41.89
-41.89
-41.89
-41.89
-41.89
-41.89
-41.89
-41.89
-41.89
-41.89
-41.89
-41.89
-41.89
-41.89
-41.89
-41.89
