333.617
320.797
331.15
328.767
324.837
329.149
327.778
326.649
323.29
309.723
324.52
301.263
284.032
285.367
260.255
236.966
209.003
186.516
136.754
93.862
83.264
66.299
37.975
14.061
-3.47699
-15.389
-13.547
-22.878
-23.888
-16.055
-21.259
-45.375
-24.437
-28.071
-27.007
-20.996
-23.304
-23.38
-27.506
-37.403
-23.845
-27.411
-34.443
-24.522
-42.917
-33.84
-44.99
-25.864
-25.567
-30.253
-15.952
-38.319
-38.307
-30.721
-27.266
-42.347
-44.388
-38.294
-22.371
-31.241
-26.285
-39.247
-34.336
-39.301
-49.382
-29.373
-38.741
-31.44
-25.89
-25.89
-25.89
-25.89
-25.89
-25.89
-25.89
-25.89
-25.89
-25.89
-25.89
-25.89
-25.89
-25.89
-25.89
-25.89
-25.89
-25.89
-25.89
-25.89
-25.89
-25.89
-25.89
-25.89
-25.89
-25.89
-25.89
-25.89
-25.89
-25.89
-25.89
-25.89
-25.89
-25.89
-25.89
-25.89
-25.89
-25.89
-25.89
-25.89
-25.89
-25.89
-25.89
-25.89
-25.89
-25.89
-25.89
-25.89
-25.89
-25.89
-25.89
-25.89
-25.89
-25.89
-25.89
-25.89
-25.89
-25.89
-25.89
-25.89
-25.89
-25.89
