329.617
331.797
330.15
331.767
326.837
325.149
337.778
331.649
326.29
321.723
319.52
321.263
301.032
289.367
263.255
234.966
219.003
192.516
150.754
113.862
86.264
59.299
42.975
33.061
19.523
-4.38901
-0.546997
-13.878
-31.888
-19.055
-19.259
-28.375
-40.437
-34.071
-20.007
-8.996
-34.304
-29.38
-32.506
-20.403
-19.845
-33.411
-21.443
-34.522
-23.917
-25.84
-27.99
-31.864
-24.567
-53.253
-25.952
-31.319
-22.307
-52.721
-26.266
-23.347
-32.388
-27.294
-29.371
-27.241
-42.285
-34.247
-39.336
-25.301
-35.382
-35.373
-51.741
-31.44
-46.89
-46.89
-46.89
-46.89
-46.89
-46.89
-46.89
-46.89
-46.89
-46.89
-46.89
-46.89
-46.89
-46.89
-46.89
-46.89
-46.89
-46.89
-46.89
-46.89
-46.89
-46.89
-46.89
-46.89
-46.89
-46.89
-46.89
-46.89
-46.89
-46.89
-46.89
-46.89
-46.89
-46.89
-46.89
-46.89
-46.89
-46.89
-46.89
-46.89
-46.89
-46.89
-46.89
-46.89
-46.89
-46.89
-46.89
-46.89
-46.89
-46.89
-46.89
-46.89
-46.89
-46.89
-46.89
-46.89
-46.89
-46.89
-46.89
-46.89
-46.89
-46.89
