328.617
316.797
325.15
320.767
320.837
325.149
316.778
316.649
317.29
308.723
309.52
293.263
290.032
270.367
250.255
229.966
204.003
179.516
132.754
102.862
71.264
55.299
27.975
6.061
-12.477
-17.389
-13.547
-29.878
-35.888
-36.055
-33.259
-35.375
-39.437
-37.071
-37.007
-30.996
-33.304
-40.38
-33.506
-35.403
-38.845
-35.411
-34.443
-40.522
-37.917
-36.84
-38.99
-42.864
-38.567
-42.253
-37.952
-47.319
-46.307
-49.721
-47.266
-45.347
-40.388
-40.294
-41.371
-47.241
-42.285
-42.247
-40.336
-46.301
-42.382
-41.373
-43.741
-42.44
-42.89
-42.89
-42.89
-42.89
-42.89
-42.89
-42.89
-42.89
-42.89
-42.89
-42.89
-42.89
-42.89
-42.89
-42.89
-42.89
-42.89
-42.89
-42.89
-42.89
-42.89
-42.89
-42.89
-42.89
-42.89
-42.89
-42.89
-42.89
-42.89
-42.89
-42.89
-42.89
-42.89
-42.89
-42.89
-42.89
-42.89
-42.89
-42.89
-42.89
-42.89
-42.89
-42.89
-42.89
-42.89
-42.89
-42.89
-42.89
-42.89
-42.89
-42.89
-42.89
-42.89
-42.89
-42.89
-42.89
-42.89
-42.89
-42.89
-42.89
-42.89
-42.89
