325.617
328.797
327.15
334.767
330.837
327.149
324.778
327.649
318.29
316.723
316.52
297.263
293.032
277.367
252.255
238.966
207.003
181.516
139.754
102.862
74.264
63.299
33.975
5.061
-1.47699
-8.38901
-10.547
-19.878
-33.888
-33.055
-34.259
-32.375
-36.437
-41.071
-29.007
-25.996
-33.304
-31.38
-24.506
-28.403
-31.845
-30.411
-40.443
-30.522
-40.917
-30.84
-30.99
-33.864
-33.567
-50.253
-30.952
-42.319
-32.307
-38.721
-37.266
-30.347
-40.388
-40.294
-31.371
-37.241
-48.285
-37.247
-34.336
-29.301
-33.382
-51.373
-43.741
-37.44
-41.89
-41.89
-41.89
-41.89
-41.89
-41.89
-41.89
-41.89
-41.89
-41.89
-41.89
-41.89
-41.89
-41.89
-41.89
-41.89
-41.89
-41.89
-41.89
-41.89
-41.89
-41.89
-41.89
-41.89
-41.89
-41.89
-41.89
-41.89
-41.89
-41.89
-41.89
-41.89
-41.89
-41.89
-41.89
-41.89
-41.89
-41.89
-41.89
-41.89
-41.89
-41.89
-41.89
-41.89
-41.89
-41.89
-41.89
-41.89
-41.89
-41.89
-41.89
-41.89
-41.89
-41.89
-41.89
-41.89
-41.89
-41.89
-41.89
-41.89
-41.89
-41.89
