328.617
320.797
323.15
324.767
324.837
323.149
314.778
314.649
320.29
312.723
314.52
291.263
289.032
270.367
254.255
229.966
208.003
184.516
137.754
100.862
75.264
53.299
25.975
9.061
-13.477
-17.389
-8.547
-29.878
-30.888
-31.055
-29.259
-37.375
-40.437
-39.071
-37.007
-32.996
-30.304
-37.38
-29.506
-31.403
-39.845
-30.411
-29.443
-40.522
-32.917
-33.84
-34.99
-44.864
-39.567
-37.253
-32.952
-47.319
-42.307
-49.721
-48.266
-47.347
-35.388
-37.294
-38.371
-43.241
-42.285
-37.247
-41.336
-47.301
-44.382
-43.373
-39.741
-44.44
-43.89
-43.89
-43.89
-43.89
-43.89
-43.89
-43.89
-43.89
-43.89
-43.89
-43.89
-43.89
-43.89
-43.89
-43.89
-43.89
-43.89
-43.89
-43.89
-43.89
-43.89
-43.89
-43.89
-43.89
-43.89
-43.89
-43.89
-43.89
-43.89
-43.89
-43.89
-43.89
-43.89
-43.89
-43.89
-43.89
-43.89
-43.89
-43.89
-43.89
-43.89
-43.89
-43.89
-43.89
-43.89
-43.89
-43.89
-43.89
-43.89
-43.89
-43.89
-43.89
-43.89
-43.89
-43.89
-43.89
-43.89
-43.89
-43.89
-43.89
-43.89
-43.89
