322.617
320.797
321.15
329.767
322.837
317.149
319.778
315.649
322.29
304.723
320.52
291.263
292.032
268.367
256.255
228.966
202.003
186.516
133.754
98.862
74.264
54.299
32.975
14.061
-3.47699
-15.389
-10.547
-20.878
-36.888
-30.055
-26.259
-31.375
-25.437
-31.071
-29.007
-30.996
-43.304
-36.38
-29.506
-35.403
-38.845
-29.411
-37.443
-25.522
-34.917
-34.84
-46.99
-38.864
-31.567
-44.253
-31.952
-35.319
-40.307
-47.721
-43.266
-40.347
-38.388
-37.294
-39.371
-39.241
-39.285
-37.247
-42.336
-50.301
-45.382
-37.373
-45.741
-35.44
-34.89
-34.89
-34.89
-34.89
-34.89
-34.89
-34.89
-34.89
-34.89
-34.89
-34.89
-34.89
-34.89
-34.89
-34.89
-34.89
-34.89
-34.89
-34.89
-34.89
-34.89
-34.89
-34.89
-34.89
-34.89
-34.89
-34.89
-34.89
-34.89
-34.89
-34.89
-34.89
-34.89
-34.89
-34.89
-34.89
-34.89
-34.89
-34.89
-34.89
-34.89
-34.89
-34.89
-34.89
-34.89
-34.89
-34.89
-34.89
-34.89
-34.89
-34.89
-34.89
-34.89
-34.89
-34.89
-34.89
-34.89
-34.89
-34.89
-34.89
-34.89
-34.89
