336.617
316.797
327.15
327.767
315.837
332.149
325.778
329.649
338.29
317.723
310.52
312.263
300.032
261.367
258.255
243.966
198.003
175.516
159.754
98.862
95.264
58.299
45.975
26.061
9.52301
-6.38901
2.453
-24.878
-24.888
-24.055
-19.259
-28.375
-25.437
-20.071
-25.007
-32.996
-17.304
-28.38
-16.506
-28.403
-6.845
-24.411
-11.443
-16.522
-30.917
-22.84
-25.99
-37.864
-21.567
-35.253
-31.952
-33.319
-23.307
-30.721
-35.266
-20.347
-38.388
-40.294
-23.371
-38.241
-36.285
-25.247
-36.336
-22.301
-33.382
-34.373
-40.741
-34.44
-30.89
-30.89
-30.89
-30.89
-30.89
-30.89
-30.89
-30.89
-30.89
-30.89
-30.89
-30.89
-30.89
-30.89
-30.89
-30.89
-30.89
-30.89
-30.89
-30.89
-30.89
-30.89
-30.89
-30.89
-30.89
-30.89
-30.89
-30.89
-30.89
-30.89
-30.89
-30.89
-30.89
-30.89
-30.89
-30.89
-30.89
-30.89
-30.89
-30.89
-30.89
-30.89
-30.89
-30.89
-30.89
-30.89
-30.89
-30.89
-30.89
-30.89
-30.89
-30.89
-30.89
-30.89
-30.89
-30.89
-30.89
-30.89
-30.89
-30.89
-30.89
-30.89
