328.617
322.797
336.15
325.767
320.837
318.149
329.778
320.649
327.29
329.723
319.52
307.263
298.032
275.367
271.255
243.966
218.003
183.516
146.754
113.862
77.264
64.299
38.975
21.061
-4.47699
-6.38901
-2.547
-31.878
-24.888
-28.055
-25.259
-25.375
-36.437
-30.071
-27.007
-26.996
-28.304
-34.38
-23.506
-44.403
-38.845
-31.411
-23.443
-34.522
-40.917
-20.84
-36.99
-32.864
-29.567
-41.253
-33.952
-47.319
-43.307
-47.721
-25.266
-38.347
-22.388
-44.294
-42.371
-46.241
-41.285
-36.247
-31.336
-31.301
-47.382
-25.373
-46.741
-32.44
-13.89
-13.89
-13.89
-13.89
-13.89
-13.89
-13.89
-13.89
-13.89
-13.89
-13.89
-13.89
-13.89
-13.89
-13.89
-13.89
-13.89
-13.89
-13.89
-13.89
-13.89
-13.89
-13.89
-13.89
-13.89
-13.89
-13.89
-13.89
-13.89
-13.89
-13.89
-13.89
-13.89
-13.89
-13.89
-13.89
-13.89
-13.89
-13.89
-13.89
-13.89
-13.89
-13.89
-13.89
-13.89
-13.89
-13.89
-13.89
-13.89
-13.89
-13.89
-13.89
-13.89
-13.89
-13.89
-13.89
-13.89
-13.89
-13.89
-13.89
-13.89
-13.89
