334.617
334.797
337.15
351.767
333.837
327.149
332.778
334.649
334.29
330.723
324.52
302.263
302.032
288.367
254.255
255.966
215.003
183.516
142.754
108.862
83.264
76.299
46.975
11.061
0.52301
-5.38901
-4.547
-18.878
-35.888
-29.055
-25.259
-30.375
-18.437
-28.071
-20.007
-27.996
-28.304
-23.38
-21.506
-21.403
-18.845
-25.411
-32.443
-23.522
-40.917
-21.84
-19.99
-31.864
-24.567
-49.253
-12.952
-48.319
-22.307
-29.721
-34.266
-20.347
-47.388
-27.294
-30.371
-40.241
-35.285
-27.247
-30.336
-32.301
-24.382
-43.373
-41.741
-26.44
-35.89
-35.89
-35.89
-35.89
-35.89
-35.89
-35.89
-35.89
-35.89
-35.89
-35.89
-35.89
-35.89
-35.89
-35.89
-35.89
-35.89
-35.89
-35.89
-35.89
-35.89
-35.89
-35.89
-35.89
-35.89
-35.89
-35.89
-35.89
-35.89
-35.89
-35.89
-35.89
-35.89
-35.89
-35.89
-35.89
-35.89
-35.89
-35.89
-35.89
-35.89
-35.89
-35.89
-35.89
-35.89
-35.89
-35.89
-35.89
-35.89
-35.89
-35.89
-35.89
-35.89
-35.89
-35.89
-35.89
-35.89
-35.89
-35.89
-35.89
-35.89
-35.89
