330.617
319.797
327.15
320.767
313.837
327.149
312.778
317.649
308.29
323.723
317.52
296.263
297.032
266.367
258.255
233.966
205.003
175.516
137.754
99.862
75.264
57.299
33.975
8.061
-8.47699
-9.38901
-11.547
-26.878
-27.888
-39.055
-33.259
-34.375
-34.437
-20.071
-32.007
-25.996
-34.304
-31.38
-36.506
-26.403
-35.845
-36.411
-38.443
-31.522
-37.917
-32.84
-29.99
-32.864
-27.567
-37.253
-33.952
-31.319
-43.307
-52.721
-39.266
-37.347
-32.388
-31.294
-45.371
-43.241
-43.285
-36.247
-32.336
-43.301
-42.382
-40.373
-48.741
-38.44
-40.89
-40.89
-40.89
-40.89
-40.89
-40.89
-40.89
-40.89
-40.89
-40.89
-40.89
-40.89
-40.89
-40.89
-40.89
-40.89
-40.89
-40.89
-40.89
-40.89
-40.89
-40.89
-40.89
-40.89
-40.89
-40.89
-40.89
-40.89
-40.89
-40.89
-40.89
-40.89
-40.89
-40.89
-40.89
-40.89
-40.89
-40.89
-40.89
-40.89
-40.89
-40.89
-40.89
-40.89
-40.89
-40.89
-40.89
-40.89
-40.89
-40.89
-40.89
-40.89
-40.89
-40.89
-40.89
-40.89
-40.89
-40.89
-40.89
-40.89
-40.89
-40.89
