333.617
323.797
336.15
318.767
320.837
327.149
310.778
318.649
312.29
326.723
327.52
295.263
301.032
270.367
262.255
235.966
201.003
178.516
139.754
102.862
75.264
60.299
40.975
14.061
-5.47699
-11.389
-11.547
-18.878
-23.888
-31.055
-27.259
-26.375
-31.437
-17.071
-30.007
-17.996
-26.304
-29.38
-32.506
-24.403
-31.845
-38.411
-33.443
-23.522
-28.917
-29.84
-31.99
-29.864
-28.567
-29.253
-25.952
-28.319
-39.307
-52.721
-36.266
-38.347
-24.388
-30.294
-49.371
-39.241
-36.285
-33.247
-28.336
-39.301
-44.382
-41.373
-39.741
-34.44
-37.89
-37.89
-37.89
-37.89
-37.89
-37.89
-37.89
-37.89
-37.89
-37.89
-37.89
-37.89
-37.89
-37.89
-37.89
-37.89
-37.89
-37.89
-37.89
-37.89
-37.89
-37.89
-37.89
-37.89
-37.89
-37.89
-37.89
-37.89
-37.89
-37.89
-37.89
-37.89
-37.89
-37.89
-37.89
-37.89
-37.89
-37.89
-37.89
-37.89
-37.89
-37.89
-37.89
-37.89
-37.89
-37.89
-37.89
-37.89
-37.89
-37.89
-37.89
-37.89
-37.89
-37.89
-37.89
-37.89
-37.89
-37.89
-37.89
-37.89
-37.89
-37.89
