324.617
338.797
320.15
329.767
327.837
329.149
325.778
321.649
323.29
311.723
333.52
301.263
296.032
272.367
258.255
241.966
212.003
195.516
137.754
111.862
81.264
65.299
42.975
13.061
3.52301
-9.38901
-5.547
-27.878
-37.888
-34.055
-26.259
-17.375
-19.437
-28.071
-21.007
-24.996
-32.304
-25.38
-19.506
-25.403
-26.845
-18.411
-30.443
-14.522
-25.917
-34.84
-40.99
-40.864
-25.567
-48.253
-22.952
-29.319
-37.307
-38.721
-42.266
-28.347
-32.388
-37.294
-41.371
-31.241
-34.285
-31.247
-34.336
-42.301
-33.382
-26.373
-41.741
-27.44
-25.89
-25.89
-25.89
-25.89
-25.89
-25.89
-25.89
-25.89
-25.89
-25.89
-25.89
-25.89
-25.89
-25.89
-25.89
-25.89
-25.89
-25.89
-25.89
-25.89
-25.89
-25.89
-25.89
-25.89
-25.89
-25.89
-25.89
-25.89
-25.89
-25.89
-25.89
-25.89
-25.89
-25.89
-25.89
-25.89
-25.89
-25.89
-25.89
-25.89
-25.89
-25.89
-25.89
-25.89
-25.89
-25.89
-25.89
-25.89
-25.89
-25.89
-25.89
-25.89
-25.89
-25.89
-25.89
-25.89
-25.89
-25.89
-25.89
-25.89
-25.89
-25.89
