337.617
320.797
327.15
323.767
329.837
329.149
313.778
319.649
326.29
312.723
321.52
298.263
288.032
277.367
258.255
229.966
207.003
178.516
140.754
103.862
75.264
59.299
26.975
12.061
-9.47699
-10.389
-14.547
-18.878
-28.888
-36.055
-31.259
-37.375
-37.437
-31.071
-34.007
-21.996
-33.304
-26.38
-31.506
-32.403
-36.845
-31.411
-33.443
-43.522
-33.917
-39.84
-35.99
-39.864
-36.567
-43.253
-34.952
-41.319
-44.307
-41.721
-44.266
-49.347
-39.388
-47.294
-49.371
-44.241
-38.285
-41.247
-34.336
-38.301
-46.382
-37.373
-41.741
-34.44
-40.89
-40.89
-40.89
-40.89
-40.89
-40.89
-40.89
-40.89
-40.89
-40.89
-40.89
-40.89
-40.89
-40.89
-40.89
-40.89
-40.89
-40.89
-40.89
-40.89
-40.89
-40.89
-40.89
-40.89
-40.89
-40.89
-40.89
-40.89
-40.89
-40.89
-40.89
-40.89
-40.89
-40.89
-40.89
-40.89
-40.89
-40.89
-40.89
-40.89
-40.89
-40.89
-40.89
-40.89
-40.89
-40.89
-40.89
-40.89
-40.89
-40.89
-40.89
-40.89
-40.89
-40.89
-40.89
-40.89
-40.89
-40.89
-40.89
-40.89
-40.89
-40.89
