321.617
320.797
329.15
319.767
320.837
320.149
325.778
314.649
321.29
319.723
319.52
295.263
294.032
268.367
259.255
229.966
204.003
182.516
134.754
105.862
75.264
60.299
26.975
10.061
-8.47699
-14.389
-7.547
-27.878
-30.888
-32.055
-31.259
-29.375
-40.437
-38.071
-33.007
-31.996
-39.304
-39.38
-39.506
-41.403
-38.845
-33.411
-28.443
-41.522
-37.917
-32.84
-42.99
-43.864
-39.567
-40.253
-38.952
-42.319
-48.307
-51.721
-44.266
-44.347
-37.388
-46.294
-42.371
-42.241
-44.285
-36.247
-39.336
-42.301
-48.382
-36.373
-41.741
-43.44
-31.89
-31.89
-31.89
-31.89
-31.89
-31.89
-31.89
-31.89
-31.89
-31.89
-31.89
-31.89
-31.89
-31.89
-31.89
-31.89
-31.89
-31.89
-31.89
-31.89
-31.89
-31.89
-31.89
-31.89
-31.89
-31.89
-31.89
-31.89
-31.89
-31.89
-31.89
-31.89
-31.89
-31.89
-31.89
-31.89
-31.89
-31.89
-31.89
-31.89
-31.89
-31.89
-31.89
-31.89
-31.89
-31.89
-31.89
-31.89
-31.89
-31.89
-31.89
-31.89
-31.89
-31.89
-31.89
-31.89
-31.89
-31.89
-31.89
-31.89
-31.89
-31.89
