329.617
317.797
326.15
326.767
323.837
327.149
322.778
325.649
321.29
311.723
321.52
298.263
286.032
277.367
257.255
238.966
211.003
178.516
138.754
95.862
86.264
59.299
35.975
16.061
-5.47699
-17.389
-12.547
-18.878
-25.888
-20.055
-28.259
-43.375
-27.437
-31.071
-25.007
-24.996
-32.304
-29.38
-30.506
-38.403
-30.845
-30.411
-33.443
-33.522
-45.917
-30.84
-42.99
-34.864
-33.567
-32.253
-23.952
-43.319
-42.307
-39.721
-30.266
-40.347
-47.388
-47.294
-31.371
-39.241
-33.285
-42.247
-39.336
-43.301
-46.382
-38.373
-40.741
-41.44
-28.89
-28.89
-28.89
-28.89
-28.89
-28.89
-28.89
-28.89
-28.89
-28.89
-28.89
-28.89
-28.89
-28.89
-28.89
-28.89
-28.89
-28.89
-28.89
-28.89
-28.89
-28.89
-28.89
-28.89
-28.89
-28.89
-28.89
-28.89
-28.89
-28.89
-28.89
-28.89
-28.89
-28.89
-28.89
-28.89
-28.89
-28.89
-28.89
-28.89
-28.89
-28.89
-28.89
-28.89
-28.89
-28.89
-28.89
-28.89
-28.89
-28.89
-28.89
-28.89
-28.89
-28.89
-28.89
-28.89
-28.89
-28.89
-28.89
-28.89
-28.89
-28.89
