336.617
322.797
328.15
319.767
330.837
329.149
328.778
330.649
322.29
309.723
309.52
289.263
286.032
271.367
250.255
231.966
200.003
187.516
136.754
104.862
76.264
55.299
34.975
12.061
-1.47699
-9.38901
-16.547
-15.878
-27.888
-30.055
-34.259
-34.375
-42.437
-34.071
-27.007
-29.996
-40.304
-30.38
-35.506
-44.403
-38.845
-32.411
-34.443
-36.522
-39.917
-33.84
-44.99
-44.864
-26.567
-35.253
-40.952
-43.319
-39.307
-45.721
-32.266
-43.347
-42.388
-43.294
-39.371
-47.241
-43.285
-50.247
-37.336
-32.301
-43.382
-40.373
-35.741
-36.44
-43.89
-43.89
-43.89
-43.89
-43.89
-43.89
-43.89
-43.89
-43.89
-43.89
-43.89
-43.89
-43.89
-43.89
-43.89
-43.89
-43.89
-43.89
-43.89
-43.89
-43.89
-43.89
-43.89
-43.89
-43.89
-43.89
-43.89
-43.89
-43.89
-43.89
-43.89
-43.89
-43.89
-43.89
-43.89
-43.89
-43.89
-43.89
-43.89
-43.89
-43.89
-43.89
-43.89
-43.89
-43.89
-43.89
-43.89
-43.89
-43.89
-43.89
-43.89
-43.89
-43.89
-43.89
-43.89
-43.89
-43.89
-43.89
-43.89
-43.89
-43.89
-43.89
