332.617
328.797
330.15
331.767
330.837
331.149
319.778
336.649
323.29
314.723
324.52
301.263
277.032
264.367
267.255
230.966
213.003
185.516
139.754
106.862
86.264
57.299
34.975
26.061
-15.477
-11.389
-12.547
-23.878
-10.888
-25.055
-24.259
-25.375
-16.437
-33.071
-33.007
-22.996
-32.304
-20.38
-26.506
-43.403
-25.845
-24.411
-13.443
-34.522
-19.917
-21.84
-24.99
-25.864
-32.567
-36.253
-27.952
-39.319
-35.307
-32.721
-47.266
-33.347
-29.388
-32.294
-31.371
-44.241
-42.285
-31.247
-37.336
-46.301
-40.382
-25.373
-36.741
-37.44
-24.89
-24.89
-24.89
-24.89
-24.89
-24.89
-24.89
-24.89
-24.89
-24.89
-24.89
-24.89
-24.89
-24.89
-24.89
-24.89
-24.89
-24.89
-24.89
-24.89
-24.89
-24.89
-24.89
-24.89
-24.89
-24.89
-24.89
-24.89
-24.89
-24.89
-24.89
-24.89
-24.89
-24.89
-24.89
-24.89
-24.89
-24.89
-24.89
-24.89
-24.89
-24.89
-24.89
-24.89
-24.89
-24.89
-24.89
-24.89
-24.89
-24.89
-24.89
-24.89
-24.89
-24.89
-24.89
-24.89
-24.89
-24.89
-24.89
-24.89
-24.89
-24.89
