332.617
317.797
328.15
319.767
324.837
331.149
315.778
314.649
323.29
314.723
316.52
294.263
284.032
273.367
253.255
229.966
203.003
179.516
141.754
98.862
76.264
60.299
28.975
14.061
-7.47699
-15.389
-14.547
-22.878
-27.888
-34.055
-35.259
-40.375
-36.437
-31.071
-32.007
-26.996
-33.304
-30.38
-34.506
-35.403
-39.845
-34.411
-36.443
-41.522
-37.917
-37.84
-35.99
-39.864
-34.567
-42.253
-34.952
-41.319
-42.307
-40.721
-47.266
-49.347
-42.388
-47.294
-49.371
-47.241
-42.285
-41.247
-39.336
-42.301
-45.382
-37.373
-45.741
-37.44
-45.89
-45.89
-45.89
-45.89
-45.89
-45.89
-45.89
-45.89
-45.89
-45.89
-45.89
-45.89
-45.89
-45.89
-45.89
-45.89
-45.89
-45.89
-45.89
-45.89
-45.89
-45.89
-45.89
-45.89
-45.89
-45.89
-45.89
-45.89
-45.89
-45.89
-45.89
-45.89
-45.89
-45.89
-45.89
-45.89
-45.89
-45.89
-45.89
-45.89
-45.89
-45.89
-45.89
-45.89
-45.89
-45.89
-45.89
-45.89
-45.89
-45.89
-45.89
-45.89
-45.89
-45.89
-45.89
-45.89
-45.89
-45.89
-45.89
-45.89
-45.89
-45.89
