335.617
329.797
332.15
352.767
329.837
327.149
329.778
331.649
335.29
325.723
326.52
304.263
297.032
288.367
255.255
250.966
212.003
185.516
144.754
110.862
83.264
72.299
42.975
11.061
1.52301
-5.38901
-9.547
-18.878
-33.888
-28.055
-23.259
-35.375
-22.437
-33.071
-23.007
-26.996
-33.304
-22.38
-19.506
-21.403
-16.845
-24.411
-35.443
-27.522
-40.917
-24.84
-19.99
-30.864
-27.567
-47.253
-17.952
-46.319
-22.307
-32.721
-32.266
-24.347
-45.388
-31.294
-34.371
-44.241
-38.285
-26.247
-35.336
-31.301
-22.382
-48.373
-39.741
-30.44
-34.89
-34.89
-34.89
-34.89
-34.89
-34.89
-34.89
-34.89
-34.89
-34.89
-34.89
-34.89
-34.89
-34.89
-34.89
-34.89
-34.89
-34.89
-34.89
-34.89
-34.89
-34.89
-34.89
-34.89
-34.89
-34.89
-34.89
-34.89
-34.89
-34.89
-34.89
-34.89
-34.89
-34.89
-34.89
-34.89
-34.89
-34.89
-34.89
-34.89
-34.89
-34.89
-34.89
-34.89
-34.89
-34.89
-34.89
-34.89
-34.89
-34.89
-34.89
-34.89
-34.89
-34.89
-34.89
-34.89
-34.89
-34.89
-34.89
-34.89
-34.89
-34.89
