336.617
330.797
349.15
334.767
337.837
329.149
336.778
330.649
322.29
315.723
316.52
303.263
294.032
273.367
267.255
235.966
210.003
183.516
148.754
103.862
89.264
45.299
49.975
31.061
16.523
-2.38901
-5.547
-19.878
-24.888
-22.055
-21.259
-12.375
-23.437
-18.071
-27.007
-25.996
-20.304
-20.38
-23.506
-50.403
-34.845
-31.411
-35.443
-19.522
-36.917
-31.84
-32.99
-7.86398
-10.567
-26.253
-39.952
-35.319
-26.307
-36.721
-30.266
-31.347
-27.388
-30.294
-17.371
-25.241
-17.285
-32.247
-19.336
-27.301
-21.382
-34.373
-32.741
-35.44
-35.89
-35.89
-35.89
-35.89
-35.89
-35.89
-35.89
-35.89
-35.89
-35.89
-35.89
-35.89
-35.89
-35.89
-35.89
-35.89
-35.89
-35.89
-35.89
-35.89
-35.89
-35.89
-35.89
-35.89
-35.89
-35.89
-35.89
-35.89
-35.89
-35.89
-35.89
-35.89
-35.89
-35.89
-35.89
-35.89
-35.89
-35.89
-35.89
-35.89
-35.89
-35.89
-35.89
-35.89
-35.89
-35.89
-35.89
-35.89
-35.89
-35.89
-35.89
-35.89
-35.89
-35.89
-35.89
-35.89
-35.89
-35.89
-35.89
-35.89
-35.89
-35.89
