335.617
335.797
334.15
316.767
322.837
340.149
331.778
320.649
312.29
323.723
321.52
302.263
299.032
272.367
258.255
249.966
211.003
195.516
144.754
117.862
88.264
70.299
33.975
16.061
10.523
-5.38901
3.453
-0.877991
-26.888
-18.055
-32.259
-36.375
-41.437
-19.071
-31.007
-24.996
-36.304
-27.38
-30.506
-24.403
-20.845
-18.411
-17.443
-30.522
-37.917
-29.84
-20.99
-36.864
-33.567
-24.253
-27.952
-44.319
-31.307
-34.721
-26.266
-39.347
-32.388
-37.294
-26.371
-46.241
-42.285
-46.247
-21.336
-27.301
-38.382
-38.373
-42.741
-30.44
-47.89
-47.89
-47.89
-47.89
-47.89
-47.89
-47.89
-47.89
-47.89
-47.89
-47.89
-47.89
-47.89
-47.89
-47.89
-47.89
-47.89
-47.89
-47.89
-47.89
-47.89
-47.89
-47.89
-47.89
-47.89
-47.89
-47.89
-47.89
-47.89
-47.89
-47.89
-47.89
-47.89
-47.89
-47.89
-47.89
-47.89
-47.89
-47.89
-47.89
-47.89
-47.89
-47.89
-47.89
-47.89
-47.89
-47.89
-47.89
-47.89
-47.89
-47.89
-47.89
-47.89
-47.89
-47.89
-47.89
-47.89
-47.89
-47.89
-47.89
-47.89
-47.89
