324.617
332.797
325.15
327.767
323.837
327.149
338.778
331.649
321.29
323.723
319.52
321.263
296.032
284.367
258.255
236.966
215.003
187.516
145.754
110.862
88.264
55.299
37.975
33.061
21.523
-8.38901
-4.547
-13.878
-31.888
-17.055
-23.259
-33.375
-39.437
-37.071
-20.007
-11.996
-32.304
-27.38
-30.506
-19.403
-17.845
-37.411
-19.443
-37.522
-27.917
-24.84
-27.99
-36.864
-22.567
-52.253
-30.952
-34.319
-27.307
-50.721
-29.266
-26.347
-35.388
-25.294
-34.371
-25.241
-46.285
-34.247
-42.336
-24.301
-33.382
-34.373
-54.741
-34.44
-45.89
-45.89
-45.89
-45.89
-45.89
-45.89
-45.89
-45.89
-45.89
-45.89
-45.89
-45.89
-45.89
-45.89
-45.89
-45.89
-45.89
-45.89
-45.89
-45.89
-45.89
-45.89
-45.89
-45.89
-45.89
-45.89
-45.89
-45.89
-45.89
-45.89
-45.89
-45.89
-45.89
-45.89
-45.89
-45.89
-45.89
-45.89
-45.89
-45.89
-45.89
-45.89
-45.89
-45.89
-45.89
-45.89
-45.89
-45.89
-45.89
-45.89
-45.89
-45.89
-45.89
-45.89
-45.89
-45.89
-45.89
-45.89
-45.89
-45.89
-45.89
-45.89
