337.617
329.797
327.15
329.767
322.837
331.149
322.778
322.649
320.29
317.723
314.52
294.263
291.032
266.367
255.255
236.966
204.003
182.516
142.754
101.862
84.264
58.299
37.975
9.061
-4.47699
-15.389
-9.547
-26.878
-26.888
-34.055
-32.259
-21.375
-25.437
-24.071
-35.007
-26.996
-25.304
-39.38
-34.506
-37.403
-36.845
-29.411
-37.443
-37.522
-28.917
-35.84
-36.99
-41.864
-26.567
-34.253
-34.952
-45.319
-41.307
-41.721
-32.266
-41.347
-41.388
-33.294
-33.371
-40.241
-45.285
-35.247
-41.336
-44.301
-42.382
-34.373
-48.741
-39.44
-46.89
-46.89
-46.89
-46.89
-46.89
-46.89
-46.89
-46.89
-46.89
-46.89
-46.89
-46.89
-46.89
-46.89
-46.89
-46.89
-46.89
-46.89
-46.89
-46.89
-46.89
-46.89
-46.89
-46.89
-46.89
-46.89
-46.89
-46.89
-46.89
-46.89
-46.89
-46.89
-46.89
-46.89
-46.89
-46.89
-46.89
-46.89
-46.89
-46.89
-46.89
-46.89
-46.89
-46.89
-46.89
-46.89
-46.89
-46.89
-46.89
-46.89
-46.89
-46.89
-46.89
-46.89
-46.89
-46.89
-46.89
-46.89
-46.89
-46.89
-46.89
-46.89
