326.617
330.797
322.15
310.767
314.837
328.149
341.778
341.649
325.29
340.723
320.52
299.263
315.032
270.367
264.255
240.966
218.003
183.516
142.754
127.862
102.264
80.299
38.975
25.061
-11.477
-10.389
0.453003
1.12201
-18.888
-31.055
-10.259
-20.375
-21.437
-5.07101
-27.007
-20.996
-30.304
-30.38
-31.506
-31.403
-22.845
-20.411
-1.44299
-17.522
-21.917
-13.84
-20.99
-35.864
-37.567
-14.253
-32.952
-30.319
-36.307
-29.721
-33.266
-31.347
-39.388
-23.294
-37.371
-29.241
-18.285
-32.247
-19.336
-30.301
-22.382
-34.373
-28.741
-36.44
-35.89
-35.89
-35.89
-35.89
-35.89
-35.89
-35.89
-35.89
-35.89
-35.89
-35.89
-35.89
-35.89
-35.89
-35.89
-35.89
-35.89
-35.89
-35.89
-35.89
-35.89
-35.89
-35.89
-35.89
-35.89
-35.89
-35.89
-35.89
-35.89
-35.89
-35.89
-35.89
-35.89
-35.89
-35.89
-35.89
-35.89
-35.89
-35.89
-35.89
-35.89
-35.89
-35.89
-35.89
-35.89
-35.89
-35.89
-35.89
-35.89
-35.89
-35.89
-35.89
-35.89
-35.89
-35.89
-35.89
-35.89
-35.89
-35.89
-35.89
-35.89
-35.89
