332.617
320.797
332.15
322.767
333.837
321.149
324.778
324.649
322.29
311.723
305.52
292.263
293.032
272.367
248.255
237.966
199.003
180.516
137.754
96.862
79.264
47.299
39.975
19.061
2.52301
-14.389
-11.547
-22.878
-28.888
-27.055
-31.259
-21.375
-39.437
-35.071
-29.007
-29.996
-36.304
-23.38
-37.506
-42.403
-39.845
-38.411
-39.443
-26.522
-47.917
-40.84
-38.99
-25.864
-20.567
-33.253
-38.952
-36.319
-33.307
-43.721
-36.266
-33.347
-39.388
-35.294
-31.371
-36.241
-38.285
-42.247
-28.336
-37.301
-40.382
-45.373
-42.741
-41.44
-35.89
-35.89
-35.89
-35.89
-35.89
-35.89
-35.89
-35.89
-35.89
-35.89
-35.89
-35.89
-35.89
-35.89
-35.89
-35.89
-35.89
-35.89
-35.89
-35.89
-35.89
-35.89
-35.89
-35.89
-35.89
-35.89
-35.89
-35.89
-35.89
-35.89
-35.89
-35.89
-35.89
-35.89
-35.89
-35.89
-35.89
-35.89
-35.89
-35.89
-35.89
-35.89
-35.89
-35.89
-35.89
-35.89
-35.89
-35.89
-35.89
-35.89
-35.89
-35.89
-35.89
-35.89
-35.89
-35.89
-35.89
-35.89
-35.89
-35.89
-35.89
-35.89
