336.617
316.797
328.15
329.767
317.837
327.149
320.778
330.649
333.29
319.723
310.52
308.263
296.032
262.367
253.255
244.966
200.003
176.516
160.754
95.862
92.264
60.299
40.975
26.061
5.52301
-10.389
-0.546997
-28.878
-24.888
-28.055
-24.259
-31.375
-30.437
-25.071
-29.007
-37.996
-20.304
-26.38
-19.506
-32.403
-11.845
-29.411
-16.443
-21.522
-35.917
-25.84
-25.99
-36.864
-21.567
-38.253
-30.952
-38.319
-21.307
-33.721
-39.266
-24.347
-37.388
-43.294
-28.371
-37.241
-34.285
-28.247
-35.336
-22.301
-31.382
-33.373
-43.741
-32.44
-30.89
-30.89
-30.89
-30.89
-30.89
-30.89
-30.89
-30.89
-30.89
-30.89
-30.89
-30.89
-30.89
-30.89
-30.89
-30.89
-30.89
-30.89
-30.89
-30.89
-30.89
-30.89
-30.89
-30.89
-30.89
-30.89
-30.89
-30.89
-30.89
-30.89
-30.89
-30.89
-30.89
-30.89
-30.89
-30.89
-30.89
-30.89
-30.89
-30.89
-30.89
-30.89
-30.89
-30.89
-30.89
-30.89
-30.89
-30.89
-30.89
-30.89
-30.89
-30.89
-30.89
-30.89
-30.89
-30.89
-30.89
-30.89
-30.89
-30.89
-30.89
-30.89
