333.617
318.797
324.15
324.767
326.837
323.149
320.778
319.649
310.29
311.723
314.52
294.263
285.032
265.367
251.255
223.966
203.003
178.516
141.754
100.862
77.264
53.299
25.975
12.061
-8.47699
-9.38901
-20.547
-25.878
-29.888
-27.055
-33.259
-40.375
-35.437
-31.071
-38.007
-29.996
-31.304
-35.38
-35.506
-32.403
-38.845
-42.411
-39.443
-34.522
-44.917
-37.84
-31.99
-43.864
-41.567
-47.253
-37.952
-42.319
-37.307
-48.721
-42.266
-43.347
-38.388
-44.294
-41.371
-46.241
-40.285
-42.247
-42.336
-47.301
-43.382
-42.373
-46.741
-47.44
-37.89
-37.89
-37.89
-37.89
-37.89
-37.89
-37.89
-37.89
-37.89
-37.89
-37.89
-37.89
-37.89
-37.89
-37.89
-37.89
-37.89
-37.89
-37.89
-37.89
-37.89
-37.89
-37.89
-37.89
-37.89
-37.89
-37.89
-37.89
-37.89
-37.89
-37.89
-37.89
-37.89
-37.89
-37.89
-37.89
-37.89
-37.89
-37.89
-37.89
-37.89
-37.89
-37.89
-37.89
-37.89
-37.89
-37.89
-37.89
-37.89
-37.89
-37.89
-37.89
-37.89
-37.89
-37.89
-37.89
-37.89
-37.89
-37.89
-37.89
-37.89
-37.89
