332.617
315.797
328.15
323.767
330.837
318.149
321.778
319.649
323.29
306.723
306.52
293.263
288.032
272.367
250.255
232.966
199.003
182.516
133.754
96.862
76.264
49.299
40.975
21.061
-2.47699
-14.389
-11.547
-25.878
-28.888
-32.055
-30.259
-24.375
-39.437
-34.071
-32.007
-29.996
-35.304
-28.38
-37.506
-42.403
-44.845
-38.411
-37.443
-29.522
-45.917
-40.84
-38.99
-29.864
-24.567
-38.253
-37.952
-40.319
-37.307
-41.721
-41.266
-38.347
-39.388
-34.294
-35.371
-39.241
-38.285
-45.247
-33.336
-41.301
-43.382
-44.373
-40.741
-45.44
-39.89
-39.89
-39.89
-39.89
-39.89
-39.89
-39.89
-39.89
-39.89
-39.89
-39.89
-39.89
-39.89
-39.89
-39.89
-39.89
-39.89
-39.89
-39.89
-39.89
-39.89
-39.89
-39.89
-39.89
-39.89
-39.89
-39.89
-39.89
-39.89
-39.89
-39.89
-39.89
-39.89
-39.89
-39.89
-39.89
-39.89
-39.89
-39.89
-39.89
-39.89
-39.89
-39.89
-39.89
-39.89
-39.89
-39.89
-39.89
-39.89
-39.89
-39.89
-39.89
-39.89
-39.89
-39.89
-39.89
-39.89
-39.89
-39.89
-39.89
-39.89
-39.89
