335.617
317.797
325.15
330.767
326.837
336.149
316.778
327.649
333.29
311.723
326.52
304.263
292.032
276.367
262.255
232.966
207.003
186.516
136.754
110.862
85.264
62.299
26.975
14.061
-1.47699
-9.38901
-5.547
-9.87799
-25.888
-28.055
-26.259
-39.375
-27.437
-29.071
-30.007
-22.996
-36.304
-27.38
-22.506
-24.403
-27.845
-29.411
-35.443
-39.522
-30.917
-42.84
-31.99
-36.864
-33.567
-36.253
-26.952
-33.319
-35.307
-45.721
-41.266
-52.347
-31.388
-44.294
-53.371
-39.241
-34.285
-37.247
-34.336
-28.301
-36.382
-35.373
-38.741
-38.44
-42.89
-42.89
-42.89
-42.89
-42.89
-42.89
-42.89
-42.89
-42.89
-42.89
-42.89
-42.89
-42.89
-42.89
-42.89
-42.89
-42.89
-42.89
-42.89
-42.89
-42.89
-42.89
-42.89
-42.89
-42.89
-42.89
-42.89
-42.89
-42.89
-42.89
-42.89
-42.89
-42.89
-42.89
-42.89
-42.89
-42.89
-42.89
-42.89
-42.89
-42.89
-42.89
-42.89
-42.89
-42.89
-42.89
-42.89
-42.89
-42.89
-42.89
-42.89
-42.89
-42.89
-42.89
-42.89
-42.89
-42.89
-42.89
-42.89
-42.89
-42.89
-42.89
