328.617
331.797
334.15
327.767
332.837
332.149
329.778
345.649
321.29
318.723
328.52
307.263
275.032
268.367
271.255
231.966
220.003
188.516
143.754
103.862
89.264
54.299
38.975
23.061
-8.47699
-3.38901
-3.547
-15.878
-13.888
-27.055
-23.259
-18.375
-12.437
-23.071
-24.007
-21.996
-29.304
-15.38
-19.506
-42.403
-21.845
-17.411
-6.44299
-31.522
-9.91699
-16.84
-16.99
-22.864
-29.567
-34.253
-19.952
-39.319
-34.307
-30.721
-41.266
-29.347
-27.388
-24.294
-21.371
-39.241
-45.285
-31.247
-36.336
-43.301
-31.382
-22.373
-32.741
-29.44
-19.89
-19.89
-19.89
-19.89
-19.89
-19.89
-19.89
-19.89
-19.89
-19.89
-19.89
-19.89
-19.89
-19.89
-19.89
-19.89
-19.89
-19.89
-19.89
-19.89
-19.89
-19.89
-19.89
-19.89
-19.89
-19.89
-19.89
-19.89
-19.89
-19.89
-19.89
-19.89
-19.89
-19.89
-19.89
-19.89
-19.89
-19.89
-19.89
-19.89
-19.89
-19.89
-19.89
-19.89
-19.89
-19.89
-19.89
-19.89
-19.89
-19.89
-19.89
-19.89
-19.89
-19.89
-19.89
-19.89
-19.89
-19.89
-19.89
-19.89
-19.89
-19.89
