332.617
326.797
336.15
325.767
320.837
317.149
328.778
323.649
326.29
334.723
323.52
306.263
302.032
279.367
271.255
242.966
221.003
188.516
149.754
117.862
75.264
64.299
36.975
26.061
-4.47699
-1.38901
1.453
-32.878
-20.888
-25.055
-26.259
-26.375
-36.437
-27.071
-29.007
-22.996
-28.304
-29.38
-25.506
-41.403
-35.845
-28.411
-23.443
-29.522
-41.917
-15.84
-38.99
-28.864
-24.567
-42.253
-29.952
-47.319
-43.307
-44.721
-25.266
-39.347
-19.388
-44.294
-42.371
-43.241
-41.285
-37.247
-27.336
-27.301
-49.382
-27.373
-41.741
-28.44
-14.89
-14.89
-14.89
-14.89
-14.89
-14.89
-14.89
-14.89
-14.89
-14.89
-14.89
-14.89
-14.89
-14.89
-14.89
-14.89
-14.89
-14.89
-14.89
-14.89
-14.89
-14.89
-14.89
-14.89
-14.89
-14.89
-14.89
-14.89
-14.89
-14.89
-14.89
-14.89
-14.89
-14.89
-14.89
-14.89
-14.89
-14.89
-14.89
-14.89
-14.89
-14.89
-14.89
-14.89
-14.89
-14.89
-14.89
-14.89
-14.89
-14.89
-14.89
-14.89
-14.89
-14.89
-14.89
-14.89
-14.89
-14.89
-14.89
-14.89
-14.89
-14.89
