329.617
315.797
321.15
320.767
322.837
324.149
321.778
320.649
312.29
308.723
309.52
291.263
285.032
265.367
251.255
225.966
203.003
173.516
136.754
101.862
78.264
50.299
26.975
12.061
-6.47699
-12.389
-18.547
-23.878
-34.888
-30.055
-38.259
-40.375
-39.437
-30.071
-37.007
-34.996
-34.304
-39.38
-39.506
-35.403
-38.845
-40.411
-39.443
-34.522
-42.917
-36.84
-36.99
-41.864
-40.567
-47.253
-42.952
-47.319
-40.307
-48.721
-46.266
-47.347
-41.388
-42.294
-46.371
-45.241
-45.285
-42.247
-42.336
-45.301
-47.382
-45.373
-44.741
-47.44
-42.89
-42.89
-42.89
-42.89
-42.89
-42.89
-42.89
-42.89
-42.89
-42.89
-42.89
-42.89
-42.89
-42.89
-42.89
-42.89
-42.89
-42.89
-42.89
-42.89
-42.89
-42.89
-42.89
-42.89
-42.89
-42.89
-42.89
-42.89
-42.89
-42.89
-42.89
-42.89
-42.89
-42.89
-42.89
-42.89
-42.89
-42.89
-42.89
-42.89
-42.89
-42.89
-42.89
-42.89
-42.89
-42.89
-42.89
-42.89
-42.89
-42.89
-42.89
-42.89
-42.89
-42.89
-42.89
-42.89
-42.89
-42.89
-42.89
-42.89
-42.89
-42.89
