334.617
330.797
328.15
323.767
320.837
329.149
327.778
318.649
323.29
324.723
322.52
306.263
309.032
267.367
268.255
221.966
211.003
185.516
128.754
107.862
76.264
60.299
35.975
21.061
-8.47699
-12.389
-13.547
-15.878
-18.888
-15.055
-19.259
-26.375
-28.437
-27.071
-25.007
-14.996
-22.304
-34.38
-24.506
-26.403
-37.845
-33.411
-39.443
-26.522
-38.917
-46.84
-37.99
-35.864
-40.567
-47.253
-48.952
-47.319
-43.307
-38.721
-46.266
-23.347
-40.388
-40.294
-45.371
-35.241
-37.285
-35.247
-40.336
-42.301
-41.382
-38.373
-39.741
-34.44
-32.89
-32.89
-32.89
-32.89
-32.89
-32.89
-32.89
-32.89
-32.89
-32.89
-32.89
-32.89
-32.89
-32.89
-32.89
-32.89
-32.89
-32.89
-32.89
-32.89
-32.89
-32.89
-32.89
-32.89
-32.89
-32.89
-32.89
-32.89
-32.89
-32.89
-32.89
-32.89
-32.89
-32.89
-32.89
-32.89
-32.89
-32.89
-32.89
-32.89
-32.89
-32.89
-32.89
-32.89
-32.89
-32.89
-32.89
-32.89
-32.89
-32.89
-32.89
-32.89
-32.89
-32.89
-32.89
-32.89
-32.89
-32.89
-32.89
-32.89
-32.89
-32.89
