323.617
316.797
321.15
317.767
317.837
321.149
321.778
322.649
312.29
308.723
309.52
293.263
286.032
263.367
249.255
226.966
199.003
177.516
135.754
100.862
76.264
55.299
25.975
7.061
-7.47699
-18.389
-18.547
-22.878
-36.888
-31.055
-33.259
-35.375
-40.437
-30.071
-32.007
-31.996
-35.304
-33.38
-33.506
-35.403
-36.845
-40.411
-34.443
-40.522
-37.917
-37.84
-38.99
-37.864
-34.567
-40.253
-41.952
-40.319
-46.307
-43.721
-46.266
-46.347
-47.388
-46.294
-46.371
-40.241
-40.285
-41.247
-40.336
-46.301
-40.382
-46.373
-45.741
-45.44
-41.89
-41.89
-41.89
-41.89
-41.89
-41.89
-41.89
-41.89
-41.89
-41.89
-41.89
-41.89
-41.89
-41.89
-41.89
-41.89
-41.89
-41.89
-41.89
-41.89
-41.89
-41.89
-41.89
-41.89
-41.89
-41.89
-41.89
-41.89
-41.89
-41.89
-41.89
-41.89
-41.89
-41.89
-41.89
-41.89
-41.89
-41.89
-41.89
-41.89
-41.89
-41.89
-41.89
-41.89
-41.89
-41.89
-41.89
-41.89
-41.89
-41.89
-41.89
-41.89
-41.89
-41.89
-41.89
-41.89
-41.89
-41.89
-41.89
-41.89
-41.89
-41.89
