325.617
318.797
320.15
322.767
311.837
327.149
320.778
320.649
323.29
315.723
304.52
299.263
290.032
265.367
259.255
230.966
201.003
173.516
149.754
92.862
81.264
56.299
28.975
20.061
-4.47699
-18.389
-1.547
-22.878
-33.888
-29.055
-24.259
-30.375
-38.437
-29.071
-35.007
-35.996
-25.304
-33.38
-38.506
-33.403
-29.845
-28.411
-27.443
-36.522
-34.917
-34.84
-37.99
-42.864
-34.567
-41.253
-35.952
-32.319
-37.307
-34.721
-49.266
-34.347
-39.388
-40.294
-32.371
-46.241
-35.285
-39.247
-36.336
-32.301
-34.382
-38.373
-49.741
-34.44
-30.89
-30.89
-30.89
-30.89
-30.89
-30.89
-30.89
-30.89
-30.89
-30.89
-30.89
-30.89
-30.89
-30.89
-30.89
-30.89
-30.89
-30.89
-30.89
-30.89
-30.89
-30.89
-30.89
-30.89
-30.89
-30.89
-30.89
-30.89
-30.89
-30.89
-30.89
-30.89
-30.89
-30.89
-30.89
-30.89
-30.89
-30.89
-30.89
-30.89
-30.89
-30.89
-30.89
-30.89
-30.89
-30.89
-30.89
-30.89
-30.89
-30.89
-30.89
-30.89
-30.89
-30.89
-30.89
-30.89
-30.89
-30.89
-30.89
-30.89
-30.89
-30.89
