322.617
320.797
324.15
321.767
315.837
320.149
322.778
316.649
317.29
315.723
315.52
292.263
291.032
269.367
254.255
231.966
199.003
178.516
136.754
100.862
77.264
57.299
26.975
12.061
-7.47699
-18.389
-12.547
-27.878
-35.888
-36.055
-34.259
-34.375
-38.437
-36.071
-36.007
-36.996
-38.304
-39.38
-38.506
-40.403
-43.845
-33.411
-33.443
-40.522
-41.917
-36.84
-41.99
-42.864
-38.567
-45.253
-38.952
-47.319
-47.307
-50.721
-47.266
-42.347
-41.388
-46.294
-42.371
-47.241
-47.285
-40.247
-42.336
-40.301
-47.382
-41.373
-45.741
-47.44
-36.89
-36.89
-36.89
-36.89
-36.89
-36.89
-36.89
-36.89
-36.89
-36.89
-36.89
-36.89
-36.89
-36.89
-36.89
-36.89
-36.89
-36.89
-36.89
-36.89
-36.89
-36.89
-36.89
-36.89
-36.89
-36.89
-36.89
-36.89
-36.89
-36.89
-36.89
-36.89
-36.89
-36.89
-36.89
-36.89
-36.89
-36.89
-36.89
-36.89
-36.89
-36.89
-36.89
-36.89
-36.89
-36.89
-36.89
-36.89
-36.89
-36.89
-36.89
-36.89
-36.89
-36.89
-36.89
-36.89
-36.89
-36.89
-36.89
-36.89
-36.89
-36.89
