322.617
321.797
319.15
321.767
315.837
319.149
315.778
321.649
318.29
309.723
313.52
292.263
284.032
265.367
250.255
226.966
203.003
178.516
130.754
95.862
76.264
57.299
31.975
10.061
-12.477
-13.389
-18.547
-27.878
-29.888
-35.055
-40.259
-40.375
-38.437
-36.071
-32.007
-30.996
-33.304
-38.38
-39.506
-39.403
-41.845
-33.411
-33.443
-39.522
-36.917
-37.84
-41.99
-37.864
-38.567
-46.253
-42.952
-47.319
-45.307
-45.721
-40.266
-47.347
-42.388
-42.294
-47.371
-47.241
-42.285
-45.247
-40.336
-41.301
-46.382
-41.373
-50.741
-41.44
-43.89
-43.89
-43.89
-43.89
-43.89
-43.89
-43.89
-43.89
-43.89
-43.89
-43.89
-43.89
-43.89
-43.89
-43.89
-43.89
-43.89
-43.89
-43.89
-43.89
-43.89
-43.89
-43.89
-43.89
-43.89
-43.89
-43.89
-43.89
-43.89
-43.89
-43.89
-43.89
-43.89
-43.89
-43.89
-43.89
-43.89
-43.89
-43.89
-43.89
-43.89
-43.89
-43.89
-43.89
-43.89
-43.89
-43.89
-43.89
-43.89
-43.89
-43.89
-43.89
-43.89
-43.89
-43.89
-43.89
-43.89
-43.89
-43.89
-43.89
-43.89
-43.89
