323.617
322.797
326.15
320.767
323.837
330.149
323.778
327.649
329.29
317.723
306.52
293.263
300.032
272.367
253.255
232.966
206.003
179.516
150.754
108.862
84.264
56.299
34.975
24.061
-0.47699
-11.389
-7.547
-12.878
-22.888
-28.055
-29.259
-29.375
-33.437
-27.071
-18.007
-24.996
-36.304
-31.38
-38.506
-35.403
-31.845
-34.411
-24.443
-35.522
-38.917
-42.84
-41.99
-40.864
-38.567
-41.253
-39.952
-46.319
-39.307
-37.721
-43.266
-37.347
-45.388
-40.294
-30.371
-34.241
-39.285
-42.247
-41.336
-44.301
-50.382
-34.373
-39.741
-38.44
-35.89
-35.89
-35.89
-35.89
-35.89
-35.89
-35.89
-35.89
-35.89
-35.89
-35.89
-35.89
-35.89
-35.89
-35.89
-35.89
-35.89
-35.89
-35.89
-35.89
-35.89
-35.89
-35.89
-35.89
-35.89
-35.89
-35.89
-35.89
-35.89
-35.89
-35.89
-35.89
-35.89
-35.89
-35.89
-35.89
-35.89
-35.89
-35.89
-35.89
-35.89
-35.89
-35.89
-35.89
-35.89
-35.89
-35.89
-35.89
-35.89
-35.89
-35.89
-35.89
-35.89
-35.89
-35.89
-35.89
-35.89
-35.89
-35.89
-35.89
-35.89
-35.89
