339.617
322.797
336.15
324.767
325.837
324.149
316.778
323.649
330.29
314.723
318.52
298.263
292.032
275.367
258.255
231.966
206.003
198.516
136.754
101.862
86.264
55.299
21.975
7.061
-8.47699
-11.389
-7.547
-25.878
-28.888
-25.055
-26.259
-30.375
-42.437
-34.071
-29.007
-32.996
-23.304
-26.38
-32.506
-17.403
-30.845
-26.411
-20.443
-38.522
-24.917
-29.84
-26.99
-44.864
-34.567
-30.253
-26.952
-45.319
-36.307
-49.721
-45.266
-41.347
-31.388
-29.294
-40.371
-40.241
-34.285
-28.247
-34.336
-44.301
-47.382
-43.373
-41.741
-43.44
-30.89
-30.89
-30.89
-30.89
-30.89
-30.89
-30.89
-30.89
-30.89
-30.89
-30.89
-30.89
-30.89
-30.89
-30.89
-30.89
-30.89
-30.89
-30.89
-30.89
-30.89
-30.89
-30.89
-30.89
-30.89
-30.89
-30.89
-30.89
-30.89
-30.89
-30.89
-30.89
-30.89
-30.89
-30.89
-30.89
-30.89
-30.89
-30.89
-30.89
-30.89
-30.89
-30.89
-30.89
-30.89
-30.89
-30.89
-30.89
-30.89
-30.89
-30.89
-30.89
-30.89
-30.89
-30.89
-30.89
-30.89
-30.89
-30.89
-30.89
-30.89
-30.89
