332.617
325.797
328.15
316.767
323.837
328.149
325.778
314.649
312.29
316.723
313.52
299.263
293.032
264.367
252.255
232.966
209.003
189.516
139.754
109.862
79.264
65.299
26.975
13.061
-2.47699
-7.38901
-8.547
-19.878
-33.888
-29.055
-37.259
-38.375
-35.437
-27.071
-30.007
-28.996
-42.304
-32.38
-42.506
-29.403
-29.845
-30.411
-30.443
-30.522
-44.917
-40.84
-27.99
-41.864
-36.567
-34.253
-29.952
-49.319
-41.307
-45.721
-39.266
-47.347
-46.388
-43.294
-36.371
-50.241
-49.285
-43.247
-33.336
-33.301
-39.382
-41.373
-41.741
-34.44
-39.89
-39.89
-39.89
-39.89
-39.89
-39.89
-39.89
-39.89
-39.89
-39.89
-39.89
-39.89
-39.89
-39.89
-39.89
-39.89
-39.89
-39.89
-39.89
-39.89
-39.89
-39.89
-39.89
-39.89
-39.89
-39.89
-39.89
-39.89
-39.89
-39.89
-39.89
-39.89
-39.89
-39.89
-39.89
-39.89
-39.89
-39.89
-39.89
-39.89
-39.89
-39.89
-39.89
-39.89
-39.89
-39.89
-39.89
-39.89
-39.89
-39.89
-39.89
-39.89
-39.89
-39.89
-39.89
-39.89
-39.89
-39.89
-39.89
-39.89
-39.89
-39.89
