326.617
332.797
324.15
312.767
311.837
330.149
341.778
336.649
326.29
336.723
316.52
295.263
316.032
267.367
264.255
236.966
218.003
185.516
143.754
123.862
98.264
81.299
40.975
20.061
-10.477
-15.389
-2.547
-3.87799
-16.888
-29.055
-9.259
-18.375
-25.437
-10.071
-25.007
-23.996
-28.304
-29.38
-31.506
-34.403
-20.845
-23.411
-6.44299
-17.522
-20.917
-13.84
-20.99
-33.864
-35.567
-14.253
-37.952
-29.319
-34.307
-29.721
-33.266
-30.347
-39.388
-21.294
-37.371
-28.241
-18.285
-30.247
-19.336
-35.301
-20.382
-32.373
-32.741
-35.44
-35.89
-35.89
-35.89
-35.89
-35.89
-35.89
-35.89
-35.89
-35.89
-35.89
-35.89
-35.89
-35.89
-35.89
-35.89
-35.89
-35.89
-35.89
-35.89
-35.89
-35.89
-35.89
-35.89
-35.89
-35.89
-35.89
-35.89
-35.89
-35.89
-35.89
-35.89
-35.89
-35.89
-35.89
-35.89
-35.89
-35.89
-35.89
-35.89
-35.89
-35.89
-35.89
-35.89
-35.89
-35.89
-35.89
-35.89
-35.89
-35.89
-35.89
-35.89
-35.89
-35.89
-35.89
-35.89
-35.89
-35.89
-35.89
-35.89
-35.89
-35.89
-35.89
