320.617
324.797
322.15
321.767
320.837
327.149
321.778
316.649
317.29
308.723
318.52
292.263
294.032
267.367
254.255
233.966
206.003
181.516
136.754
98.862
80.264
53.299
26.975
15.061
-3.47699
-14.389
-15.547
-25.878
-34.888
-28.055
-31.259
-35.375
-33.437
-28.071
-26.007
-36.996
-35.304
-37.38
-36.506
-29.403
-33.845
-32.411
-37.443
-29.522
-44.917
-39.84
-38.99
-31.864
-40.567
-49.253
-36.952
-43.319
-43.307
-38.721
-44.266
-35.347
-43.388
-48.294
-44.371
-47.241
-43.285
-38.247
-46.336
-42.301
-46.382
-41.373
-41.741
-37.44
-38.89
-38.89
-38.89
-38.89
-38.89
-38.89
-38.89
-38.89
-38.89
-38.89
-38.89
-38.89
-38.89
-38.89
-38.89
-38.89
-38.89
-38.89
-38.89
-38.89
-38.89
-38.89
-38.89
-38.89
-38.89
-38.89
-38.89
-38.89
-38.89
-38.89
-38.89
-38.89
-38.89
-38.89
-38.89
-38.89
-38.89
-38.89
-38.89
-38.89
-38.89
-38.89
-38.89
-38.89
-38.89
-38.89
-38.89
-38.89
-38.89
-38.89
-38.89
-38.89
-38.89
-38.89
-38.89
-38.89
-38.89
-38.89
-38.89
-38.89
-38.89
-38.89
