327.617
322.797
325.15
320.767
322.837
325.149
320.778
316.649
313.29
308.723
310.52
297.263
290.032
265.367
255.255
224.966
202.003
179.516
137.754
101.862
71.264
57.299
30.975
10.061
-12.477
-12.389
-14.547
-22.878
-31.888
-37.055
-34.259
-40.375
-40.437
-36.071
-36.007
-35.996
-39.304
-35.38
-40.506
-33.403
-38.845
-39.411
-35.443
-33.522
-42.917
-42.84
-36.99
-43.864
-38.567
-41.253
-37.952
-46.319
-40.307
-49.721
-45.266
-46.347
-42.388
-45.294
-42.371
-47.241
-47.285
-46.247
-42.336
-40.301
-46.382
-47.373
-43.741
-42.44
-37.89
-37.89
-37.89
-37.89
-37.89
-37.89
-37.89
-37.89
-37.89
-37.89
-37.89
-37.89
-37.89
-37.89
-37.89
-37.89
-37.89
-37.89
-37.89
-37.89
-37.89
-37.89
-37.89
-37.89
-37.89
-37.89
-37.89
-37.89
-37.89
-37.89
-37.89
-37.89
-37.89
-37.89
-37.89
-37.89
-37.89
-37.89
-37.89
-37.89
-37.89
-37.89
-37.89
-37.89
-37.89
-37.89
-37.89
-37.89
-37.89
-37.89
-37.89
-37.89
-37.89
-37.89
-37.89
-37.89
-37.89
-37.89
-37.89
-37.89
-37.89
-37.89
