330.617
320.797
332.15
327.767
337.837
320.149
329.778
322.649
322.29
311.723
310.52
292.263
297.032
270.367
251.255
236.966
204.003
179.516
141.754
99.862
78.264
50.299
43.975
23.061
7.52301
-14.389
-12.547
-24.878
-24.888
-28.055
-31.259
-23.375
-36.437
-31.071
-29.007
-30.996
-32.304
-18.38
-32.506
-43.403
-35.845
-35.411
-39.443
-21.522
-44.917
-42.84
-39.99
-21.864
-16.567
-33.253
-40.952
-32.319
-29.307
-40.721
-32.266
-35.347
-34.388
-36.294
-27.371
-37.241
-34.285
-42.247
-24.336
-32.301
-35.382
-42.373
-39.741
-37.44
-37.89
-37.89
-37.89
-37.89
-37.89
-37.89
-37.89
-37.89
-37.89
-37.89
-37.89
-37.89
-37.89
-37.89
-37.89
-37.89
-37.89
-37.89
-37.89
-37.89
-37.89
-37.89
-37.89
-37.89
-37.89
-37.89
-37.89
-37.89
-37.89
-37.89
-37.89
-37.89
-37.89
-37.89
-37.89
-37.89
-37.89
-37.89
-37.89
-37.89
-37.89
-37.89
-37.89
-37.89
-37.89
-37.89
-37.89
-37.89
-37.89
-37.89
-37.89
-37.89
-37.89
-37.89
-37.89
-37.89
-37.89
-37.89
-37.89
-37.89
-37.89
-37.89
