327.617
316.797
328.15
317.767
314.837
323.149
313.778
319.649
310.29
319.723
313.52
296.263
293.032
268.367
255.255
229.966
201.003
177.516
134.754
99.862
76.264
58.299
30.975
10.061
-6.47699
-8.38901
-10.547
-25.878
-30.888
-38.055
-33.259
-34.375
-37.437
-25.071
-32.007
-30.996
-37.304
-35.38
-34.506
-30.403
-38.845
-35.411
-38.443
-35.522
-36.917
-37.84
-34.99
-32.864
-31.567
-42.253
-31.952
-35.319
-41.307
-52.721
-42.266
-41.347
-37.388
-35.294
-43.371
-47.241
-41.285
-40.247
-35.336
-42.301
-41.382
-43.373
-46.741
-42.44
-40.89
-40.89
-40.89
-40.89
-40.89
-40.89
-40.89
-40.89
-40.89
-40.89
-40.89
-40.89
-40.89
-40.89
-40.89
-40.89
-40.89
-40.89
-40.89
-40.89
-40.89
-40.89
-40.89
-40.89
-40.89
-40.89
-40.89
-40.89
-40.89
-40.89
-40.89
-40.89
-40.89
-40.89
-40.89
-40.89
-40.89
-40.89
-40.89
-40.89
-40.89
-40.89
-40.89
-40.89
-40.89
-40.89
-40.89
-40.89
-40.89
-40.89
-40.89
-40.89
-40.89
-40.89
-40.89
-40.89
-40.89
-40.89
-40.89
-40.89
-40.89
-40.89
