326.617
324.797
334.15
329.767
319.837
341.149
321.778
328.649
319.29
319.723
328.52
296.263
300.032
281.367
255.255
236.966
211.003
192.516
139.754
101.862
86.264
55.299
33.975
24.061
12.523
-5.38901
-17.547
-19.878
-32.888
-28.055
-21.259
-34.375
-27.437
-28.071
-14.007
-30.996
-30.304
-27.38
-27.506
-22.403
-36.845
-26.411
-30.443
-23.522
-39.917
-27.84
-32.99
-27.864
-41.567
-42.253
-35.952
-35.319
-32.307
-38.721
-35.266
-31.347
-38.388
-44.294
-44.371
-51.241
-34.285
-37.247
-46.336
-35.301
-33.382
-30.373
-30.741
-29.44
-34.89
-34.89
-34.89
-34.89
-34.89
-34.89
-34.89
-34.89
-34.89
-34.89
-34.89
-34.89
-34.89
-34.89
-34.89
-34.89
-34.89
-34.89
-34.89
-34.89
-34.89
-34.89
-34.89
-34.89
-34.89
-34.89
-34.89
-34.89
-34.89
-34.89
-34.89
-34.89
-34.89
-34.89
-34.89
-34.89
-34.89
-34.89
-34.89
-34.89
-34.89
-34.89
-34.89
-34.89
-34.89
-34.89
-34.89
-34.89
-34.89
-34.89
-34.89
-34.89
-34.89
-34.89
-34.89
-34.89
-34.89
-34.89
-34.89
-34.89
-34.89
-34.89
