339.617
329.797
338.15
330.767
323.837
338.149
331.778
318.649
332.29
326.723
326.52
308.263
305.032
277.367
276.255
231.966
214.003
186.516
131.754
105.862
84.264
60.299
37.975
22.061
0.52301
-7.38901
-10.547
-11.878
-10.888
-16.055
-16.259
-27.375
-31.437
-30.071
-15.007
-5.996
-26.304
-26.38
-25.506
-18.403
-39.845
-35.411
-30.443
-18.522
-38.917
-37.84
-29.99
-35.864
-37.567
-45.253
-43.952
-44.319
-34.307
-35.721
-47.266
-26.347
-31.388
-42.294
-37.371
-29.241
-34.285
-28.247
-40.336
-40.301
-43.382
-31.373
-35.741
-30.44
-34.89
-34.89
-34.89
-34.89
-34.89
-34.89
-34.89
-34.89
-34.89
-34.89
-34.89
-34.89
-34.89
-34.89
-34.89
-34.89
-34.89
-34.89
-34.89
-34.89
-34.89
-34.89
-34.89
-34.89
-34.89
-34.89
-34.89
-34.89
-34.89
-34.89
-34.89
-34.89
-34.89
-34.89
-34.89
-34.89
-34.89
-34.89
-34.89
-34.89
-34.89
-34.89
-34.89
-34.89
-34.89
-34.89
-34.89
-34.89
-34.89
-34.89
-34.89
-34.89
-34.89
-34.89
-34.89
-34.89
-34.89
-34.89
-34.89
-34.89
-34.89
-34.89
