340.617
330.797
325.15
326.767
337.837
339.149
326.778
333.649
317.29
313.723
331.52
311.263
297.032
272.367
256.255
231.966
215.003
189.516
150.754
100.862
88.264
62.299
45.975
28.061
-2.47699
2.61099
-7.547
-15.878
-15.888
-22.055
-33.259
-29.375
-16.437
-29.071
-39.007
-24.996
-26.304
-32.38
-29.506
-27.403
-35.845
-35.411
-19.443
-22.522
-39.917
-26.84
-21.99
-33.864
-30.567
-28.253
-41.952
-39.319
-21.307
-49.721
-35.266
-43.347
-28.388
-41.294
-35.371
-37.241
-28.285
-28.247
-26.336
-31.301
-34.382
-31.373
-33.741
-47.44
-38.89
-38.89
-38.89
-38.89
-38.89
-38.89
-38.89
-38.89
-38.89
-38.89
-38.89
-38.89
-38.89
-38.89
-38.89
-38.89
-38.89
-38.89
-38.89
-38.89
-38.89
-38.89
-38.89
-38.89
-38.89
-38.89
-38.89
-38.89
-38.89
-38.89
-38.89
-38.89
-38.89
-38.89
-38.89
-38.89
-38.89
-38.89
-38.89
-38.89
-38.89
-38.89
-38.89
-38.89
-38.89
-38.89
-38.89
-38.89
-38.89
-38.89
-38.89
-38.89
-38.89
-38.89
-38.89
-38.89
-38.89
-38.89
-38.89
-38.89
-38.89
-38.89
