322.617
316.797
325.15
317.767
316.837
324.149
315.778
321.649
312.29
314.723
313.52
291.263
289.032
270.367
255.255
231.966
198.003
177.516
131.754
96.862
78.264
55.299
27.975
11.061
-5.47699
-13.389
-14.547
-29.878
-30.888
-37.055
-38.259
-39.375
-40.437
-30.071
-31.007
-35.996
-35.304
-40.38
-38.506
-35.403
-36.845
-33.411
-38.443
-33.522
-41.917
-36.84
-38.99
-37.864
-34.567
-46.253
-36.952
-40.319
-46.307
-50.721
-45.266
-45.347
-40.388
-40.294
-41.371
-45.241
-45.285
-40.247
-40.336
-47.301
-41.382
-46.373
-49.741
-42.44
-38.89
-38.89
-38.89
-38.89
-38.89
-38.89
-38.89
-38.89
-38.89
-38.89
-38.89
-38.89
-38.89
-38.89
-38.89
-38.89
-38.89
-38.89
-38.89
-38.89
-38.89
-38.89
-38.89
-38.89
-38.89
-38.89
-38.89
-38.89
-38.89
-38.89
-38.89
-38.89
-38.89
-38.89
-38.89
-38.89
-38.89
-38.89
-38.89
-38.89
-38.89
-38.89
-38.89
-38.89
-38.89
-38.89
-38.89
-38.89
-38.89
-38.89
-38.89
-38.89
-38.89
-38.89
-38.89
-38.89
-38.89
-38.89
-38.89
-38.89
-38.89
-38.89
