335.617
326.797
336.15
337.767
322.837
336.149
329.778
325.649
325.29
312.723
321.52
304.263
288.032
290.367
268.255
235.966
217.003
189.516
144.754
101.862
89.264
64.299
42.975
11.061
0.52301
-17.389
-5.547
-20.878
-14.888
-16.055
-17.259
-42.375
-26.437
-24.071
-28.007
-23.996
-21.304
-25.38
-25.506
-39.403
-19.845
-26.411
-31.443
-22.522
-38.917
-33.84
-36.99
-27.864
-21.567
-26.253
-13.952
-38.319
-30.307
-33.721
-19.266
-40.347
-41.388
-34.294
-19.371
-32.241
-24.285
-32.247
-26.336
-30.301
-52.382
-26.373
-37.741
-30.44
-28.89
-28.89
-28.89
-28.89
-28.89
-28.89
-28.89
-28.89
-28.89
-28.89
-28.89
-28.89
-28.89
-28.89
-28.89
-28.89
-28.89
-28.89
-28.89
-28.89
-28.89
-28.89
-28.89
-28.89
-28.89
-28.89
-28.89
-28.89
-28.89
-28.89
-28.89
-28.89
-28.89
-28.89
-28.89
-28.89
-28.89
-28.89
-28.89
-28.89
-28.89
-28.89
-28.89
-28.89
-28.89
-28.89
-28.89
-28.89
-28.89
-28.89
-28.89
-28.89
-28.89
-28.89
-28.89
-28.89
-28.89
-28.89
-28.89
-28.89
-28.89
-28.89
