333.617
331.797
337.15
340.767
327.837
344.149
334.778
323.649
322.29
326.723
336.52
302.263
310.032
276.367
254.255
243.966
209.003
195.516
142.754
98.862
87.264
63.299
36.975
32.061
18.523
-2.38901
-10.547
-13.878
-25.888
-26.055
-16.259
-26.375
-21.437
-20.071
-11.007
-24.996
-32.304
-28.38
-20.506
-19.403
-37.845
-15.411
-33.443
-26.522
-24.917
-18.84
-37.99
-20.864
-34.567
-43.253
-33.952
-28.319
-34.307
-41.721
-32.266
-23.347
-23.388
-36.294
-37.371
-43.241
-30.285
-28.247
-32.336
-25.301
-30.382
-28.373
-27.741
-28.44
-35.89
-35.89
-35.89
-35.89
-35.89
-35.89
-35.89
-35.89
-35.89
-35.89
-35.89
-35.89
-35.89
-35.89
-35.89
-35.89
-35.89
-35.89
-35.89
-35.89
-35.89
-35.89
-35.89
-35.89
-35.89
-35.89
-35.89
-35.89
-35.89
-35.89
-35.89
-35.89
-35.89
-35.89
-35.89
-35.89
-35.89
-35.89
-35.89
-35.89
-35.89
-35.89
-35.89
-35.89
-35.89
-35.89
-35.89
-35.89
-35.89
-35.89
-35.89
-35.89
-35.89
-35.89
-35.89
-35.89
-35.89
-35.89
-35.89
-35.89
-35.89
-35.89
