320.617
324.797
322.15
320.767
325.837
325.149
318.778
323.649
326.29
317.723
307.52
295.263
300.032
268.367
254.255
229.966
201.003
175.516
147.754
103.862
85.264
57.299
34.975
20.061
1.52301
-9.38901
-12.547
-17.878
-25.888
-27.055
-27.259
-32.375
-38.437
-27.071
-23.007
-29.996
-36.304
-29.38
-36.506
-33.403
-29.845
-37.411
-29.443
-35.522
-36.917
-45.84
-46.99
-40.864
-36.567
-45.253
-39.952
-45.319
-42.307
-40.721
-47.266
-42.347
-45.388
-38.294
-33.371
-39.241
-37.285
-41.247
-45.336
-43.301
-49.382
-33.373
-43.741
-38.44
-38.89
-38.89
-38.89
-38.89
-38.89
-38.89
-38.89
-38.89
-38.89
-38.89
-38.89
-38.89
-38.89
-38.89
-38.89
-38.89
-38.89
-38.89
-38.89
-38.89
-38.89
-38.89
-38.89
-38.89
-38.89
-38.89
-38.89
-38.89
-38.89
-38.89
-38.89
-38.89
-38.89
-38.89
-38.89
-38.89
-38.89
-38.89
-38.89
-38.89
-38.89
-38.89
-38.89
-38.89
-38.89
-38.89
-38.89
-38.89
-38.89
-38.89
-38.89
-38.89
-38.89
-38.89
-38.89
-38.89
-38.89
-38.89
-38.89
-38.89
-38.89
-38.89
