336.617
319.797
327.15
326.767
327.837
333.149
318.778
322.649
330.29
311.723
326.52
301.263
292.032
277.367
262.255
228.966
207.003
183.516
138.754
107.862
80.264
64.299
26.975
15.061
-4.47699
-7.38901
-10.547
-14.878
-23.888
-31.055
-26.259
-37.375
-32.437
-32.071
-34.007
-22.996
-35.304
-27.38
-27.506
-28.403
-32.845
-27.411
-35.443
-39.522
-28.917
-40.84
-35.99
-35.864
-38.567
-40.253
-29.952
-37.319
-39.307
-43.721
-39.266
-50.347
-36.388
-43.294
-51.371
-44.241
-39.285
-36.247
-34.336
-33.301
-41.382
-34.373
-38.741
-36.44
-40.89
-40.89
-40.89
-40.89
-40.89
-40.89
-40.89
-40.89
-40.89
-40.89
-40.89
-40.89
-40.89
-40.89
-40.89
-40.89
-40.89
-40.89
-40.89
-40.89
-40.89
-40.89
-40.89
-40.89
-40.89
-40.89
-40.89
-40.89
-40.89
-40.89
-40.89
-40.89
-40.89
-40.89
-40.89
-40.89
-40.89
-40.89
-40.89
-40.89
-40.89
-40.89
-40.89
-40.89
-40.89
-40.89
-40.89
-40.89
-40.89
-40.89
-40.89
-40.89
-40.89
-40.89
-40.89
-40.89
-40.89
-40.89
-40.89
-40.89
-40.89
-40.89
