332.617
322.797
323.15
315.767
316.837
322.149
320.778
313.649
322.29
311.723
312.52
297.263
294.032
265.367
254.255
223.966
198.003
178.516
131.754
100.862
70.264
56.299
34.975
15.061
-8.47699
-15.389
-14.547
-19.878
-30.888
-28.055
-28.259
-35.375
-34.437
-34.071
-37.007
-27.996
-35.304
-37.38
-30.506
-35.403
-37.845
-36.411
-36.443
-31.522
-39.917
-40.84
-34.99
-44.864
-40.567
-43.253
-45.952
-43.319
-44.307
-45.721
-47.266
-35.347
-42.388
-41.294
-41.371
-37.241
-43.285
-47.247
-42.336
-44.301
-37.382
-43.373
-45.741
-45.44
-33.89
-33.89
-33.89
-33.89
-33.89
-33.89
-33.89
-33.89
-33.89
-33.89
-33.89
-33.89
-33.89
-33.89
-33.89
-33.89
-33.89
-33.89
-33.89
-33.89
-33.89
-33.89
-33.89
-33.89
-33.89
-33.89
-33.89
-33.89
-33.89
-33.89
-33.89
-33.89
-33.89
-33.89
-33.89
-33.89
-33.89
-33.89
-33.89
-33.89
-33.89
-33.89
-33.89
-33.89
-33.89
-33.89
-33.89
-33.89
-33.89
-33.89
-33.89
-33.89
-33.89
-33.89
-33.89
-33.89
-33.89
-33.89
-33.89
-33.89
-33.89
-33.89
