328.617
326.797
322.15
320.767
328.837
320.149
314.778
336.649
324.29
313.723
313.52
290.263
280.032
262.367
262.255
223.966
205.003
178.516
135.754
99.862
81.264
54.299
36.975
15.061
-11.477
-13.389
-11.547
-28.878
-23.888
-21.055
-35.259
-34.375
-29.437
-40.071
-36.007
-28.996
-32.304
-29.38
-29.506
-42.403
-39.845
-29.411
-27.443
-40.522
-31.917
-25.84
-26.99
-27.864
-35.567
-45.253
-29.952
-43.319
-37.307
-38.721
-43.266
-38.347
-41.388
-40.294
-37.371
-44.241
-41.285
-30.247
-31.336
-42.301
-48.382
-38.373
-49.741
-39.44
-32.89
-32.89
-32.89
-32.89
-32.89
-32.89
-32.89
-32.89
-32.89
-32.89
-32.89
-32.89
-32.89
-32.89
-32.89
-32.89
-32.89
-32.89
-32.89
-32.89
-32.89
-32.89
-32.89
-32.89
-32.89
-32.89
-32.89
-32.89
-32.89
-32.89
-32.89
-32.89
-32.89
-32.89
-32.89
-32.89
-32.89
-32.89
-32.89
-32.89
-32.89
-32.89
-32.89
-32.89
-32.89
-32.89
-32.89
-32.89
-32.89
-32.89
-32.89
-32.89
-32.89
-32.89
-32.89
-32.89
-32.89
-32.89
-32.89
-32.89
-32.89
-32.89
