326.617
315.797
329.15
326.767
316.837
323.149
314.778
316.649
316.29
318.723
308.52
301.263
289.032
270.367
255.255
223.966
195.003
177.516
139.754
106.862
81.264
50.299
30.975
3.061
-7.47699
-13.389
-7.547
-22.878
-37.888
-30.055
-36.259
-34.375
-30.437
-32.071
-34.007
-37.996
-34.304
-36.38
-30.506
-35.403
-38.845
-37.411
-36.443
-31.522
-39.917
-43.84
-39.99
-41.864
-34.567
-42.253
-42.952
-43.319
-40.307
-47.721
-48.266
-43.347
-49.388
-44.294
-42.371
-41.241
-36.285
-44.247
-47.336
-35.301
-48.382
-46.373
-52.741
-48.44
-33.89
-33.89
-33.89
-33.89
-33.89
-33.89
-33.89
-33.89
-33.89
-33.89
-33.89
-33.89
-33.89
-33.89
-33.89
-33.89
-33.89
-33.89
-33.89
-33.89
-33.89
-33.89
-33.89
-33.89
-33.89
-33.89
-33.89
-33.89
-33.89
-33.89
-33.89
-33.89
-33.89
-33.89
-33.89
-33.89
-33.89
-33.89
-33.89
-33.89
-33.89
-33.89
-33.89
-33.89
-33.89
-33.89
-33.89
-33.89
-33.89
-33.89
-33.89
-33.89
-33.89
-33.89
-33.89
-33.89
-33.89
-33.89
-33.89
-33.89
-33.89
-33.89
