341.617
338.797
340.15
333.767
318.837
337.149
338.778
318.649
333.29
331.723
341.52
313.263
306.032
282.367
275.255
237.966
213.003
188.516
144.754
112.862
90.264
62.299
39.975
30.061
3.52301
4.61099
-11.547
-8.87799
-4.888
-18.055
-9.259
-23.375
-22.437
-31.071
-3.00699
4.004
-17.304
-14.38
-16.506
-9.40302
-29.845
-28.411
-32.443
-7.522
-37.917
-34.84
-16.99
-38.864
-37.567
-43.253
-36.952
-47.319
-38.307
-23.721
-36.266
-19.347
-36.388
-36.294
-36.371
-20.241
-39.285
-22.247
-29.336
-37.301
-36.382
-28.373
-28.741
-21.44
-32.89
-32.89
-32.89
-32.89
-32.89
-32.89
-32.89
-32.89
-32.89
-32.89
-32.89
-32.89
-32.89
-32.89
-32.89
-32.89
-32.89
-32.89
-32.89
-32.89
-32.89
-32.89
-32.89
-32.89
-32.89
-32.89
-32.89
-32.89
-32.89
-32.89
-32.89
-32.89
-32.89
-32.89
-32.89
-32.89
-32.89
-32.89
-32.89
-32.89
-32.89
-32.89
-32.89
-32.89
-32.89
-32.89
-32.89
-32.89
-32.89
-32.89
-32.89
-32.89
-32.89
-32.89
-32.89
-32.89
-32.89
-32.89
-32.89
-32.89
-32.89
-32.89
