320.617
326.797
328.15
313.767
312.837
323.149
329.778
334.649
316.29
320.723
308.52
295.263
299.032
269.367
248.255
224.966
203.003
184.516
137.754
110.862
80.264
65.299
31.975
17.061
-10.477
-18.389
-12.547
-9.87799
-27.888
-26.055
-28.259
-28.375
-29.437
-21.071
-27.007
-27.996
-31.304
-34.38
-30.506
-39.403
-34.845
-40.411
-23.443
-27.522
-30.917
-23.84
-29.99
-29.864
-33.567
-30.253
-36.952
-38.319
-40.307
-46.721
-39.266
-33.347
-41.388
-33.294
-38.371
-38.241
-29.285
-42.247
-35.336
-43.301
-31.382
-43.373
-38.741
-42.44
-38.89
-38.89
-38.89
-38.89
-38.89
-38.89
-38.89
-38.89
-38.89
-38.89
-38.89
-38.89
-38.89
-38.89
-38.89
-38.89
-38.89
-38.89
-38.89
-38.89
-38.89
-38.89
-38.89
-38.89
-38.89
-38.89
-38.89
-38.89
-38.89
-38.89
-38.89
-38.89
-38.89
-38.89
-38.89
-38.89
-38.89
-38.89
-38.89
-38.89
-38.89
-38.89
-38.89
-38.89
-38.89
-38.89
-38.89
-38.89
-38.89
-38.89
-38.89
-38.89
-38.89
-38.89
-38.89
-38.89
-38.89
-38.89
-38.89
-38.89
-38.89
-38.89
