336.617
333.797
323.15
323.767
335.837
338.149
325.778
336.649
316.29
318.723
335.52
314.263
299.032
277.367
258.255
228.966
222.003
191.516
146.754
101.862
97.264
59.299
49.975
31.061
6.52301
4.61099
-0.546997
-16.878
-12.888
-21.055
-29.259
-24.375
-10.437
-27.071
-42.007
-21.996
-23.304
-26.38
-19.506
-17.403
-33.845
-32.411
-14.443
-18.522
-34.917
-28.84
-14.99
-30.864
-33.567
-27.253
-33.952
-36.319
-17.307
-46.721
-39.266
-35.347
-26.388
-38.294
-32.371
-29.241
-31.285
-30.247
-19.336
-23.301
-26.382
-28.373
-30.741
-38.44
-29.89
-29.89
-29.89
-29.89
-29.89
-29.89
-29.89
-29.89
-29.89
-29.89
-29.89
-29.89
-29.89
-29.89
-29.89
-29.89
-29.89
-29.89
-29.89
-29.89
-29.89
-29.89
-29.89
-29.89
-29.89
-29.89
-29.89
-29.89
-29.89
-29.89
-29.89
-29.89
-29.89
-29.89
-29.89
-29.89
-29.89
-29.89
-29.89
-29.89
-29.89
-29.89
-29.89
-29.89
-29.89
-29.89
-29.89
-29.89
-29.89
-29.89
-29.89
-29.89
-29.89
-29.89
-29.89
-29.89
-29.89
-29.89
-29.89
-29.89
-29.89
-29.89
