322.617
336.797
318.15
334.767
332.837
333.149
325.778
321.649
321.29
316.723
331.52
304.263
299.032
270.367
263.255
241.966
215.003
200.516
136.754
114.862
80.264
65.299
45.975
13.061
3.52301
-10.389
-1.547
-23.878
-33.888
-31.055
-28.259
-19.375
-19.437
-24.071
-18.007
-21.996
-27.304
-21.38
-19.506
-26.403
-21.845
-20.411
-31.443
-9.522
-27.917
-29.84
-40.99
-36.864
-21.567
-49.253
-23.952
-30.319
-38.307
-34.721
-37.266
-25.347
-34.388
-34.294
-37.371
-28.241
-29.285
-26.247
-36.336
-42.301
-34.382
-28.373
-41.741
-22.44
-27.89
-27.89
-27.89
-27.89
-27.89
-27.89
-27.89
-27.89
-27.89
-27.89
-27.89
-27.89
-27.89
-27.89
-27.89
-27.89
-27.89
-27.89
-27.89
-27.89
-27.89
-27.89
-27.89
-27.89
-27.89
-27.89
-27.89
-27.89
-27.89
-27.89
-27.89
-27.89
-27.89
-27.89
-27.89
-27.89
-27.89
-27.89
-27.89
-27.89
-27.89
-27.89
-27.89
-27.89
-27.89
-27.89
-27.89
-27.89
-27.89
-27.89
-27.89
-27.89
-27.89
-27.89
-27.89
-27.89
-27.89
-27.89
-27.89
-27.89
-27.89
-27.89
