330.617
328.797
326.15
320.767
322.837
333.149
329.778
317.649
310.29
320.723
316.52
302.263
293.032
264.367
252.255
237.966
209.003
189.516
139.754
114.862
78.264
69.299
31.975
13.061
2.52301
-7.38901
-3.547
-14.878
-29.888
-26.055
-39.259
-34.375
-37.437
-27.071
-26.007
-24.996
-44.304
-33.38
-38.506
-30.403
-31.845
-27.411
-30.443
-25.522
-39.917
-41.84
-22.99
-36.864
-36.567
-35.253
-29.952
-50.319
-38.307
-46.721
-39.266
-47.347
-41.388
-38.294
-33.371
-52.241
-44.285
-43.247
-30.336
-35.301
-39.382
-43.373
-43.741
-31.44
-41.89
-41.89
-41.89
-41.89
-41.89
-41.89
-41.89
-41.89
-41.89
-41.89
-41.89
-41.89
-41.89
-41.89
-41.89
-41.89
-41.89
-41.89
-41.89
-41.89
-41.89
-41.89
-41.89
-41.89
-41.89
-41.89
-41.89
-41.89
-41.89
-41.89
-41.89
-41.89
-41.89
-41.89
-41.89
-41.89
-41.89
-41.89
-41.89
-41.89
-41.89
-41.89
-41.89
-41.89
-41.89
-41.89
-41.89
-41.89
-41.89
-41.89
-41.89
-41.89
-41.89
-41.89
-41.89
-41.89
-41.89
-41.89
-41.89
-41.89
-41.89
-41.89
