342.617
317.797
326.15
343.767
325.837
341.149
323.778
332.649
346.29
314.723
336.52
310.263
296.032
280.367
269.255
239.966
208.003
196.516
134.754
112.862
86.264
62.299
28.975
14.061
-7.47699
-1.38901
-3.547
-7.87799
-24.888
-24.055
-11.259
-31.375
-23.437
-24.071
-25.007
-4.996
-28.304
-13.38
-16.506
-13.403
-21.845
-26.411
-39.443
-23.522
-23.917
-30.84
-29.99
-40.864
-27.567
-36.253
-16.952
-22.319
-29.307
-39.721
-35.266
-44.347
-36.388
-39.294
-52.371
-32.241
-22.285
-24.247
-24.336
-22.301
-24.382
-23.373
-27.741
-31.44
-35.89
-35.89
-35.89
-35.89
-35.89
-35.89
-35.89
-35.89
-35.89
-35.89
-35.89
-35.89
-35.89
-35.89
-35.89
-35.89
-35.89
-35.89
-35.89
-35.89
-35.89
-35.89
-35.89
-35.89
-35.89
-35.89
-35.89
-35.89
-35.89
-35.89
-35.89
-35.89
-35.89
-35.89
-35.89
-35.89
-35.89
-35.89
-35.89
-35.89
-35.89
-35.89
-35.89
-35.89
-35.89
-35.89
-35.89
-35.89
-35.89
-35.89
-35.89
-35.89
-35.89
-35.89
-35.89
-35.89
-35.89
-35.89
-35.89
-35.89
-35.89
-35.89
