332.617
329.797
326.15
328.767
331.837
326.149
315.778
338.649
324.29
315.723
321.52
298.263
278.032
265.367
264.255
226.966
214.003
182.516
139.754
102.862
86.264
52.299
35.975
22.061
-13.477
-10.389
-15.547
-26.878
-14.888
-23.055
-29.259
-29.375
-20.437
-37.071
-38.007
-25.996
-30.304
-23.38
-24.506
-41.403
-30.845
-27.411
-17.443
-38.522
-24.917
-21.84
-23.99
-28.864
-31.567
-40.253
-31.952
-42.319
-34.307
-35.721
-45.266
-31.347
-32.388
-37.294
-29.371
-47.241
-42.285
-31.247
-35.336
-44.301
-44.382
-30.373
-40.741
-42.44
-24.89
-24.89
-24.89
-24.89
-24.89
-24.89
-24.89
-24.89
-24.89
-24.89
-24.89
-24.89
-24.89
-24.89
-24.89
-24.89
-24.89
-24.89
-24.89
-24.89
-24.89
-24.89
-24.89
-24.89
-24.89
-24.89
-24.89
-24.89
-24.89
-24.89
-24.89
-24.89
-24.89
-24.89
-24.89
-24.89
-24.89
-24.89
-24.89
-24.89
-24.89
-24.89
-24.89
-24.89
-24.89
-24.89
-24.89
-24.89
-24.89
-24.89
-24.89
-24.89
-24.89
-24.89
-24.89
-24.89
-24.89
-24.89
-24.89
-24.89
-24.89
-24.89
