335.617
316.797
327.15
335.767
328.837
347.149
326.778
329.649
329.29
322.723
318.52
292.263
291.032
279.367
258.255
243.966
220.003
187.516
152.754
115.862
85.264
60.299
44.975
28.061
11.523
-3.38901
-8.547
-1.87799
-14.888
-19.055
-17.259
-17.375
-13.437
-24.071
-4.00699
-14.996
-35.304
-30.38
-40.506
-26.403
-23.845
-31.411
-25.443
-36.522
-37.917
-21.84
-41.99
-40.864
-30.567
-32.253
-37.952
-46.319
-33.307
-38.721
-49.266
-32.347
-31.388
-32.294
-22.371
-30.241
-38.285
-42.247
-34.336
-30.301
-57.382
-25.373
-24.741
-31.44
-32.89
-32.89
-32.89
-32.89
-32.89
-32.89
-32.89
-32.89
-32.89
-32.89
-32.89
-32.89
-32.89
-32.89
-32.89
-32.89
-32.89
-32.89
-32.89
-32.89
-32.89
-32.89
-32.89
-32.89
-32.89
-32.89
-32.89
-32.89
-32.89
-32.89
-32.89
-32.89
-32.89
-32.89
-32.89
-32.89
-32.89
-32.89
-32.89
-32.89
-32.89
-32.89
-32.89
-32.89
-32.89
-32.89
-32.89
-32.89
-32.89
-32.89
-32.89
-32.89
-32.89
-32.89
-32.89
-32.89
-32.89
-32.89
-32.89
-32.89
-32.89
-32.89
