327.617
316.797
326.15
326.767
309.837
329.149
323.778
323.649
330.29
318.723
307.52
303.263
293.032
264.367
255.255
234.966
204.003
174.516
157.754
93.862
86.264
57.299
31.975
24.061
1.52301
-12.389
-3.547
-24.878
-28.888
-31.055
-26.259
-34.375
-32.437
-22.071
-32.007
-35.996
-22.304
-35.38
-28.506
-30.403
-21.845
-27.411
-24.443
-28.522
-32.917
-27.84
-34.99
-44.864
-31.567
-42.253
-32.952
-34.319
-30.307
-35.721
-47.266
-27.347
-40.388
-44.294
-29.371
-42.241
-37.285
-30.247
-33.336
-24.301
-29.382
-35.373
-47.741
-35.44
-31.89
-31.89
-31.89
-31.89
-31.89
-31.89
-31.89
-31.89
-31.89
-31.89
-31.89
-31.89
-31.89
-31.89
-31.89
-31.89
-31.89
-31.89
-31.89
-31.89
-31.89
-31.89
-31.89
-31.89
-31.89
-31.89
-31.89
-31.89
-31.89
-31.89
-31.89
-31.89
-31.89
-31.89
-31.89
-31.89
-31.89
-31.89
-31.89
-31.89
-31.89
-31.89
-31.89
-31.89
-31.89
-31.89
-31.89
-31.89
-31.89
-31.89
-31.89
-31.89
-31.89
-31.89
-31.89
-31.89
-31.89
-31.89
-31.89
-31.89
-31.89
-31.89
