324.617
322.797
321.15
326.767
323.837
319.149
320.778
316.649
319.29
306.723
315.52
293.263
287.032
268.367
253.255
228.966
202.003
182.516
135.754
99.862
76.264
56.299
33.975
9.061
-8.47699
-14.389
-14.547
-19.878
-36.888
-33.055
-31.259
-34.375
-28.437
-36.071
-27.007
-35.996
-41.304
-34.38
-34.506
-40.403
-37.845
-28.411
-41.443
-30.522
-39.917
-38.84
-44.99
-38.864
-36.567
-42.253
-31.952
-39.319
-38.307
-50.721
-42.266
-43.347
-41.388
-40.294
-44.371
-43.241
-44.285
-41.247
-47.336
-48.301
-43.382
-36.373
-43.741
-35.44
-37.89
-37.89
-37.89
-37.89
-37.89
-37.89
-37.89
-37.89
-37.89
-37.89
-37.89
-37.89
-37.89
-37.89
-37.89
-37.89
-37.89
-37.89
-37.89
-37.89
-37.89
-37.89
-37.89
-37.89
-37.89
-37.89
-37.89
-37.89
-37.89
-37.89
-37.89
-37.89
-37.89
-37.89
-37.89
-37.89
-37.89
-37.89
-37.89
-37.89
-37.89
-37.89
-37.89
-37.89
-37.89
-37.89
-37.89
-37.89
-37.89
-37.89
-37.89
-37.89
-37.89
-37.89
-37.89
-37.89
-37.89
-37.89
-37.89
-37.89
-37.89
-37.89
