342.617
317.797
330.15
340.767
327.837
339.149
330.778
336.649
319.29
335.723
308.52
302.263
291.032
279.367
267.255
229.966
200.003
182.516
148.754
117.862
92.264
60.299
42.975
17.061
6.52301
-5.38901
-5.547
-16.878
-27.888
-12.055
-19.259
-10.375
-22.437
-18.071
-15.007
-28.996
-25.304
-23.38
-13.506
-39.403
-27.845
-34.411
-18.443
-25.522
-50.917
-41.84
-27.99
-27.864
-33.567
-32.253
-23.952
-33.319
-47.307
-42.721
-41.266
-33.347
-31.388
-41.294
-39.371
-30.241
-21.285
-27.247
-40.336
-33.301
-36.382
-33.373
-51.741
-32.44
-32.89
-32.89
-32.89
-32.89
-32.89
-32.89
-32.89
-32.89
-32.89
-32.89
-32.89
-32.89
-32.89
-32.89
-32.89
-32.89
-32.89
-32.89
-32.89
-32.89
-32.89
-32.89
-32.89
-32.89
-32.89
-32.89
-32.89
-32.89
-32.89
-32.89
-32.89
-32.89
-32.89
-32.89
-32.89
-32.89
-32.89
-32.89
-32.89
-32.89
-32.89
-32.89
-32.89
-32.89
-32.89
-32.89
-32.89
-32.89
-32.89
-32.89
-32.89
-32.89
-32.89
-32.89
-32.89
-32.89
-32.89
-32.89
-32.89
-32.89
-32.89
-32.89
