331.617
325.797
329.15
347.767
329.837
328.149
326.778
328.649
331.29
322.723
322.52
304.263
299.032
288.367
255.255
246.966
214.003
185.516
141.754
110.862
80.264
69.299
39.975
8.061
-1.47699
-9.38901
-8.547
-16.878
-33.888
-31.055
-28.259
-38.375
-25.437
-32.071
-22.007
-26.996
-37.304
-20.38
-18.506
-24.403
-21.845
-23.411
-33.443
-25.522
-38.917
-24.84
-23.99
-34.864
-26.567
-47.253
-17.952
-45.319
-26.307
-36.721
-30.266
-27.347
-43.388
-31.294
-34.371
-42.241
-41.285
-31.247
-38.336
-31.301
-27.382
-53.373
-42.741
-30.44
-38.89
-38.89
-38.89
-38.89
-38.89
-38.89
-38.89
-38.89
-38.89
-38.89
-38.89
-38.89
-38.89
-38.89
-38.89
-38.89
-38.89
-38.89
-38.89
-38.89
-38.89
-38.89
-38.89
-38.89
-38.89
-38.89
-38.89
-38.89
-38.89
-38.89
-38.89
-38.89
-38.89
-38.89
-38.89
-38.89
-38.89
-38.89
-38.89
-38.89
-38.89
-38.89
-38.89
-38.89
-38.89
-38.89
-38.89
-38.89
-38.89
-38.89
-38.89
-38.89
-38.89
-38.89
-38.89
-38.89
-38.89
-38.89
-38.89
-38.89
-38.89
-38.89
