325.617
323.797
322.15
329.767
326.837
323.149
321.778
322.649
318.29
311.723
318.52
298.263
289.032
272.367
253.255
233.966
204.003
176.516
135.754
104.862
74.264
58.299
34.975
6.061
-5.47699
-12.389
-15.547
-19.878
-32.888
-31.055
-34.259
-35.375
-35.437
-39.071
-34.007
-25.996
-32.304
-30.38
-27.506
-28.403
-34.845
-29.411
-38.443
-33.522
-38.917
-34.84
-34.99
-37.864
-37.567
-50.253
-34.952
-45.319
-31.307
-41.721
-42.266
-30.347
-39.388
-39.294
-31.371
-35.241
-48.285
-42.247
-39.336
-34.301
-37.382
-51.373
-42.741
-41.44
-39.89
-39.89
-39.89
-39.89
-39.89
-39.89
-39.89
-39.89
-39.89
-39.89
-39.89
-39.89
-39.89
-39.89
-39.89
-39.89
-39.89
-39.89
-39.89
-39.89
-39.89
-39.89
-39.89
-39.89
-39.89
-39.89
-39.89
-39.89
-39.89
-39.89
-39.89
-39.89
-39.89
-39.89
-39.89
-39.89
-39.89
-39.89
-39.89
-39.89
-39.89
-39.89
-39.89
-39.89
-39.89
-39.89
-39.89
-39.89
-39.89
-39.89
-39.89
-39.89
-39.89
-39.89
-39.89
-39.89
-39.89
-39.89
-39.89
-39.89
-39.89
-39.89
