341.617
319.797
328.15
341.767
322.837
335.149
316.778
334.649
317.29
323.723
313.52
303.263
294.032
281.367
254.255
227.966
199.003
176.516
149.754
114.862
91.264
51.299
38.975
7.061
-0.47699
-12.389
-2.547
-13.878
-29.888
-20.055
-34.259
-21.375
-25.437
-22.071
-26.007
-30.996
-27.304
-26.38
-20.506
-35.403
-28.845
-35.411
-24.443
-26.522
-44.917
-37.84
-34.99
-40.864
-31.567
-37.253
-26.952
-43.319
-45.307
-41.721
-47.266
-38.347
-37.388
-43.294
-40.371
-34.241
-26.285
-34.247
-37.336
-32.301
-31.382
-35.373
-53.741
-40.44
-30.89
-30.89
-30.89
-30.89
-30.89
-30.89
-30.89
-30.89
-30.89
-30.89
-30.89
-30.89
-30.89
-30.89
-30.89
-30.89
-30.89
-30.89
-30.89
-30.89
-30.89
-30.89
-30.89
-30.89
-30.89
-30.89
-30.89
-30.89
-30.89
-30.89
-30.89
-30.89
-30.89
-30.89
-30.89
-30.89
-30.89
-30.89
-30.89
-30.89
-30.89
-30.89
-30.89
-30.89
-30.89
-30.89
-30.89
-30.89
-30.89
-30.89
-30.89
-30.89
-30.89
-30.89
-30.89
-30.89
-30.89
-30.89
-30.89
-30.89
-30.89
-30.89
