323.617
320.797
321.15
321.767
315.837
321.149
320.778
321.649
318.29
308.723
308.52
291.263
284.032
263.367
251.255
226.966
199.003
172.516
136.754
95.862
73.264
50.299
26.975
7.061
-6.47699
-18.389
-13.547
-29.878
-29.888
-35.055
-38.259
-38.375
-40.437
-32.071
-36.007
-36.996
-33.304
-33.38
-39.506
-40.403
-36.845
-39.411
-40.443
-38.522
-38.917
-43.84
-41.99
-41.864
-40.567
-42.253
-41.952
-40.319
-45.307
-43.721
-45.266
-40.347
-47.388
-46.294
-40.371
-45.241
-41.285
-41.247
-41.336
-40.301
-40.382
-46.373
-49.741
-42.44
-43.89
-43.89
-43.89
-43.89
-43.89
-43.89
-43.89
-43.89
-43.89
-43.89
-43.89
-43.89
-43.89
-43.89
-43.89
-43.89
-43.89
-43.89
-43.89
-43.89
-43.89
-43.89
-43.89
-43.89
-43.89
-43.89
-43.89
-43.89
-43.89
-43.89
-43.89
-43.89
-43.89
-43.89
-43.89
-43.89
-43.89
-43.89
-43.89
-43.89
-43.89
-43.89
-43.89
-43.89
-43.89
-43.89
-43.89
-43.89
-43.89
-43.89
-43.89
-43.89
-43.89
-43.89
-43.89
-43.89
-43.89
-43.89
-43.89
-43.89
-43.89
-43.89
