340.617
338.797
332.15
324.767
325.837
342.149
340.778
316.649
315.29
330.723
324.52
305.263
298.032
282.367
261.255
251.966
215.003
202.516
151.754
120.862
98.264
68.299
32.975
24.061
8.52301
3.61099
11.453
-4.87799
-21.888
-19.055
-30.259
-39.375
-38.437
-23.071
-32.007
-20.996
-26.304
-28.38
-27.506
-21.403
-12.845
-10.411
-12.443
-27.522
-33.917
-33.84
-12.99
-32.864
-25.567
-21.253
-30.952
-41.319
-28.307
-32.721
-20.266
-29.347
-26.388
-27.294
-25.371
-48.241
-45.285
-42.247
-19.336
-29.301
-40.382
-30.373
-46.741
-31.44
-47.89
-47.89
-47.89
-47.89
-47.89
-47.89
-47.89
-47.89
-47.89
-47.89
-47.89
-47.89
-47.89
-47.89
-47.89
-47.89
-47.89
-47.89
-47.89
-47.89
-47.89
-47.89
-47.89
-47.89
-47.89
-47.89
-47.89
-47.89
-47.89
-47.89
-47.89
-47.89
-47.89
-47.89
-47.89
-47.89
-47.89
-47.89
-47.89
-47.89
-47.89
-47.89
-47.89
-47.89
-47.89
-47.89
-47.89
-47.89
-47.89
-47.89
-47.89
-47.89
-47.89
-47.89
-47.89
-47.89
-47.89
-47.89
-47.89
-47.89
-47.89
-47.89
