328.617
315.797
321.15
317.767
317.837
326.149
322.778
317.649
319.29
308.723
314.52
292.263
285.032
270.367
249.255
231.966
203.003
172.516
132.754
100.862
76.264
51.299
26.975
12.061
-7.47699
-18.389
-18.547
-23.878
-31.888
-32.055
-34.259
-40.375
-34.437
-35.071
-36.007
-29.996
-35.304
-33.38
-38.506
-39.403
-38.845
-33.411
-39.443
-35.522
-42.917
-37.84
-43.99
-37.864
-35.567
-41.253
-36.952
-45.319
-40.307
-44.721
-45.266
-41.347
-46.388
-47.294
-40.371
-46.241
-46.285
-46.247
-45.336
-45.301
-41.382
-41.373
-43.741
-46.44
-36.89
-36.89
-36.89
-36.89
-36.89
-36.89
-36.89
-36.89
-36.89
-36.89
-36.89
-36.89
-36.89
-36.89
-36.89
-36.89
-36.89
-36.89
-36.89
-36.89
-36.89
-36.89
-36.89
-36.89
-36.89
-36.89
-36.89
-36.89
-36.89
-36.89
-36.89
-36.89
-36.89
-36.89
-36.89
-36.89
-36.89
-36.89
-36.89
-36.89
-36.89
-36.89
-36.89
-36.89
-36.89
-36.89
-36.89
-36.89
-36.89
-36.89
-36.89
-36.89
-36.89
-36.89
-36.89
-36.89
-36.89
-36.89
-36.89
-36.89
-36.89
-36.89
