353.617
320.797
334.15
327.767
324.837
327.149
330.778
326.649
332.29
322.723
330.52
307.263
297.032
293.367
273.255
241.966
225.003
193.516
145.754
117.862
94.264
66.299
26.975
30.061
-3.47699
-5.38901
0.453003
-17.878
-14.888
-21.055
-19.259
-19.375
-32.437
-27.071
-14.007
-23.996
-17.304
-25.38
-23.506
-17.403
-20.845
-17.411
-13.443
-24.522
-27.917
-12.84
-17.99
-38.864
-29.567
-25.253
-26.952
-34.319
-22.307
-39.721
-34.266
-35.347
-24.388
-20.294
-30.371
-32.241
-25.285
-17.247
-27.336
-46.301
-33.382
-35.373
-29.741
-32.44
-25.89
-25.89
-25.89
-25.89
-25.89
-25.89
-25.89
-25.89
-25.89
-25.89
-25.89
-25.89
-25.89
-25.89
-25.89
-25.89
-25.89
-25.89
-25.89
-25.89
-25.89
-25.89
-25.89
-25.89
-25.89
-25.89
-25.89
-25.89
-25.89
-25.89
-25.89
-25.89
-25.89
-25.89
-25.89
-25.89
-25.89
-25.89
-25.89
-25.89
-25.89
-25.89
-25.89
-25.89
-25.89
-25.89
-25.89
-25.89
-25.89
-25.89
-25.89
-25.89
-25.89
-25.89
-25.89
-25.89
-25.89
-25.89
-25.89
-25.89
-25.89
-25.89
