337.617
322.797
340.15
324.767
323.837
328.149
320.778
321.649
328.29
318.723
322.52
298.263
290.032
280.367
257.255
234.966
210.003
196.516
136.754
105.862
84.264
55.299
26.975
11.061
-4.47699
-8.38901
-4.547
-22.878
-25.888
-27.055
-21.259
-31.375
-37.437
-36.071
-24.007
-28.996
-24.304
-28.38
-33.506
-12.403
-30.845
-23.411
-15.443
-34.522
-20.917
-24.84
-23.99
-45.864
-29.567
-30.253
-27.952
-40.319
-33.307
-46.721
-41.266
-43.347
-27.388
-25.294
-35.371
-36.241
-30.285
-25.247
-30.336
-39.301
-43.382
-38.373
-38.741
-44.44
-26.89
-26.89
-26.89
-26.89
-26.89
-26.89
-26.89
-26.89
-26.89
-26.89
-26.89
-26.89
-26.89
-26.89
-26.89
-26.89
-26.89
-26.89
-26.89
-26.89
-26.89
-26.89
-26.89
-26.89
-26.89
-26.89
-26.89
-26.89
-26.89
-26.89
-26.89
-26.89
-26.89
-26.89
-26.89
-26.89
-26.89
-26.89
-26.89
-26.89
-26.89
-26.89
-26.89
-26.89
-26.89
-26.89
-26.89
-26.89
-26.89
-26.89
-26.89
-26.89
-26.89
-26.89
-26.89
-26.89
-26.89
-26.89
-26.89
-26.89
-26.89
-26.89
