324.617
324.617
317.797
317.797
321.15
321.15
317.767
317.767
317.837
317.837
321.149
321.149
317.778
317.778
317.649
317.649
314.29
314.29
310.723
310.723
310.52
310.52
293.263
293.263
286.032
286.032
265.367
265.367
251.255
251.255
226.966
226.966
199.003
199.003
174.516
174.516
132.754
132.754
97.862
97.862
73.264
73.264
52.299
52.299
27.975
27.975
7.061
7.061
-10.477
-10.477
-17.389
-17.389
-17.547
-17.547
-27.878
-27.878
-34.888
-34.888
-35.055
-35.055
-38.259
-38.259
-38.375
-38.375
-38.437
-38.437
-35.071
-35.071
-35.007
-35.007
-34.996
-34.996
-38.304
-38.304
-38.38
-38.38
-38.506
-38.506
-38.403
-38.403
-41.845
-41.845
-38.411
-38.411
-38.443
-38.443
-38.522
-38.522
-41.917
-41.917
-41.84
-41.84
-41.99
-41.99
-41.864
-41.864
-38.567
-38.567
-45.253
-45.253
-41.952
-41.952
-45.319
-45.319
-45.307
-45.307
-48.721
-48.721
-45.266
-45.266
-45.347
-45.347
-45.388
-45.388
-45.294
-45.294
-45.371
-45.371
-45.241
-45.241
-45.285
-45.285
-45.247
-45.247
-45.336
-45.336
-45.301
-45.301
-45.382
-45.382
-45.373
-45.373
-48.741
-48.741
-45.44
-45.44
-41.89
-41.89
-41.89
-41.89
-41.89
-41.89
-41.89
-41.89
-41.89
-41.89
-41.89
-41.89
-41.89
-41.89
-41.89
-41.89
-41.89
-41.89
-41.89
-41.89
-41.89
-41.89
-41.89
-41.89
-41.89
-41.89
-41.89
-41.89
-41.89
-41.89
-41.89
-41.89
-41.89
-41.89
-41.89
-41.89
-41.89
-41.89
-41.89
-41.89
-41.89
-41.89
-41.89
-41.89
-41.89
-41.89
-41.89
-41.89
-41.89
-41.89
-41.89
-41.89
-41.89
-41.89
-41.89
-41.89
-41.89
-41.89
-41.89
-41.89
-41.89
-41.89
-41.89
