332.617
323.797
336.15
332.767
322.837
333.149
325.778
325.649
322.29
307.723
322.52
306.263
283.032
290.367
263.255
236.966
212.003
189.516
141.754
98.862
86.264
66.299
42.975
12.061
-3.47699
-15.389
-8.547
-19.878
-19.888
-16.055
-22.259
-40.375
-25.437
-24.071
-28.007
-21.996
-19.304
-25.38
-28.506
-38.403
-19.845
-29.411
-31.443
-26.522
-43.917
-33.84
-39.99
-26.864
-25.567
-26.253
-12.952
-38.319
-33.307
-31.721
-23.266
-43.347
-45.388
-38.294
-23.371
-32.241
-23.285
-35.247
-30.336
-34.301
-50.382
-25.373
-40.741
-33.44
-27.89
-27.89
-27.89
-27.89
-27.89
-27.89
-27.89
-27.89
-27.89
-27.89
-27.89
-27.89
-27.89
-27.89
-27.89
-27.89
-27.89
-27.89
-27.89
-27.89
-27.89
-27.89
-27.89
-27.89
-27.89
-27.89
-27.89
-27.89
-27.89
-27.89
-27.89
-27.89
-27.89
-27.89
-27.89
-27.89
-27.89
-27.89
-27.89
-27.89
-27.89
-27.89
-27.89
-27.89
-27.89
-27.89
-27.89
-27.89
-27.89
-27.89
-27.89
-27.89
-27.89
-27.89
-27.89
-27.89
-27.89
-27.89
-27.89
-27.89
-27.89
-27.89
