324.617
324.797
337.15
320.767
321.837
320.149
326.778
320.649
327.29
326.723
315.52
304.263
298.032
277.367
266.255
238.966
215.003
184.516
141.754
108.862
77.264
65.299
34.975
23.061
-2.47699
-6.38901
-1.547
-31.878
-23.888
-32.055
-30.259
-30.375
-40.437
-30.071
-26.007
-25.996
-31.304
-32.38
-26.506
-42.403
-36.845
-30.411
-22.443
-33.522
-38.917
-23.84
-39.99
-31.864
-34.567
-39.253
-38.952
-45.319
-48.307
-52.721
-30.266
-41.347
-26.388
-49.294
-42.371
-46.241
-45.285
-35.247
-34.336
-30.301
-46.382
-30.373
-44.741
-37.44
-16.89
-16.89
-16.89
-16.89
-16.89
-16.89
-16.89
-16.89
-16.89
-16.89
-16.89
-16.89
-16.89
-16.89
-16.89
-16.89
-16.89
-16.89
-16.89
-16.89
-16.89
-16.89
-16.89
-16.89
-16.89
-16.89
-16.89
-16.89
-16.89
-16.89
-16.89
-16.89
-16.89
-16.89
-16.89
-16.89
-16.89
-16.89
-16.89
-16.89
-16.89
-16.89
-16.89
-16.89
-16.89
-16.89
-16.89
-16.89
-16.89
-16.89
-16.89
-16.89
-16.89
-16.89
-16.89
-16.89
-16.89
-16.89
-16.89
-16.89
-16.89
-16.89
