327.617
317.797
325.15
315.767
320.837
326.149
317.778
316.649
318.29
314.723
313.52
296.263
286.032
269.367
254.255
230.966
203.003
179.516
137.754
100.862
77.264
55.299
25.975
10.061
-7.47699
-13.389
-19.547
-22.878
-30.888
-32.055
-38.259
-40.375
-40.437
-31.071
-35.007
-30.996
-33.304
-34.38
-34.506
-38.403
-38.845
-33.411
-34.443
-39.522
-41.917
-37.84
-38.99
-37.864
-38.567
-45.253
-38.952
-40.319
-42.307
-44.721
-46.266
-47.347
-41.388
-47.294
-47.371
-47.241
-46.285
-46.247
-42.336
-41.301
-45.382
-40.373
-49.741
-41.44
-43.89
-43.89
-43.89
-43.89
-43.89
-43.89
-43.89
-43.89
-43.89
-43.89
-43.89
-43.89
-43.89
-43.89
-43.89
-43.89
-43.89
-43.89
-43.89
-43.89
-43.89
-43.89
-43.89
-43.89
-43.89
-43.89
-43.89
-43.89
-43.89
-43.89
-43.89
-43.89
-43.89
-43.89
-43.89
-43.89
-43.89
-43.89
-43.89
-43.89
-43.89
-43.89
-43.89
-43.89
-43.89
-43.89
-43.89
-43.89
-43.89
-43.89
-43.89
-43.89
-43.89
-43.89
-43.89
-43.89
-43.89
-43.89
-43.89
-43.89
-43.89
-43.89
