333.617
334.797
340.15
335.767
320.837
334.149
329.778
333.649
332.29
319.723
329.52
306.263
289.032
291.367
265.255
239.966
219.003
198.516
142.754
97.862
96.264
62.299
43.975
14.061
3.52301
-13.389
-7.547
-14.878
-8.888
-17.055
-15.259
-38.375
-25.437
-20.071
-28.007
-13.996
-11.304
-22.38
-24.506
-36.403
-14.845
-23.411
-29.443
-13.522
-40.917
-23.84
-32.99
-23.864
-14.567
-22.253
-8.952
-41.319
-27.307
-25.721
-12.266
-41.347
-36.388
-30.294
-11.371
-31.241
-24.285
-30.247
-22.336
-29.301
-44.382
-25.373
-40.741
-22.44
-31.89
-31.89
-31.89
-31.89
-31.89
-31.89
-31.89
-31.89
-31.89
-31.89
-31.89
-31.89
-31.89
-31.89
-31.89
-31.89
-31.89
-31.89
-31.89
-31.89
-31.89
-31.89
-31.89
-31.89
-31.89
-31.89
-31.89
-31.89
-31.89
-31.89
-31.89
-31.89
-31.89
-31.89
-31.89
-31.89
-31.89
-31.89
-31.89
-31.89
-31.89
-31.89
-31.89
-31.89
-31.89
-31.89
-31.89
-31.89
-31.89
-31.89
-31.89
-31.89
-31.89
-31.89
-31.89
-31.89
-31.89
-31.89
-31.89
-31.89
-31.89
-31.89
