328.617
320.797
321.15
319.767
319.837
325.149
336.778
327.649
315.29
321.723
312.52
309.263
291.032
277.367
251.255
228.966
218.003
184.516
138.754
108.862
77.264
48.299
28.975
24.061
9.52301
-15.389
-10.547
-15.878
-28.888
-21.055
-24.259
-34.375
-40.437
-33.071
-20.007
-12.996
-27.304
-23.38
-39.506
-21.403
-27.845
-38.411
-24.443
-37.522
-41.917
-35.84
-41.99
-38.864
-28.567
-48.253
-36.952
-39.319
-35.307
-48.721
-42.266
-32.347
-37.388
-31.294
-36.371
-32.241
-46.285
-46.247
-44.336
-28.301
-41.382
-35.373
-55.741
-36.44
-45.89
-45.89
-45.89
-45.89
-45.89
-45.89
-45.89
-45.89
-45.89
-45.89
-45.89
-45.89
-45.89
-45.89
-45.89
-45.89
-45.89
-45.89
-45.89
-45.89
-45.89
-45.89
-45.89
-45.89
-45.89
-45.89
-45.89
-45.89
-45.89
-45.89
-45.89
-45.89
-45.89
-45.89
-45.89
-45.89
-45.89
-45.89
-45.89
-45.89
-45.89
-45.89
-45.89
-45.89
-45.89
-45.89
-45.89
-45.89
-45.89
-45.89
-45.89
-45.89
-45.89
-45.89
-45.89
-45.89
-45.89
-45.89
-45.89
-45.89
-45.89
-45.89
