-146.589
-146.557
-146.623
-146.545
-153.386
-150.181
-149.964
-150.094
-150.118
-153.52
-153.543
-146.706
-146.558
-146.686
-146.767
-146.521
-139.837
-136.198
-118.885
-115.369
-115.21
-111.739
-108.367
-97.888
-94.304
-87.486
-83.915
-83.742
-83.583
-80.414
-80.425
-80.38
-80.269
-80.261
-80.247
-80.329
-80.385
-80.284
-80.278
-80.32
-80.3
-80.265
-76.77
-80.23
-80.242
-80.294
-76.843
-80.345
-80.301
-80.201
-80.21
-80.275
-80.201
-80.264
-80.274
-80.205
-76.839
-80.171
-80.209
-80.307
-80.265
-80.325
-83.775
-76.843
-76.832
-83.521
-83.521
-83.521
-83.521
-83.521
-83.521
-83.521
-83.521
-83.521
-83.521
-83.521
-83.521
-83.521
-83.521
-83.521
-83.521
-83.521
-83.521
-83.521
-83.521
-83.521
-83.521
-83.521
-83.521
-83.521
-83.521
-83.521
-83.521
-83.521
-83.521
-83.521
-83.521
-83.521
-83.521
-83.521
-83.521
-83.521
-83.521
-83.521
-83.521
-83.521
-83.521
-83.521
-83.521
-83.521
-83.521
-83.521
-83.521
-83.521
-83.521
-83.521
-83.521
-83.521
-83.521
-83.521
-83.521
-83.521
-83.521
-83.521
-83.521
-83.521
-83.521
-83.521
-83.521
-83.521
