303.684
300.398
303.609
296.657
286.477
282.901
282.576
261.907
251.329
227.103
213.062
178.193
157.228
125.773
97.717
76.854
52.485
31.434
7.203
3.46902
-6.90601
-24.427
-27.858
-41.746
-45.303
-52.229
-59.119
-59.296
-59.227
-55.799
-55.672
-55.644
-55.714
-55.543
-52.202
-52.205
-48.631
-48.666
-48.639
-45.199
-45.23
-45.245
-41.955
-41.901
-45.254
-41.747
-41.873
-38.433
-35.007
-34.899
-34.877
-34.908
-34.906
-31.555
-31.474
-31.474
-31.336
-31.297
-31.342
-27.973
-27.904
-27.812
-24.613
-27.926
-27.814
-34.894
-34.894
-34.894
-34.894
-34.894
-34.894
-34.894
-34.894
-34.894
-34.894
-34.894
-34.894
-34.894
-34.894
-34.894
-34.894
-34.894
-34.894
-34.894
-34.894
-34.894
-34.894
-34.894
-34.894
-34.894
-34.894
-34.894
-34.894
-34.894
-34.894
-34.894
-34.894
-34.894
-34.894
-34.894
-34.894
-34.894
-34.894
-34.894
-34.894
-34.894
-34.894
-34.894
-34.894
-34.894
-34.894
-34.894
-34.894
-34.894
-34.894
-34.894
-34.894
-34.894
-34.894
-34.894
-34.894
-34.894
-34.894
-34.894
-34.894
-34.894
-34.894
-34.894
-34.894
-34.894
