334.996
338.389
338.37
338.329
338.374
338.382
335.207
338.355
338.366
335.133
338.365
338.373
338.402
338.375
335.044
334.993
338.364
338.42
338.35
338.402
335.061
331.632
331.548
307.216
272.221
219.793
167.297
115.335
59.514
7.16599
-24.316
-34.884
-34.78
-38.407
-34.799
-31.33
-38.238
-34.841
-38.285
-31.412
-34.822
-38.288
-38.259
-38.286
-41.739
-45.19
-41.834
-41.831
-41.767
-41.811
-41.777
-41.64
-41.798
-41.841
-41.872
-38.423
-41.671
-41.743
-41.759
-45.155
-41.906
-45.143
-45.229
-41.681
-41.734
-41.727
-41.925
-38.422
-41.866
-45.15
-45.122
-41.707
-38.428
-38.378
-38.433
-41.744
-41.777
-41.793
-38.396
-38.45
-41.863
-41.863
-41.863
-41.863
-41.863
-41.863
-41.863
-41.863
-41.863
-41.863
-41.863
-41.863
-41.863
-41.863
-41.863
-41.863
-41.863
-41.863
-41.863
-41.863
-41.863
-41.863
-41.863
-41.863
-41.863
-41.863
-41.863
-41.863
-41.863
-41.863
-41.863
-41.863
-41.863
-41.863
-41.863
-41.863
-41.863
-41.863
-41.863
-41.863
-41.863
-41.863
-41.863
-41.863
-41.863
-41.863
-41.863
-41.863
-41.863
-41.863
