-136.257
-136.22
-139.405
-136.233
-139.422
-139.42
-139.41
-139.374
-139.352
-136.111
-132.551
-122.166
-118.549
-118.603
-118.578
-118.621
-139.643
-142.874
-139.447
-142.871
-146.526
-157.184
-163.962
-163.791
-153.622
-139.841
-139.832
-139.65
-139.622
-139.614
-139.448
-136.172
-136.122
-136.088
-136.077
-132.823
-132.791
-136.027
-135.995
-136.028
-139.353
-139.409
-139.461
-139.48
-139.515
-139.619
-139.734
-139.768
-139.799
-139.794
-139.786
-139.686
-139.727
-139.71
-139.665
-139.637
-139.672
-139.661
-139.583
-139.664
-139.651
-139.581
-139.577
-139.577
-139.577
-139.577
-139.577
-139.577
-139.577
-139.577
-139.577
-139.577
-139.577
-139.577
-139.577
-139.577
-139.577
-139.577
-139.577
-139.577
-139.577
-139.577
-139.577
-139.577
-139.577
-139.577
-139.577
-139.577
-139.577
-139.577
-139.577
-139.577
-139.577
-139.577
-139.577
-139.577
-139.577
-139.577
-139.577
-139.577
-139.577
-139.577
-139.577
-139.577
-139.577
-139.577
-139.577
-139.577
-139.577
-139.577
-139.577
-139.577
-139.577
-139.577
-139.577
-139.577
-139.577
-139.577
-139.577
-139.577
-139.577
-139.577
-139.577
-139.577
-139.577
-139.577
-139.577
-139.577
-139.577
-139.577
