314.141
314.096
317.637
317.595
320.875
317.604
320.868
317.6
317.628
314.149
307.144
293.282
286.047
265.091
237.466
212.821
167.5
164.153
184.897
212.985
233.71
244.469
254.736
244.471
240.862
233.821
230.255
216.448
216.323
216.332
219.841
233.815
240.928
254.778
265.088
268.807
275.816
286.13
293.08
293.229
296.67
296.871
300.245
303.66
307.145
310.603
310.586
310.633
314.102
317.448
314.108
314.043
314.222
314.177
314.167
314.108
314.08
314.154
314.144
317.419
314.039
314.092
317.599
317.599
317.599
317.599
317.599
317.599
317.599
317.599
317.599
317.599
317.599
317.599
317.599
317.599
317.599
317.599
317.599
317.599
317.599
317.599
317.599
317.599
317.599
317.599
317.599
317.599
317.599
317.599
317.599
317.599
317.599
317.599
317.599
317.599
317.599
317.599
317.599
317.599
317.599
317.599
317.599
317.599
317.599
317.599
317.599
317.599
317.599
317.599
317.599
317.599
317.599
317.599
317.599
317.599
317.599
317.599
317.599
317.599
317.599
317.599
317.599
317.599
317.599
317.599
317.599
317.599
317.599
317.599
