-21.016
-20.977
-20.94
-21.073
-17.586
-17.549
-17.569
-20.873
-17.535
-20.933
-17.596
-20.908
-20.901
-17.556
-20.987
-17.493
-20.888
-17.624
-20.952
-20.915
-17.509
-13.989
0.0119934
10.646
35
59.356
83.77
111.634
118.685
160.578
178.043
195.725
216.504
230.22
233.937
230.529
226.855
209.478
192.116
171.006
122.12
115.233
87.25
52.395
31.231
3.479
-17.385
-24.415
-31.508
-41.752
-45.287
-45.25
-41.831
-41.789
-38.476
-41.708
-31.523
-24.554
-24.464
-24.474
-24.47
-24.465
-24.389
-24.423
-24.443
-21.026
-17.616
-21.008
-21.062
-24.458
-21.023
-21
-24.436
-24.454
-24.462
-24.47
-27.89
-27.938
-24.505
-24.608
-24.603
-24.586
-27.91
-27.924
-24.518
-24.518
-24.518
-24.518
-24.518
-24.518
-24.518
-24.518
-24.518
-24.518
-24.518
-24.518
-24.518
-24.518
-24.518
-24.518
-24.518
-24.518
-24.518
-24.518
-24.518
-24.518
-24.518
-24.518
-24.518
-24.518
-24.518
-24.518
-24.518
-24.518
-24.518
-24.518
-24.518
-24.518
-24.518
-24.518
-24.518
-24.518
-24.518
-24.518
-24.518
-24.518
-24.518
-24.518
-24.518
-24.518
