-122.083
-118.602
-118.558
-115.08
-108.153
-108.036
-87.372
-66.446
-62.691
-48.702
-55.601
-59.305
-59.167
-56.04
-59.333
-59.44
-59.468
-59.344
-59.407
-59.37
-59.337
-56.11
-59.23
-59.233
-59.247
-59.23
-59.297
-59.284
-59.197
-55.891
-56.026
-55.948
-55.889
-55.934
-56.053
-55.971
-56.094
-55.941
-59.213
-55.9
-59.321
-59.321
-59.321
-59.321
-59.321
-59.321
-59.321
-59.321
-59.321
-59.321
-59.321
-59.321
-59.321
-59.321
-59.321
-59.321
-59.321
-59.321
-59.321
-59.321
-59.321
-59.321
-59.321
-59.321
-59.321
-59.321
-59.321
-59.321
-59.321
-59.321
-59.321
-59.321
-59.321
-59.321
-59.321
-59.321
-59.321
-59.321
-59.321
-59.321
-59.321
-59.321
-59.321
-59.321
-59.321
-59.321
-59.321
-59.321
-59.321
-59.321
-59.321
-59.321
-59.321
-59.321
-59.321
-59.321
-59.321
-59.321
-59.321
-59.321
-59.321
-59.321
-59.321
-59.321
-59.321
-59.321
-59.321
-59.321
-59.321
-59.321
-59.321
-59.321
-59.321
-59.321
-59.321
-59.321
-59.321
-59.321
-59.321
-59.321
-59.321
-59.321
-59.321
-59.321
-59.321
-59.321
-59.321
-59.321
-59.321
-59.321
