327.976
321.009
303.72
282.72
251.396
199.034
146.713
90.555
35.031
-10.553
-24.375
-27.82
-34.906
-38.384
-34.762
-31.412
-28.093
-34.783
-28.069
-31.432
-34.746
-34.903
-38.259
-38.268
-41.868
-45.306
-41.906
-41.756
-45.175
-45.319
-45.26
-45.454
-48.789
-45.475
-41.645
-41.865
-38.21
-41.816
-34.859
-41.788
-41.687
-41.687
-41.687
-41.687
-41.687
-41.687
-41.687
-41.687
-41.687
-41.687
-41.687
-41.687
-41.687
-41.687
-41.687
-41.687
-41.687
-41.687
-41.687
-41.687
-41.687
-41.687
-41.687
-41.687
-41.687
-41.687
-41.687
-41.687
-41.687
-41.687
-41.687
-41.687
-41.687
-41.687
-41.687
-41.687
-41.687
-41.687
-41.687
-41.687
-41.687
-41.687
-41.687
-41.687
-41.687
-41.687
-41.687
-41.687
-41.687
-41.687
-41.687
-41.687
-41.687
-41.687
-41.687
-41.687
-41.687
-41.687
-41.687
-41.687
-41.687
-41.687
-41.687
-41.687
-41.687
-41.687
-41.687
-41.687
-41.687
-41.687
-41.687
-41.687
-41.687
-41.687
-41.687
-41.687
-41.687
-41.687
-41.687
-41.687
-41.687
-41.687
-41.687
-41.687
-41.687
-41.687
-41.687
-41.687
-41.687
-41.687
