-48.77
-52.25
-55.7
-55.907
-59.292
-62.89
-80.186
-87.159
-94.231
-111.608
-115.229
-122.11
-125.665
-129.11
-125.522
-118.591
-115.034
-111.387
-90.604
-80.544
-66.363
-55.99
-52.277
-48.796
-52.392
-55.807
-59.304
-62.777
-69.747
-76.659
-80.195
-80.304
-83.559
-83.531
-80.239
-79.902
-73.09
-62.697
-55.869
-52.317
-48.749
-45.414
-48.66
-48.864
-52.151
-52.336
-55.819
-55.85
-59.335
-62.834
-62.922
-66.286
-66.296
-62.787
-59.352
-55.986
-55.875
-52.498
-52.26
-52.288
-49.075
-52.295
-55.564
-55.555
-52.423
-55.554
-52.467
-55.656
-55.682
-55.638
-52.508
-52.356
-52.316
-52.262
-52.245
-48.937
-52.104
-41.967
-38.607
-52.256
-52.256
-52.256
-52.256
-52.256
-52.256
-52.256
-52.256
-52.256
-52.256
-52.256
-52.256
-52.256
-52.256
-52.256
-52.256
-52.256
-52.256
-52.256
-52.256
-52.256
-52.256
-52.256
-52.256
-52.256
-52.256
-52.256
-52.256
-52.256
-52.256
-52.256
-52.256
-52.256
-52.256
-52.256
-52.256
-52.256
-52.256
-52.256
-52.256
-52.256
-52.256
-52.256
-52.256
-52.256
-52.256
-52.256
-52.256
-52.256
-52.256
-52.256
