363.293
366.452
366.412
363.105
362.983
362.927
359.556
349.039
338.804
335.064
314.418
310.686
307.208
307.219
313.994
310.829
321.192
338.542
345.592
359.659
369.823
370.118
370.052
370.112
366.62
366.735
369.859
366.463
366.565
366.656
370.038
370.055
369.963
369.931
369.992
369.878
369.965
366.608
369.997
369.897
373.347
373.302
369.986
370.067
373.274
370.078
373.605
376.983
377.041
373.589
370.142
373.541
376.983
376.849
376.896
373.521
373.494
373.388
373.31
373.44
373.379
373.386
366.632
370.102
369.982
373.485
370.037
370.003
370.039
366.602
366.594
366.624
366.664
366.662
366.651
366.629
366.56
363.169
366.375
366.476
366.476
366.476
366.476
366.476
366.476
366.476
366.476
366.476
366.476
366.476
366.476
366.476
366.476
366.476
366.476
366.476
366.476
366.476
366.476
366.476
366.476
366.476
366.476
366.476
366.476
366.476
366.476
366.476
366.476
366.476
366.476
366.476
366.476
366.476
366.476
366.476
366.476
366.476
366.476
366.476
366.476
366.476
366.476
366.476
366.476
366.476
366.476
366.476
366.476
366.476
