-132.675
-132.663
-132.709
-132.839
-153.429
-163.839
-181.488
-195.513
-216.339
-233.746
-244.171
-247.653
-247.89
-247.893
-247.874
-244.515
-237.142
-219.842
-195.346
-164.282
-150.009
-135.956
-135.993
-139.556
-146.5
-156.972
-160.449
-160.582
-160.625
-163.763
-150.092
-139.57
-136.058
-129.263
-129.193
-132.659
-135.892
-132.485
-132.703
-132.706
-132.65
-132.651
-132.632
-132.651
-132.67
-132.578
-135.92
-132.706
-132.644
-132.659
-132.636
-132.544
-132.667
-132.674
-132.421
-139.387
-139.387
-139.387
-139.387
-139.387
-139.387
-139.387
-139.387
-139.387
-139.387
-139.387
-139.387
-139.387
-139.387
-139.387
-139.387
-139.387
-139.387
-139.387
-139.387
-139.387
-139.387
-139.387
-139.387
-139.387
-139.387
-139.387
-139.387
-139.387
-139.387
-139.387
-139.387
-139.387
-139.387
-139.387
-139.387
-139.387
-139.387
-139.387
-139.387
-139.387
-139.387
-139.387
-139.387
-139.387
-139.387
-139.387
-139.387
-139.387
-139.387
-139.387
-139.387
-139.387
-139.387
-139.387
-139.387
-139.387
-139.387
-139.387
-139.387
-139.387
-139.387
-139.387
-139.387
-139.387
-139.387
-139.387
-139.387
-139.387
-139.387
-139.387
-139.387
-139.387
-139.387
-139.387
