-56.057
-59.241
-59.228
-59.227
-59.238
-59.32
-59.415
-59.358
-59.434
-59.386
-59.401
-59.385
-59.408
-59.378
-59.259
-59.288
-59.344
-59.335
-59.381
-59.319
-59.32
-59.295
-56.149
-56.05
-55.965
-55.833
-38.515
-31.471
-20.923
-3.336
0.0910034
3.60501
0.248993
17.326
21.031
24.53
28.003
31.507
42.016
55.712
63.04
80.113
90.737
108.354
118.515
118.66
135.845
142.902
143.256
143.282
143.245
143.146
143.167
143.114
143.179
143.153
143.204
143.212
139.75
139.425
122.188
115.098
104.614
80.273
59.328
45.31
31.539
24.467
7.05197
3.54401
-0.00701904
-13.908
-20.908
-24.287
-24.277
-28.028
-38.435
-52.224
-52.429
-56.109
-66.528
-73.469
-80.162
-83.614
-83.59
-80.322
-80.203
-76.76
-69.847
-62.994
-59.553
-59.386
-55.999
-55.96
-55.888
-55.85
-55.875
-55.909
-55.906
-55.937
-59.182
-59.368
-59.429
-59.498
-59.498
-59.498
-59.498
-59.498
-59.498
-59.498
-59.498
-59.498
-59.498
-59.498
-59.498
-59.498
-59.498
-59.498
-59.498
-59.498
-59.498
-59.498
-59.498
-59.498
-59.498
-59.498
-59.498
-59.498
-59.498
-59.498
