3.59698
3.617
3.56403
3.59299
3.61301
0.243988
0.184998
0.237
0.192993
0.0269775
-3.33899
-3.55801
-10.401
-20.759
-27.797
-31.361
-34.952
-48.81
-55.77
-59.37
-59.597
-62.99
-66.458
-69.789
-69.77
-66.372
-59.674
-59.565
-56.06
-52.402
-35.221
-34.996
-28.136
-24.484
-17.462
-10.468
-7.17398
-7.22
-10.662
-17.449
-20.998
-28.005
-31.536
-35.009
-38.629
-52.314
-55.936
-62.638
-66.179
-66.322
-66.284
-66.219
-62.745
-59.299
-48.883
-42.002
-38.416
-34.85
-24.552
-17.461
-10.585
-6.99399
-3.487
-6.79501
-6.97501
-3.61102
-7.117
-10.668
-17.63
-24.496
-31.462
-34.907
-38.229
-38.331
-38.356
-34.934
-34.778
-31.305
-27.936
-17.446
-13.983
-10.572
-3.543
-3.35202
3.48901
10.398
13.762
13.843
13.793
10.433
10.358
3.49799
0.0569763
-3.535
-3.52301
-7.01498
-6.901
-10.441
-10.487
-13.859
-10.429
-10.332
-10.357
-6.95599
-10.245
-10.322
-3.46802
-7.103
-6.95102
-6.95102
-6.95102
-6.95102
-6.95102
-6.95102
-6.95102
-6.95102
-6.95102
-6.95102
-6.95102
-6.95102
-6.95102
-6.95102
-6.95102
-6.95102
-6.95102
-6.95102
-6.95102
-6.95102
-6.95102
-6.95102
