349.07
349.106
352.34
352.334
352.311
348.926
345.489
348.906
348.937
345.551
345.572
342.226
342.039
342.067
342.107
341.99
338.621
335.176
335.033
331.529
324.627
321.199
314.336
314.315
314.286
321.191
324.807
331.624
335.149
338.638
342.077
342.216
349.077
352.519
352.565
349.023
342.187
349.023
345.663
345.737
345.68
345.619
345.641
342.186
338.77
338.781
338.584
335.239
335.261
335.246
335.282
338.591
338.741
338.637
342.159
345.611
349.088
355.962
359.361
359.327
355.863
348.933
349.011
348.958
349.01
349.012
349.051
352.495
349.036
345.705
345.65
349.053
349.018
349.052
349.034
349.005
349.005
355.903
355.933
359.392
359.366
359.431
359.343
355.88
345.685
345.714
348.912
345.673
348.891
345.513
345.463
342.044
345.489
345.427
348.906
349.114
352.517
345.715
349.128
349.166
349.172
349.016
345.62
345.6
345.617
345.578
352.415
345.609
345.491
345.491
345.491
345.491
345.491
345.491
345.491
345.491
345.491
345.491
345.491
345.491
345.491
345.491
345.491
345.491
345.491
345.491
345.491
345.491
345.491
345.491
