-17.491
-17.542
-14.098
-17.46
-17.481
-20.742
-17.499
-20.808
-20.833
-17.433
-14.083
-14.101
-14.14
-14.161
-14.14
-14.098
-14.123
-10.748
-14.105
-13.985
-13.981
-10.71
-13.942
-10.554
-10.533
-10.616
-10.543
-10.543
-13.85
-13.903
-7.28003
-7.20102
-7.241
-7.03702
-3.66599
3.43301
10.435
20.824
31.181
45.286
55.77
73.205
83.668
97.717
111.433
115.13
129.126
132.55
156.998
164.063
184.865
184.934
195.357
212.714
216.301
219.962
233.775
240.627
240.664
240.761
240.717
237.336
237.37
233.906
226.974
219.833
216.43
212.795
198.961
188.531
181.435
167.431
139.55
125.555
111.772
108.213
97.531
79.954
55.835
48.737
31.437
20.976
6.965
-3.49701
-13.99
-21.039
-27.924
-31.325
-31.51
-34.846
-38.239
-31.552
-34.748
-31.435
-31.452
-31.285
-31.245
-27.934
-27.923
-27.779
-27.728
-24.389
-21.102
-21.126
-24.365
-24.445
-24.433
-24.432
-24.435
-24.502
-24.389
-21.109
-24.3
-24.308
-24.382
-24.382
-24.382
-24.382
-24.382
-24.382
-24.382
-24.382
-24.382
-24.382
-24.382
-24.382
-24.382
-24.382
-24.382
-24.382
