-129.143
-125.757
-125.773
-125.682
-125.638
-125.714
-129.052
-125.757
-125.718
-125.669
-125.77
-125.731
-125.708
-125.691
-125.748
-125.59
-122.297
-129.257
-129.238
-132.809
-136.203
-146.551
-146.562
-153.629
-167.467
-184.989
-199.103
-227.002
-251.239
-261.985
-265.322
-261.912
-258.458
-233.825
-219.868
-202.306
-192.061
-174.639
-167.676
-150.247
-146.61
-135.993
-125.629
-118.938
-122.165
-122.089
-118.677
-115.392
-115.374
-115.33
-115.355
-118.716
-118.765
-118.79
-118.915
-122.169
-125.735
-125.807
-129.189
-129.212
-129.238
-129.188
-129.247
-132.678
-132.688
-136.001
-136.003
-136.003
-136.003
-136.003
-136.003
-136.003
-136.003
-136.003
-136.003
-136.003
-136.003
-136.003
-136.003
-136.003
-136.003
-136.003
-136.003
-136.003
-136.003
-136.003
-136.003
-136.003
-136.003
-136.003
-136.003
-136.003
-136.003
-136.003
-136.003
-136.003
-136.003
-136.003
-136.003
-136.003
-136.003
-136.003
-136.003
-136.003
-136.003
-136.003
-136.003
-136.003
-136.003
-136.003
-136.003
-136.003
-136.003
-136.003
-136.003
-136.003
-136.003
-136.003
-136.003
-136.003
-136.003
-136.003
-136.003
-136.003
-136.003
-136.003
-136.003
-136.003
-136.003
-136.003
