314.254
314.247
314.248
317.676
317.65
317.439
314.078
314.122
314.181
317.584
321.262
317.77
321.011
317.751
310.76
307.247
303.782
282.825
275.584
254.661
247.588
223.636
219.977
212.862
195.552
188.489
191.877
195.384
212.885
226.974
237.417
230.348
226.838
202.373
195.449
195.492
195.564
199.075
216.339
219.921
226.896
244.161
247.808
254.721
275.429
279.238
286.038
296.473
303.61
303.767
310.638
320.944
321.057
321.095
321.116
324.39
320.959
321.05
321.068
321.044
324.558
321.146
324.566
324.575
324.607
324.633
327.787
327.787
327.787
327.787
327.787
327.787
327.787
327.787
327.787
327.787
327.787
327.787
327.787
327.787
327.787
327.787
327.787
327.787
327.787
327.787
327.787
327.787
327.787
327.787
327.787
327.787
327.787
327.787
327.787
327.787
327.787
327.787
327.787
327.787
327.787
327.787
327.787
327.787
327.787
327.787
327.787
327.787
327.787
327.787
327.787
327.787
327.787
327.787
327.787
327.787
327.787
327.787
327.787
327.787
327.787
327.787
327.787
327.787
327.787
327.787
327.787
327.787
327.787
327.787
