-132.616
-132.711
-129.364
-132.552
-129.374
-132.777
-132.654
-136.028
-139.566
-146.521
-156.986
-160.561
-164.199
-181.493
-188.594
-209.242
-219.808
-233.811
-244.292
-268.542
-272.157
-279.281
-296.584
-303.479
-306.893
-306.98
-306.939
-300.332
-299.936
-279.259
-272.226
-261.761
-244.4
-226.807
-216.226
-191.898
-178.09
-160.539
-150.101
-136.13
-125.786
-122.378
-125.713
-132.615
-146.515
-150.156
-157.132
-174.517
-181.402
-198.912
-205.853
-206.145
-223.355
-233.634
-233.86
-230.554
-230.563
-230.505
-230.365
-226.86
-212.988
-205.914
-199.038
-181.54
-171.09
-164.064
-150.14
-139.808
-136.14
-122.363
-118.935
-125.739
-136.226
-139.815
-146.78
-164.005
-167.659
-174.678
-195.446
-202.227
-199.348
-212.809
-223.181
-220.093
-220.081
-220.017
-216.558
-205.956
-199.14
-195.582
-185.155
-171.078
-167.362
-146.909
-139.726
-132.739
-115.517
-115.461
-115.468
-115.512
-118.822
-118.962
-129.042
-136.044
-139.556
-139.65
-143.056
-143.221
-143.269
-143.212
-143.144
-143.076
-142.938
-139.643
-139.585
-139.537
-132.746
-132.676
-129.25
-129.04
-125.792
-125.694
-122.32
-125.646
-129.188
-125.696
-129.078
-125.83
-125.83
-125.83
