335
331.803
331.729
331.754
331.727
331.733
331.632
331.615
331.709
331.688
331.565
331.591
324.624
321.131
310.775
307.248
310.585
307.218
306.993
303.533
279.448
279.176
279.233
275.809
275.754
275.857
279.042
279.209
282.647
282.555
289.717
306.846
307.208
310.731
317.625
327.86
331.395
331.516
331.612
331.564
335.029
335.066
334.959
334.996
331.717
331.453
331.546
331.497
328.143
327.917
324.474
317.539
321.027
321.071
320.977
320.912
317.619
321.075
320.959
317.58
321.042
324.454
327.88
327.857
331.389
331.472
331.441
331.786
334.948
335.003
335.003
334.957
334.862
335.097
331.58
331.477
331.534
321.205
324.566
317.738
310.703
307.375
307.388
310.641
307.373
310.645
310.762
307.348
310.783
314.045
317.477
324.455
331.343
328.121
335.049
334.948
335.012
334.975
334.997
334.993
334.909
334.86
331.69
334.925
334.988
331.829
335.158
335.161
335.219
335.224
335.188
335.198
335.109
331.792
335.049
335.075
335.006
334.998
335.046
335.03
335.049
335.074
335
335.072
334.84
331.683
335.006
334.977
334.977
334.977
