-118.984
-119.013
-122.263
-122.247
-122.277
-122.303
-122.26
-122.306
-122.305
-122.21
-118.824
-118.802
-118.675
-111.734
-111.602
-97.819
-94.26
-90.616
-76.8
-69.791
-66.199
-62.895
-62.78
-59.19
-52.415
-48.955
-55.834
-55.838
-52.457
-55.935
-59.256
-55.929
-59.239
-55.875
-55.909
-59.129
-55.813
-55.758
-55.833
-55.72
-55.69
-55.771
-55.722
-55.667
-55.649
-55.827
-55.663
-55.691
-55.82
-55.749
-52.496
-52.486
-52.458
-55.736
-55.794
-55.761
-55.734
-52.519
-55.797
-55.81
-52.59
-55.799
-52.512
-52.591
-52.512
-55.707
-42.051
-45.466
-48.978
-48.978
-48.978
-48.978
-48.978
-48.978
-48.978
-48.978
-48.978
-48.978
-48.978
-48.978
-48.978
-48.978
-48.978
-48.978
-48.978
-48.978
-48.978
-48.978
-48.978
-48.978
-48.978
-48.978
-48.978
-48.978
-48.978
-48.978
-48.978
-48.978
-48.978
-48.978
-48.978
-48.978
-48.978
-48.978
-48.978
-48.978
-48.978
-48.978
-48.978
-48.978
-48.978
-48.978
-48.978
-48.978
-48.978
-48.978
-48.978
-48.978
-48.978
-48.978
-48.978
-48.978
-48.978
-48.978
-48.978
-48.978
-48.978
-48.978
-48.978
-48.978
